1761839802188 1.6306103467941284 0
1761839802244 1.3994487524032593 1
1761839802302 1.2536393404006958 2
1761839802359 1.1656726598739624 3
1761839802416 1.075677514076233 4
1761839802473 1.0018311738967896 5
1761839802527 0.9537968635559082 6
1761839802579 0.9164522886276245 7
1761839802630 0.8799011707305908 8
1761839802681 0.8486136198043823 9
1761839802731 0.8166927099227905 10
1761839802784 0.78582763671875 11
1761839802834 0.7622252702713013 12
1761839802885 0.739229679107666 13
1761839802938 0.7193861603736877 14
1761839802991 0.7019249796867371 15
1761839803044 0.6832704544067383 16
1761839803096 0.6665538549423218 17
1761839803149 0.6515859961509705 18
1761839803202 0.6359753012657166 19
1761839803254 0.624112069606781 20
1761839803305 0.6153162717819214 21
1761839803357 0.6086571216583252 22
1761839803410 0.5972546935081482 23
1761839803463 0.5845991969108582 24
1761839803513 0.5755839943885803 25
