1761839802188 1.7636542320251465 0
1761839802244 0.8442522883415222 1
1761839802302 0.3882485628128052 2
1761839802359 0.8366487622261047 3
1761839802416 0.6187239289283752 4
1761839802473 0.40603387355804443 5
1761839802527 1.1413993835449219 6
1761839802579 1.0153919458389282 7
1761839802630 0.5111570358276367 8
1761839802681 1.213570237159729 9
1761839802731 0.1449606567621231 10
1761839802784 0.5388654470443726 11
1761839802834 0.9092239737510681 12
1761839802885 0.8307333588600159 13
1761839802938 0.10492058843374252 14
1761839802991 1.4921929836273193 15
1761839803044 0.6338828206062317 16
1761839803096 0.6639708280563354 17
1761839803149 0.12727896869182587 18
1761839803202 0.2952185571193695 19
1761839803254 1.2398486137390137 20
1761839803305 0.9982904195785522 21
1761839803357 0.520792543888092 22
1761839803410 0.8700649738311768 23
1761839803463 0.2280331254005432 24
1761839803513 0.5651214718818665 25
