1761839561987 1.857627034187317 0
1761839562061 1.6634254455566406 1
1761839562139 1.5459691286087036 2
1761839562217 1.4566329717636108 3
1761839562299 1.40362548828125 4
1761839562375 1.3305084705352783 5
1761839562449 1.2784911394119263 6
1761839562521 1.2306636571884155 7
1761839562593 1.1850764751434326 8
1761839562666 1.160404920578003 9
1761839562738 1.1309752464294434 10
1761839562810 1.10979163646698 11
1761839562884 1.0879610776901245 12
1761839562957 1.0600570440292358 13
1761839563036 1.0330747365951538 14
1761839563109 1.0108932256698608 15
1761839563182 0.9932929277420044 16
1761839563252 0.9785413146018982 17
1761839563322 0.9641159772872925 18
1761839563392 0.9460049867630005 19
1761839563463 0.9303687810897827 20
1761839563534 0.9178929924964905 21
1761839563604 0.9044217467308044 22
1761839563674 0.8907111287117004 23
1761839563744 0.8772855401039124 24
1761839563815 0.864065945148468 25
1761839563885 0.8537501096725464 26
1761839563963 0.8444469571113586 27
1761839564039 0.8339022397994995 28
1761839564112 0.8216310739517212 29
1761839564183 0.8104745745658875 30
1761839564258 0.7995209097862244 31
1761839564335 0.7895203232765198 32
1761839564411 0.7799645066261292 33
1761839564489 0.7719135284423828 34
1761839564567 0.7639544010162354 35
1761839564642 0.7576035261154175 36
1761839564716 0.7490540146827698 37
1761839564789 0.7396471500396729 38
1761839564862 0.7303296327590942 39
1761839564933 0.72182297706604 40
1761839565007 0.7139927744865417 41
1761839565081 0.7042165994644165 42
1761839565152 0.6967852115631104 43
1761839565224 0.6880858540534973 44
1761839565296 0.6795768737792969 45
1761839565367 0.6709644794464111 46
1761839565438 0.6637839674949646 47
1761839565509 0.6566805839538574 48
1761839565581 0.6497343182563782 49
1761839565649 0.6422704458236694 50
1761839565721 0.6362528204917908 51
1761839565791 0.6299973726272583 52
1761839565863 0.6249123811721802 53
1761839565932 0.6194422245025635 54
1761839566003 0.6135951280593872 55
1761839566075 0.6074700355529785 56
1761839566146 0.6015281081199646 57
1761839566216 0.5956932902336121 58
1761839566288 0.5894978046417236 59
1761839566359 0.5841220617294312 60
1761839566430 0.5788806676864624 61
1761839566501 0.5734630823135376 62
1761839566573 0.5679922103881836 63
1761839566644 0.563317596912384 64
1761839566716 0.5583255887031555 65
1761839566788 0.5537981986999512 66
1761839566860 0.5493997931480408 67
1761839566930 0.5448294878005981 68
1761839567004 0.541023313999176 69
1761839567075 0.5366413593292236 70
1761839567146 0.532151460647583 71
1761839567215 0.5278898477554321 72
1761839567286 0.5237592458724976 73
1761839567357 0.5205815434455872 74
1761839567428 0.5172351002693176 75
1761839567498 0.5136891603469849 76
1761839567570 0.510356068611145 77
1761839567642 0.507662832736969 78
1761839567714 0.5046308636665344 79
1761839567785 0.5018513798713684 80
1761839567858 0.4990425407886505 81
1761839567929 0.4956763684749603 82
1761839568001 0.4925222098827362 83
1761839568074 0.4900577664375305 84
1761839568150 0.48779425024986267 85
1761839568226 0.4848787784576416 86
1761839568301 0.48204153776168823 87
1761839568373 0.47963079810142517 88
1761839568443 0.4770447909832001 89
1761839568515 0.47495582699775696 90
1761839568588 0.4728001058101654 91
1761839568660 0.47040700912475586 92
1761839568731 0.4676867723464966 93
1761839568803 0.46512162685394287 94
1761839568874 0.4629409611225128 95
1761839568945 0.46135303378105164 96
1761839569017 0.4589897394180298 97
1761839569089 0.45701685547828674 98
1761839569162 0.4550257623195648 99
1761839569232 0.4530107080936432 100
1761839569305 0.450630247592926 101
1761839569379 0.4490152895450592 102
1761839569454 0.4469018280506134 103
1761839569531 0.4446442723274231 104
1761839569602 0.4433412551879883 105
1761839569674 0.4415673017501831 106
1761839569746 0.4397507905960083 107
1761839569816 0.43809962272644043 108
1761839569888 0.43657925724983215 109
1761839569959 0.4348108172416687 110
1761839570031 0.4330379366874695 111
1761839570103 0.4310283958911896 112
1761839570175 0.42921683192253113 113
1761839570248 0.4275197982788086 114
1761839570317 0.4261886775493622 115
1761839570388 0.42510005831718445 116
1761839570459 0.4239751398563385 117
1761839570528 0.42302048206329346 118
1761839570599 0.42172589898109436 119
1761839570670 0.4197728633880615 120
1761839570743 0.41826149821281433 121
1761839570813 0.41718509793281555 122
1761839570884 0.41562435030937195 123
1761839570956 0.4147917926311493 124
1761839571029 0.4136457145214081 125
1761839571102 0.41272467374801636 126
1761839571174 0.4119393825531006 127
1761839571246 0.4109798073768616 128
1761839571317 0.4097828269004822 129
1761839571389 0.40906646847724915 130
1761839571461 0.40789496898651123 131
1761839571533 0.4067276418209076 132
1761839571606 0.40572038292884827 133
1761839571675 0.4044382572174072 134
1761839571746 0.40319985151290894 135
1761839571817 0.40197721123695374 136
1761839571889 0.4007660448551178 137
1761839571960 0.3994619846343994 138
1761839572031 0.39844346046447754 139
1761839572106 0.39742422103881836 140
1761839572177 0.3967474699020386 141
1761839572249 0.3957180678844452 142
1761839572322 0.3946484923362732 143
1761839572393 0.39348530769348145 144
1761839572465 0.3925603926181793 145
1761839572535 0.39148518443107605 146
1761839572607 0.3902512490749359 147
1761839572679 0.38933616876602173 148
1761839572757 0.3881954550743103 149
1761839572834 0.38702207803726196 150
1761839572909 0.3860475420951843 151
1761839572987 0.38513490557670593 152
1761839573071 0.3844476044178009 153
1761839573151 0.3833959996700287 154
1761839573228 0.3826729655265808 155
1761839573306 0.38177135586738586 156
1761839573379 0.3810461759567261 157
1761839573457 0.3804507851600647 158
1761839573535 0.37983089685440063 159
1761839573608 0.37922877073287964 160
1761839573679 0.37885501980781555 161
1761839573759 0.37801215052604675 162
1761839573835 0.37721216678619385 163
1761839573910 0.37650659680366516 164
1761839573982 0.3758503794670105 165
1761839574055 0.3751673102378845 166
1761839574128 0.3744252920150757 167
1761839574204 0.37350669503211975 168
1761839574287 0.3727841377258301 169
1761839574368 0.3721294403076172 170
1761839574445 0.3713396191596985 171
1761839574518 0.37056976556777954 172
1761839574591 0.37008750438690186 173
1761839574663 0.369766503572464 174
1761839574736 0.3691290020942688 175
1761839574808 0.3686791956424713 176
1761839574880 0.36786800622940063 177
1761839574952 0.36734291911125183 178
1761839575023 0.3669998347759247 179
1761839575095 0.36632850766181946 180
1761839575168 0.3656332790851593 181
1761839575241 0.3651185631752014 182
1761839575314 0.36430415511131287 183
1761839575388 0.36391279101371765 184
1761839575460 0.36337724328041077 185
1761839575528 0.36271944642066956 186
1761839575597 0.36226189136505127 187
1761839575668 0.3615072965621948 188
1761839575739 0.36106541752815247 189
1761839575811 0.3604373335838318 190
1761839575884 0.3598564565181732 191
1761839575955 0.35927295684814453 192
1761839576029 0.35851508378982544 193
1761839576104 0.3581114709377289 194
1761839576178 0.35739848017692566 195
1761839576251 0.35712045431137085 196
1761839576324 0.35671308636665344 197
1761839576396 0.3563741147518158 198
1761839576470 0.3559477925300598 199
1761839576542 0.35533133149147034 200
1761839576615 0.3549991250038147 201
1761839576687 0.3546656370162964 202
1761839576767 0.3541773557662964 203
1761839576844 0.3537899851799011 204
1761839576918 0.35350000858306885 205
1761839576993 0.35295847058296204 206
1761839577067 0.35263851284980774 207
1761839577140 0.35214078426361084 208
1761839577214 0.35176557302474976 209
1761839577288 0.35110029578208923 210
1761839577359 0.3506788909435272 211
1761839577429 0.3503457009792328 212
1761839577502 0.3500528931617737 213
1761839577572 0.349558562040329 214
1761839577646 0.3492191433906555 215
1761839577719 0.34871047735214233 216
1761839577791 0.34828510880470276 217
1761839577863 0.3479946255683899 218
1761839577935 0.3474254310131073 219
1761839578008 0.3471527695655823 220
1761839578084 0.3468993604183197 221
1761839578156 0.34646156430244446 222
1761839578232 0.34596824645996094 223
1761839578303 0.34545841813087463 224
1761839578375 0.34505438804626465 225
1761839578447 0.3445679545402527 226
1761839578519 0.3440042734146118 227
1761839578591 0.3436183035373688 228
1761839578663 0.34328505396842957 229
1761839578734 0.3430157005786896 230
1761839578807 0.3426073491573334 231
1761839578879 0.3421800434589386 232
1761839578950 0.34193405508995056 233
1761839579023 0.34134989976882935 234
1761839579096 0.3408430814743042 235
1761839579169 0.340302973985672 236
1761839579242 0.3399306833744049 237
1761839579313 0.3395337164402008 238
1761839579385 0.3390839695930481 239
1761839579457 0.3386722207069397 240
1761839579529 0.33823370933532715 241
1761839579602 0.3377555310726166 242
1761839579676 0.3374207615852356 243
1761839579749 0.33715784549713135 244
1761839579822 0.33718234300613403 245
1761839579893 0.3368019759654999 246
1761839579966 0.3364304006099701 247
1761839580038 0.33608612418174744 248
1761839580114 0.33596092462539673 249
1761839580189 0.33566975593566895 250
1761839580263 0.33534911274909973 251
1761839580335 0.33522337675094604 252
1761839580410 0.3349079489707947 253
1761839580482 0.33464258909225464 254
1761839580554 0.33425793051719666 255
1761839580628 0.3338470757007599 256
1761839580701 0.3335305154323578 257
1761839580774 0.33318373560905457 258
1761839580849 0.33273065090179443 259
1761839580921 0.3323553502559662 260
1761839580993 0.3321548104286194 261
1761839581067 0.33178597688674927 262
1761839581141 0.33151453733444214 263
1761839581214 0.33125296235084534 264
1761839581287 0.33096402883529663 265
1761839581360 0.33060726523399353 266
1761839581435 0.3303811848163605 267
1761839581507 0.330183207988739 268
1761839581579 0.3300071060657501 269
1761839581652 0.32962721586227417 270
1761839581724 0.3294469714164734 271
1761839581796 0.3290988802909851 272
1761839581870 0.3289436995983124 273
1761839581943 0.32896193861961365 274
1761839582016 0.32878926396369934 275
1761839582092 0.3284851908683777 276
1761839582167 0.3282187581062317 277
1761839582240 0.32793018221855164 278
1761839582315 0.3275832235813141 279
1761839582390 0.3273349404335022 280
1761839582463 0.3270953893661499 281
1761839582536 0.3268057107925415 282
1761839582609 0.3266041576862335 283
1761839582681 0.3265016973018646 284
1761839582754 0.3263000249862671 285
1761839582826 0.32615357637405396 286
1761839582899 0.3259599804878235 287
1761839582973 0.3256998658180237 288
1761839583048 0.3255139887332916 289
1761839583124 0.32529646158218384 290
1761839583198 0.325130820274353 291
1761839583272 0.32485851645469666 292
1761839583345 0.32448938488960266 293
1761839583418 0.3241442143917084 294
1761839583491 0.32402533292770386 295
1761839583564 0.323678582906723 296
1761839583638 0.32356253266334534 297
1761839583711 0.32328230142593384 298
1761839583784 0.3230436146259308 299
1761839583858 0.3228271007537842 300
1761839583933 0.32261425256729126 301
1761839584006 0.32241329550743103 302
1761839584082 0.3222213089466095 303
1761839584160 0.32208216190338135 304
1761839584234 0.32189351320266724 305
1761839584306 0.3217889666557312 306
1761839584380 0.3216651976108551 307
1761839584454 0.32147085666656494 308
1761839584527 0.321271687746048 309
1761839584600 0.3211430609226227 310
1761839584674 0.3210998475551605 311
1761839584748 0.3208063542842865 312
1761839584821 0.32059988379478455 313
1761839584894 0.3205178678035736 314
1761839584966 0.3202248215675354 315
1761839585042 0.3199787735939026 316
1761839585117 0.3197329044342041 317
1761839585190 0.3195701539516449 318
1761839585263 0.31925472617149353 319
1761839585334 0.31923508644104004 320
1761839585408 0.31889593601226807 321
1761839585481 0.31866133213043213 322
1761839585555 0.31841588020324707 323
1761839585628 0.3182140588760376 324
1761839585702 0.31800559163093567 325
1761839585776 0.3178839683532715 326
1761839585849 0.3177409768104553 327
1761839585924 0.31760281324386597 328
1761839585998 0.31757527589797974 329
1761839586075 0.31730976700782776 330
1761839586153 0.3170858323574066 331
1761839586226 0.31685397028923035 332
1761839586298 0.3166928291320801 333
1761839586370 0.3165495991706848 334
1761839586444 0.3162997364997864 335
1761839586518 0.3160979449748993 336
1761839586592 0.3159535229206085 337
1761839586666 0.31580138206481934 338
1761839586740 0.31580227613449097 339
1761839586813 0.3156243860721588 340
1761839586887 0.3155743479728699 341
1761839586961 0.3152352273464203 342
1761839587035 0.3150244653224945 343
1761839587108 0.3148857355117798 344
1761839587184 0.3147905468940735 345
1761839587257 0.3146270215511322 346
1761839587331 0.31438425183296204 347
1761839587405 0.3142024278640747 348
1761839587478 0.3141249120235443 349
1761839587550 0.3139098584651947 350
1761839587624 0.313829630613327 351
1761839587698 0.31373026967048645 352
1761839587771 0.31353840231895447 353
1761839587845 0.31334614753723145 354
1761839587918 0.3131003677845001 355
1761839587991 0.31297925114631653 356
1761839588065 0.31286004185676575 357
1761839588139 0.3127831816673279 358
1761839588216 0.3126886785030365 359
1761839588291 0.3125392198562622 360
1761839588365 0.312424898147583 361
1761839588438 0.31240060925483704 362
1761839588512 0.3123152256011963 363
1761839588586 0.3120731711387634 364
1761839588661 0.3119773864746094 365
1761839588735 0.3117218315601349 366
1761839588809 0.31156373023986816 367
1761839588884 0.31142160296440125 368
1761839588958 0.3113093078136444 369
1761839589033 0.31113946437835693 370
1761839589109 0.3110900819301605 371
1761839589182 0.3108847141265869 372
1761839589259 0.310651034116745 373
1761839589335 0.31053707003593445 374
1761839589410 0.310451865196228 375
1761839589483 0.3102656602859497 376
1761839589556 0.31008967757225037 377
1761839589631 0.3099133372306824 378
1761839589705 0.3098611533641815 379
1761839589778 0.3097577393054962 380
1761839589851 0.30962157249450684 381
1761839589925 0.3094681203365326 382
1761839590000 0.30940312147140503 383
1761839590076 0.30916768312454224 384
1761839590152 0.308943510055542 385
1761839590227 0.3088880181312561 386
1761839590302 0.3087395429611206 387
1761839590377 0.30869054794311523 388
1761839590451 0.30855539441108704 389
1761839590525 0.30837002396583557 390
1761839590600 0.30830833315849304 391
1761839590673 0.30822211503982544 392
1761839590747 0.3080716133117676 393
1761839590821 0.3080003261566162 394
1761839590896 0.3079019784927368 395
1761839590970 0.30777812004089355 396
1761839591044 0.3076222240924835 397
1761839591119 0.307507187128067 398
1761839591192 0.30735549330711365 399
1761839591267 0.30722784996032715 400
