1761839561987 1.9951975345611572 0
1761839562061 1.357420802116394 1
1761839562139 1.4652235507965088 2
1761839562217 1.9623150825500488 3
1761839562299 1.5065399408340454 4
1761839562375 0.9868174195289612 5
1761839562449 1.2792150974273682 6
1761839562521 0.8614196181297302 7
1761839562593 1.041310429573059 8
1761839562666 2.221769094467163 9
1761839562738 0.9583321213722229 10
1761839562810 2.6581192016601562 11
1761839562884 1.0821754932403564 12
1761839562957 0.22756043076515198 13
1761839563036 1.0496737957000732 14
1761839563109 1.8026268482208252 15
1761839563182 0.589603841304779 16
1761839563252 0.92884761095047 17
1761839563322 0.5755137801170349 18
1761839563392 0.4620107412338257 19
1761839563463 1.1035010814666748 20
1761839563534 1.0556999444961548 21
1761839563604 0.2935258746147156 22
1761839563674 0.22641387581825256 23
1761839563744 0.19561024010181427 24
1761839563815 2.052259922027588 25
1761839563885 1.1737996339797974 26
1761839563963 2.5120737552642822 27
1761839564039 0.42014455795288086 28
1761839564112 0.3526288866996765 29
1761839564183 0.7861666083335876 30
1761839564258 0.5485491156578064 31
1761839564335 0.6725732088088989 32
1761839564411 0.8372726440429688 33
1761839564489 0.2964526414871216 34
1761839564567 0.7600457668304443 35
1761839564642 0.03474734351038933 36
1761839564716 1.3884367942810059 37
1761839564789 0.49189358949661255 38
1761839564862 0.4807360768318176 39
1761839564933 0.4367041289806366 40
1761839565007 0.1769646555185318 41
1761839565081 0.2804606556892395 42
1761839565152 1.2416735887527466 43
1761839565224 0.5611922740936279 44
1761839565296 0.3654961585998535 45
1761839565367 0.0742470920085907 46
1761839565438 1.1379873752593994 47
1761839565509 0.10672096908092499 48
1761839565581 0.4568496346473694 49
1761839565649 0.8735235929489136 50
1761839565721 0.9063295125961304 51
1761839565791 1.695444941520691 52
1761839565863 1.1310847997665405 53
1761839565932 1.5838886499404907 54
1761839566003 1.4845633506774902 55
1761839566075 0.27924996614456177 56
1761839566146 0.11422483623027802 57
1761839566216 0.9356492757797241 58
1761839566288 0.2657269537448883 59
1761839566359 0.18677747249603271 60
1761839566430 0.20456713438034058 61
1761839566501 0.2350429743528366 62
1761839566573 0.6000650525093079 63
1761839566644 0.16473901271820068 64
1761839566716 0.5800821781158447 65
1761839566788 0.42551353573799133 66
1761839566860 0.6406106352806091 67
1761839566930 0.37282660603523254 68
1761839567004 0.756158173084259 69
1761839567075 0.06348817050457001 70
1761839567146 0.585460901260376 71
1761839567215 0.10021203756332397 72
1761839567286 0.5125074982643127 73
1761839567357 0.18237707018852234 74
1761839567428 0.2964085042476654 75
1761839567498 0.13095591962337494 76
1761839567570 0.5619485378265381 77
1761839567642 0.47688305377960205 78
1761839567714 0.47153738141059875 79
1761839567785 0.4262321889400482 80
1761839567858 0.46989357471466064 81
1761839567929 0.46368032693862915 82
1761839568001 0.23947450518608093 83
1761839568074 1.7166976928710938 84
1761839568150 1.0064713954925537 85
1761839568226 0.19247087836265564 86
1761839568301 0.10888535529375076 87
1761839568373 0.18025542795658112 88
1761839568443 0.20480406284332275 89
1761839568515 0.9844489693641663 90
1761839568588 0.15995648503303528 91
1761839568660 1.5569467544555664 92
1761839568731 0.1634640097618103 93
1761839568803 0.7183621525764465 94
1761839568874 0.301020085811615 95
1761839568945 1.55281662940979 96
1761839569017 0.19612185657024384 97
1761839569089 0.7286891341209412 98
1761839569162 0.041029997169971466 99
1761839569232 0.9938638806343079 100
1761839569305 0.11013103276491165 101
1761839569379 2.4403204917907715 102
1761839569454 0.026378387585282326 103
1761839569531 0.10493990778923035 104
1761839569602 1.0410100221633911 105
1761839569674 0.2526746392250061 106
1761839569746 0.8452852964401245 107
1761839569816 0.41481122374534607 108
1761839569888 0.808182954788208 109
1761839569959 0.7251866459846497 110
1761839570031 0.09702892601490021 111
1761839570103 0.5818575620651245 112
1761839570175 0.3907474875450134 113
1761839570248 0.3981046676635742 114
1761839570317 0.2865113615989685 115
1761839570388 0.9732019305229187 116
1761839570459 2.175215005874634 117
1761839570528 1.8020931482315063 118
1761839570599 0.6235072016716003 119
1761839570670 0.203171968460083 120
1761839570743 0.1984710693359375 121
1761839570813 0.5381823182106018 122
1761839570884 0.12992623448371887 123
1761839570956 1.0156031847000122 124
1761839571029 0.7070022821426392 125
1761839571102 0.9294642806053162 126
1761839571174 0.47586631774902344 127
1761839571246 0.6899063587188721 128
1761839571317 0.9943538904190063 129
1761839571389 0.2763737142086029 130
1761839571461 0.905547559261322 131
1761839571533 0.18743745982646942 132
1761839571606 0.41475600004196167 133
1761839571675 0.036795176565647125 134
1761839571746 0.09196573495864868 135
1761839571817 0.05131201446056366 136
1761839571889 0.13013355433940887 137
1761839571960 0.06024111062288284 138
1761839572031 0.08781963586807251 139
1761839572106 0.9405791759490967 140
1761839572177 0.29078930616378784 141
1761839572249 0.4949140250682831 142
1761839572322 0.1931229531764984 143
1761839572393 0.07894352078437805 144
1761839572465 0.4720216989517212 145
1761839572535 0.19456633925437927 146
1761839572607 0.07862263917922974 147
1761839572679 0.47106680274009705 148
1761839572757 0.353521466255188 149
1761839572834 0.15346699953079224 150
1761839572909 1.1132169961929321 151
1761839572987 0.6424177885055542 152
1761839573071 0.40095898509025574 153
1761839573151 1.420039176940918 154
1761839573228 1.4146825075149536 155
1761839573306 0.9922288656234741 156
1761839573379 0.35421985387802124 157
1761839573457 0.7467531561851501 158
1761839573535 0.29880470037460327 159
1761839573608 0.12763893604278564 160
1761839573679 0.22698257863521576 161
1761839573759 0.8203664422035217 162
1761839573835 0.8050196766853333 163
1761839573910 0.5866258144378662 164
1761839573982 0.3375977575778961 165
1761839574055 0.05838846042752266 166
1761839574128 0.2896471917629242 167
1761839574204 0.2467719465494156 168
1761839574287 0.18159182369709015 169
1761839574368 0.4005773365497589 170
1761839574445 0.11090216785669327 171
1761839574518 0.22885866463184357 172
1761839574591 1.6072922945022583 173
1761839574663 1.2205400466918945 174
1761839574736 0.4737270772457123 175
1761839574808 0.32998090982437134 176
1761839574880 0.39780864119529724 177
1761839574952 1.805016040802002 178
1761839575023 0.03688535839319229 179
1761839575095 0.6410038471221924 180
1761839575168 0.4152500033378601 181
1761839575241 0.08882320672273636 182
1761839575314 0.6871299147605896 183
1761839575388 1.2108570337295532 184
1761839575460 0.5227285027503967 185
1761839575528 0.24731066823005676 186
1761839575597 0.916805624961853 187
1761839575668 0.06129143387079239 188
1761839575739 0.1575852930545807 189
1761839575811 0.10390245914459229 190
1761839575884 0.4883706867694855 191
1761839575955 0.3044455349445343 192
1761839576029 0.0636497512459755 193
1761839576104 0.06166580319404602 194
1761839576178 0.366682231426239 195
1761839576251 1.522006630897522 196
1761839576324 0.7259951829910278 197
1761839576396 0.36220523715019226 198
1761839576470 0.9444910883903503 199
1761839576542 0.5966995358467102 200
1761839576615 0.5199817419052124 201
1761839576687 2.071305751800537 202
1761839576767 0.2836785614490509 203
1761839576844 0.7686481475830078 204
1761839576918 0.16828709840774536 205
1761839576993 0.16916592419147491 206
1761839577067 0.7819778919219971 207
1761839577140 1.0341229438781738 208
1761839577214 0.2705652117729187 209
1761839577288 0.7499423623085022 210
1761839577359 0.586944580078125 211
1761839577429 0.43088462948799133 212
1761839577502 1.1273417472839355 213
1761839577572 0.22460876405239105 214
1761839577646 0.5825045704841614 215
1761839577719 0.13078275322914124 216
1761839577791 1.1642781496047974 217
1761839577863 0.3589170277118683 218
1761839577935 0.14702743291854858 219
1761839578008 1.537319302558899 220
1761839578084 1.0795096158981323 221
1761839578156 0.4857000410556793 222
1761839578232 0.4757775068283081 223
1761839578303 0.3266564607620239 224
1761839578375 0.036619849503040314 225
1761839578447 0.17797940969467163 226
1761839578519 0.06684545427560806 227
1761839578591 0.45939746499061584 228
1761839578663 0.6247016787528992 229
1761839578734 1.0313677787780762 230
1761839578807 0.22363798320293427 231
1761839578879 0.8442481756210327 232
1761839578950 0.15228602290153503 233
1761839579023 0.15469539165496826 234
1761839579096 0.28096088767051697 235
1761839579169 0.08570174872875214 236
1761839579242 0.35083773732185364 237
1761839579313 0.11499939113855362 238
1761839579385 0.20689165592193604 239
1761839579457 0.05143020674586296 240
1761839579529 0.2051014006137848 241
1761839579602 0.3034091889858246 242
1761839579676 0.564660370349884 243
1761839579749 0.7039008736610413 244
1761839579822 0.4353054463863373 245
1761839579893 0.04927279055118561 246
1761839579966 0.7222816944122314 247
1761839580038 0.05830606073141098 248
1761839580114 0.09066630899906158 249
1761839580189 0.5225566625595093 250
1761839580263 0.5122267603874207 251
1761839580335 0.5344880223274231 252
1761839580410 0.4043525457382202 253
1761839580482 1.2371070384979248 254
1761839580554 0.20158864557743073 255
1761839580628 0.08211614191532135 256
1761839580701 0.7844280004501343 257
1761839580774 0.3471488058567047 258
1761839580849 0.050708457827568054 259
1761839580921 0.49877071380615234 260
1761839580993 0.46331045031547546 261
1761839581067 0.11818286776542664 262
1761839581141 0.21047505736351013 263
1761839581214 0.2543017566204071 264
1761839581287 1.129074215888977 265
1761839581360 0.2277575135231018 266
1761839581435 0.36556243896484375 267
1761839581507 0.7424831986427307 268
1761839581579 0.4525148272514343 269
1761839581652 1.361067771911621 270
1761839581724 0.1730736643075943 271
1761839581796 0.4503169059753418 272
1761839581870 0.36768418550491333 273
1761839581943 1.4537302255630493 274
1761839582016 0.04882112890481949 275
1761839582092 0.03320286422967911 276
1761839582167 0.036327362060546875 277
1761839582240 0.47053849697113037 278
1761839582315 0.26629483699798584 279
1761839582390 0.18431538343429565 280
1761839582463 0.6806398034095764 281
1761839582536 0.215068981051445 282
1761839582609 1.0977829694747925 283
1761839582681 0.05089014023542404 284
1761839582754 0.2685762643814087 285
1761839582826 0.43507885932922363 286
1761839582899 0.18409566581249237 287
1761839582973 0.07899545133113861 288
1761839583048 0.7945566177368164 289
1761839583124 0.865914523601532 290
1761839583198 0.3823581039905548 291
1761839583272 0.7471051812171936 292
1761839583345 0.10801801830530167 293
1761839583418 0.07874447107315063 294
1761839583491 1.3253426551818848 295
1761839583564 0.3501402735710144 296
1761839583638 0.2152038812637329 297
1761839583711 0.6416730880737305 298
1761839583784 0.4572739899158478 299
1761839583858 0.31610769033432007 300
1761839583933 0.6842654347419739 301
1761839584006 0.624171793460846 302
1761839584082 0.24646781384944916 303
1761839584160 0.10004883259534836 304
1761839584234 0.23428896069526672 305
1761839584306 0.3609464168548584 306
1761839584380 0.5540931820869446 307
1761839584454 0.6446490287780762 308
1761839584527 0.7848965525627136 309
1761839584600 0.06266975402832031 310
1761839584674 0.26749905943870544 311
1761839584748 0.07482767105102539 312
1761839584821 0.14060787856578827 313
1761839584894 0.12593792378902435 314
1761839584966 1.14549720287323 315
1761839585042 0.4324492812156677 316
1761839585117 0.5419593453407288 317
1761839585190 0.4958533048629761 318
1761839585263 0.07422786206007004 319
1761839585334 0.7939391136169434 320
1761839585408 0.4648798108100891 321
1761839585481 0.2490621954202652 322
1761839585555 0.055340878665447235 323
1761839585628 0.7624964714050293 324
1761839585702 0.5373052358627319 325
1761839585776 1.675323724746704 326
1761839585849 0.7653880715370178 327
1761839585924 0.3252492845058441 328
1761839585998 0.2395476996898651 329
1761839586075 0.21106386184692383 330
1761839586153 0.21677416563034058 331
1761839586226 0.4522572457790375 332
1761839586298 0.2938331663608551 333
1761839586370 0.5881998538970947 334
1761839586444 0.21402834355831146 335
1761839586518 0.10039469599723816 336
1761839586592 0.2569831907749176 337
1761839586666 0.097244031727314 338
1761839586740 1.289232850074768 339
1761839586813 0.22336630523204803 340
1761839586887 0.48330479860305786 341
1761839586961 0.027469806373119354 342
1761839587035 0.15894071757793427 343
1761839587108 0.9757710695266724 344
1761839587184 1.1972038745880127 345
1761839587257 0.6689275503158569 346
1761839587331 0.12086683511734009 347
1761839587405 0.19525845348834991 348
1761839587478 0.7054760456085205 349
1761839587550 0.3228274881839752 350
1761839587624 0.7422385215759277 351
1761839587698 0.31144604086875916 352
1761839587771 0.8551962971687317 353
1761839587845 0.5616567730903625 354
1761839587918 0.21415828168392181 355
1761839587991 0.12162141501903534 356
1761839588065 0.6461116075515747 357
1761839588139 0.7775792479515076 358
1761839588216 1.3043444156646729 359
1761839588291 0.21834568679332733 360
1761839588365 0.2008301466703415 361
1761839588438 0.18759624660015106 362
1761839588512 0.3722318410873413 363
1761839588586 0.173456072807312 364
1761839588661 0.7654836177825928 365
1761839588735 0.09134157001972198 366
1761839588809 0.6755796670913696 367
1761839588884 0.14468985795974731 368
1761839588958 0.318413108587265 369
1761839589033 0.10518226772546768 370
1761839589109 1.0394515991210938 371
1761839589182 0.7656988501548767 372
1761839589259 0.16024304926395416 373
1761839589335 0.17367547750473022 374
1761839589410 0.12145863473415375 375
1761839589483 0.30969759821891785 376
1761839589556 0.3997241258621216 377
1761839589631 0.08221957832574844 378
1761839589705 0.6862464547157288 379
1761839589778 0.280625581741333 380
1761839589851 0.32048502564430237 381
1761839589925 0.988099217414856 382
1761839590000 0.4711897373199463 383
1761839590076 0.27988189458847046 384
1761839590152 0.14022013545036316 385
1761839590227 0.8001995086669922 386
1761839590302 0.7908552885055542 387
1761839590377 0.6267570853233337 388
1761839590451 0.33702149987220764 389
1761839590525 0.7060346603393555 390
1761839590600 0.7365646958351135 391
1761839590673 0.5390723347663879 392
1761839590747 0.5522666573524475 393
1761839590821 0.7549349665641785 394
1761839590896 0.31554901599884033 395
1761839590970 0.1390276849269867 396
1761839591044 0.6019608974456787 397
1761839591119 0.1460634469985962 398
1761839591192 0.27232474088668823 399
1761839591267 0.16333070397377014 400
