1762793181453 1.6966590881347656 0
1762793181545 1.5197139978408813 1
1762793181643 1.4006885290145874 2
1762793181736 1.3237844705581665 3
1762793181827 1.2566694021224976 4
1762793181919 1.1971793174743652 5
1762793182011 1.151876449584961 6
1762793182104 1.1191478967666626 7
1762793182197 1.0792745351791382 8
1762793182288 1.0496915578842163 9
1762793182380 1.0143529176712036 10
1762793182472 0.9890186786651611 11
1762793182562 0.9595537185668945 12
1762793182655 0.9372288584709167 13
1762793182743 0.9203065037727356 14
1762793182833 0.8989330530166626 15
1762793182924 0.8771724104881287 16
1762793183013 0.858647882938385 17
1762793183104 0.8435368537902832 18
1762793183195 0.828652560710907 19
1762793183285 0.8137538433074951 20
1762793183376 0.8007729649543762 21
1762793183466 0.7870364189147949 22
1762793183556 0.7750990986824036 23
1762793183647 0.7619353532791138 24
1762793183737 0.7532206177711487 25
