1762793181453 1.2273669242858887 0
1762793181545 1.2507452964782715 1
1762793181643 1.529076337814331 2
1762793181736 1.6360630989074707 3
1762793181827 0.7892252802848816 4
1762793181919 0.981178879737854 5
1762793182011 1.0701080560684204 6
1762793182104 0.9710759520530701 7
1762793182197 0.8799474239349365 8
1762793182288 0.6649105548858643 9
1762793182380 1.108858346939087 10
1762793182472 1.0368692874908447 11
1762793182562 0.33704090118408203 12
1762793182655 1.0487899780273438 13
1762793182743 1.0087432861328125 14
1762793182833 0.3442753553390503 15
1762793182924 0.30073684453964233 16
1762793183013 0.5435371994972229 17
1762793183104 0.5719640254974365 18
1762793183195 0.46216732263565063 19
1762793183285 0.5972208380699158 20
1762793183376 0.6917716264724731 21
1762793183466 0.5232951641082764 22
1762793183556 0.6780431270599365 23
1762793183647 0.26443570852279663 24
1762793183737 1.3307123184204102 25
