1762792614923 1.7731170654296875 0
1762792615019 1.5491507053375244 1
1762792615112 1.4005472660064697 2
1762792615205 1.3179174661636353 3
1762792615295 1.2427964210510254 4
1762792615394 1.1844136714935303 5
1762792615488 1.1390286684036255 6
1762792615578 1.0965514183044434 7
1762792615672 1.063609004020691 8
1762792615765 1.0282572507858276 9
1762792615857 1.0101046562194824 10
1762792615951 0.9842012524604797 11
1762792616043 0.9637013673782349 12
1762792616137 0.9415669441223145 13
1762792616227 0.9219968914985657 14
1762792616317 0.9026702046394348 15
1762792616408 0.8813979029655457 16
1762792616499 0.8650822639465332 17
1762792616590 0.8503498435020447 18
1762792616681 0.835400402545929 19
1762792616774 0.8174821138381958 20
1762792616869 0.80278480052948 21
1762792616961 0.7898091673851013 22
1762792617054 0.7782925367355347 23
1762792617145 0.7676833271980286 24
1762792617235 0.7554799914360046 25
1762792617327 0.746494472026825 26
1762792617422 0.7364093661308289 27
1762792617515 0.7283998131752014 28
1762792617607 0.7173191905021667 29
1762792617697 0.7093957662582397 30
1762792617789 0.6987049579620361 31
1762792617882 0.6909129619598389 32
1762792617974 0.6841927766799927 33
1762792618064 0.6765493154525757 34
1762792618155 0.6707730889320374 35
1762792618247 0.6631386876106262 36
1762792618339 0.6562111973762512 37
1762792618431 0.650053858757019 38
1762792618525 0.6445903182029724 39
1762792618623 0.639811635017395 40
1762792618719 0.6345206499099731 41
1762792618810 0.6297378540039062 42
1762792618901 0.6249982118606567 43
1762792618994 0.6185811758041382 44
1762792619087 0.6136244535446167 45
1762792619180 0.6079808473587036 46
