1762792614923 1.5669403076171875 0
1762792615019 1.0250693559646606 1
1762792615112 0.6105359792709351 2
1762792615205 1.3815948963165283 3
1762792615295 0.5333945751190186 4
1762792615394 0.9971657991409302 5
1762792615488 0.7731977701187134 6
1762792615578 0.8919729590415955 7
1762792615672 0.9200892448425293 8
1762792615765 0.3528495132923126 9
1762792615857 0.3376307487487793 10
1762792615951 0.4479355812072754 11
1762792616043 0.8518631458282471 12
1762792616137 0.4345138669013977 13
1762792616227 0.49175795912742615 14
1762792616317 0.5930927395820618 15
1762792616408 0.5642054677009583 16
1762792616499 0.5802494287490845 17
1762792616590 0.5102617740631104 18
1762792616681 0.32744792103767395 19
1762792616774 0.1475079357624054 20
1762792616869 0.9337788224220276 21
1762792616961 0.8168988227844238 22
1762792617054 0.13801918923854828 23
1762792617145 0.3673582375049591 24
1762792617235 0.6063051819801331 25
1762792617327 0.15838651359081268 26
1762792617422 0.9123778939247131 27
1762792617515 0.5302982330322266 28
1762792617607 0.548815906047821 29
1762792617697 1.129725456237793 30
1762792617789 0.16516369581222534 31
1762792617882 0.39287349581718445 32
1762792617974 0.2756238579750061 33
1762792618064 0.760008692741394 34
1762792618155 0.4864976108074188 35
1762792618247 0.3360533118247986 36
1762792618339 0.40691059827804565 37
1762792618431 0.18987978994846344 38
1762792618525 0.40771129727363586 39
1762792618623 0.36333441734313965 40
1762792618719 0.4165278375148773 41
1762792618810 0.26743295788764954 42
1762792618901 0.2973635196685791 43
1762792618994 0.20809385180473328 44
1762792619087 0.3582184910774231 45
1762792619180 0.19630105793476105 46
