1763905273870 1.7138432264328003 0
1763905273963 1.5170397758483887 1
1763905274058 1.3845473527908325 2
1763905274151 1.3165254592895508 3
1763905274246 1.2314614057540894 4
1763905274338 1.1821379661560059 5
1763905274431 1.1311721801757812 6
1763905274523 1.091376543045044 7
1763905274615 1.058276891708374 8
1763905274706 1.025915265083313 9
1763905274798 0.9974424242973328 10
1763905274891 0.9716511964797974 11
1763905274982 0.9498409032821655 12
1763905275077 0.92910236120224 13
1763905275169 0.9084314703941345 14
1763905275261 0.8913711309432983 15
1763905275353 0.8744087219238281 16
1763905275445 0.8585565090179443 17
1763905275537 0.8474478721618652 18
1763905275630 0.8358815312385559 19
1763905275724 0.8235478401184082 20
1763905275817 0.8123801946640015 21
1763905275911 0.8007121682167053 22
1763905276004 0.7879002690315247 23
1763905276098 0.7754374742507935 24
1763905276190 0.7646448016166687 25
1763905276283 0.7565657496452332 26
1763905276375 0.7463525533676147 27
1763905276467 0.7372984290122986 28
1763905276559 0.726654052734375 29
1763905276652 0.7189300060272217 30
1763905276744 0.7101355195045471 31
1763905276836 0.7024897336959839 32
