1763905273870 1.0808697938919067 0
1763905273963 0.7062565088272095 1
1763905274058 0.8194929361343384 2
1763905274151 1.4193854331970215 3
1763905274246 0.8427579998970032 4
1763905274338 0.964236855506897 5
1763905274431 1.1448025703430176 6
1763905274523 0.6429629921913147 7
1763905274615 0.4100811779499054 8
1763905274706 0.4336206316947937 9
1763905274798 1.2333966493606567 10
1763905274891 0.9459166526794434 11
1763905274982 0.43660324811935425 12
1763905275077 0.8234671354293823 13
1763905275169 0.4167303144931793 14
1763905275261 0.718853771686554 15
1763905275353 0.6016000509262085 16
1763905275445 0.20762336254119873 17
1763905275537 0.2730981111526489 18
1763905275630 0.4060317277908325 19
1763905275724 1.1549614667892456 20
1763905275817 0.35126444697380066 21
1763905275911 0.5629183650016785 22
1763905276004 0.38054224848747253 23
1763905276098 0.197278693318367 24
1763905276190 0.8715783357620239 25
1763905276283 0.410919189453125 26
1763905276375 0.7863692045211792 27
1763905276467 0.3649882674217224 28
1763905276559 0.8125463128089905 29
1763905276652 0.5485731959342957 30
1763905276744 0.5945723652839661 31
1763905276836 0.5422811508178711 32
