1761838174164 1.701494574546814 0
1761838174222 1.521600365638733 1
1761838174278 1.4091089963912964 2
1761838174333 1.3154207468032837 3
1761838174393 1.2207518815994263 4
1761838174448 1.1388596296310425 5
1761838174501 1.0809099674224854 6
1761838174552 1.0387113094329834 7
1761838174604 1.0036911964416504 8
1761838174655 0.970320463180542 9
1761838174706 0.9417480826377869 10
1761838174756 0.9136460423469543 11
1761838174808 0.8866698145866394 12
1761838174859 0.8623466491699219 13
1761838174912 0.841697096824646 14
1761838174964 0.8216655254364014 15
1761838175018 0.8037084937095642 16
1761838175071 0.7876977920532227 17
1761838175125 0.7692094445228577 18
1761838175179 0.7539940476417542 19
1761838175234 0.7389460802078247 20
1761838175286 0.7274889945983887 21
1761838175338 0.7156738638877869 22
1761838175392 0.7059074640274048 23
1761838175444 0.6957351565361023 24
1761838175499 0.6874035000801086 25
1761838175550 0.6776242256164551 26
1761838175603 0.668533980846405 27
1761838175654 0.6598602533340454 28
1761838175704 0.6541582942008972 29
1761838175756 0.6451747417449951 30
1761838175806 0.6372718811035156 31
1761838175859 0.6282634139060974 32
1761838175911 0.6185114979743958 33
1761838175962 0.6076793670654297 34
1761838176014 0.5974669456481934 35
1761838176070 0.5869792103767395 36
1761838176123 0.5786938667297363 37
1761838176177 0.5697411298751831 38
1761838176231 0.5602378845214844 39
1761838176284 0.5524170398712158 40
1761838176337 0.5456103682518005 41
1761838176388 0.5369633436203003 42
1761838176439 0.529987633228302 43
1761838176490 0.5234825611114502 44
1761838176541 0.5162646770477295 45
1761838176593 0.5095731616020203 46
1761838176644 0.503765344619751 47
1761838176695 0.4971925914287567 48
1761838176746 0.4913065433502197 49
1761838176798 0.4852742552757263 50
1761838176851 0.4794442057609558 51
1761838176904 0.4742884635925293 52
1761838176958 0.46942514181137085 53
1761838177023 0.46377116441726685 54
1761838177081 0.45868197083473206 55
1761838177136 0.45458686351776123 56
1761838177190 0.45109131932258606 57
1761838177245 0.44743114709854126 58
1761838177299 0.44323602318763733 59
1761838177353 0.4391545355319977 60
1761838177404 0.4358208179473877 61
1761838177456 0.4321563243865967 62
1761838177507 0.427821546792984 63
1761838177558 0.42517247796058655 64
1761838177609 0.4217809736728668 65
1761838177662 0.4191139042377472 66
1761838177716 0.4154200255870819 67
1761838177770 0.4121445119380951 68
1761838177822 0.40865594148635864 69
1761838177875 0.40571340918540955 70
1761838177928 0.40279385447502136 71
1761838177980 0.39996764063835144 72
1761838178031 0.3975585997104645 73
1761838178085 0.3947353959083557 74
1761838178137 0.39205142855644226 75
1761838178188 0.3890976905822754 76
1761838178240 0.38705551624298096 77
1761838178293 0.3845609128475189 78
1761838178344 0.38211867213249207 79
1761838178396 0.3797767758369446 80
1761838178446 0.377764493227005 81
1761838178497 0.37536755204200745 82
1761838178549 0.37325140833854675 83
1761838178601 0.37112104892730713 84
1761838178652 0.3689218759536743 85
1761838178703 0.36662858724594116 86
1761838178755 0.364766389131546 87
1761838178807 0.3625054359436035 88
1761838178858 0.3611048758029938 89
1761838178911 0.3591903746128082 90
1761838178962 0.35776761174201965 91
1761838179015 0.35590410232543945 92
1761838179070 0.35457170009613037 93
1761838179121 0.3531500995159149 94
1761838179173 0.3517138957977295 95
1761838179227 0.350319504737854 96
1761838179280 0.34855639934539795 97
1761838179333 0.34710657596588135 98
1761838179386 0.34585681557655334 99
1761838179437 0.3444381654262543 100
1761838179489 0.34296756982803345 101
1761838179542 0.3415861129760742 102
1761838179595 0.34012943506240845 103
1761838179646 0.3381488025188446 104
1761838179700 0.33707112073898315 105
1761838179752 0.3357343077659607 106
1761838179804 0.3345368206501007 107
1761838179857 0.3333996832370758 108
1761838179909 0.3320216238498688 109
1761838179962 0.3310737907886505 110
1761838180016 0.32969242334365845 111
1761838180069 0.3284476697444916 112
1761838180122 0.3274836242198944 113
1761838180174 0.32641735672950745 114
1761838180228 0.3252553343772888 115
1761838180280 0.3246561288833618 116
1761838180333 0.3234933018684387 117
1761838180386 0.3227508068084717 118
1761838180437 0.3218497335910797 119
1761838180487 0.3207051753997803 120
1761838180541 0.31971681118011475 121
1761838180594 0.31847965717315674 122
1761838180647 0.3174774944782257 123
1761838180698 0.31647199392318726 124
1761838180750 0.31550538539886475 125
1761838180801 0.3146011531352997 126
1761838180853 0.3135025203227997 127
1761838180906 0.31251218914985657 128
1761838180959 0.31154578924179077 129
1761838181012 0.31062954664230347 130
1761838181066 0.30990809202194214 131
1761838181119 0.3088900148868561 132
1761838181172 0.3085060715675354 133
1761838181225 0.30766573548316956 134
1761838181280 0.30677303671836853 135
1761838181333 0.3055652379989624 136
1761838181385 0.3048318326473236 137
1761838181438 0.3041229844093323 138
1761838181490 0.30333709716796875 139
1761838181542 0.30247363448143005 140
1761838181594 0.3017955720424652 141
1761838181648 0.30120983719825745 142
1761838181700 0.3004975914955139 143
1761838181752 0.2996140122413635 144
1761838181805 0.29871872067451477 145
1761838181857 0.2979995906352997 146
1761838181908 0.29764091968536377 147
1761838181961 0.297111839056015 148
1761838182015 0.2962491512298584 149
1761838182067 0.2956932485103607 150
1761838182121 0.2949705719947815 151
1761838182173 0.29439210891723633 152
1761838182226 0.293779194355011 153
1761838182279 0.2933369576931 154
1761838182333 0.2926888167858124 155
1761838182385 0.29213806986808777 156
1761838182438 0.29149144887924194 157
1761838182492 0.290979266166687 158
1761838182544 0.2901591360569 159
1761838182597 0.2897684574127197 160
1761838182649 0.2891981303691864 161
1761838182701 0.2885533571243286 162
1761838182753 0.2880874276161194 163
1761838182807 0.28741174936294556 164
1761838182860 0.2872350811958313 165
1761838182914 0.28665295243263245 166
1761838182966 0.28596141934394836 167
1761838183020 0.2854948043823242 168
1761838183073 0.2850876450538635 169
1761838183127 0.28482645750045776 170
1761838183180 0.28440043330192566 171
1761838183234 0.28395262360572815 172
1761838183289 0.28379496932029724 173
1761838183342 0.283385306596756 174
1761838183395 0.2829146385192871 175
1761838183447 0.28234490752220154 176
1761838183501 0.2818804383277893 177
1761838183554 0.2814147472381592 178
1761838183607 0.28108569979667664 179
1761838183660 0.2805939018726349 180
1761838183714 0.2800920009613037 181
1761838183767 0.2795999348163605 182
1761838183821 0.27921056747436523 183
1761838183876 0.2786509692668915 184
1761838183929 0.2781197726726532 185
1761838183983 0.27791666984558105 186
1761838184038 0.2775791883468628 187
1761838184093 0.2770646810531616 188
1761838184144 0.2766839861869812 189
1761838184199 0.2762160301208496 190
1761838184254 0.2756899297237396 191
1761838184307 0.27529674768447876 192
1761838184363 0.2749117612838745 193
1761838184422 0.274422824382782 194
1761838184477 0.2741481363773346 195
1761838184531 0.2737598419189453 196
1761838184585 0.2733303904533386 197
1761838184639 0.2729690372943878 198
1761838184693 0.27264294028282166 199
1761838184746 0.2721826136112213 200
1761838184799 0.27185922861099243 201
1761838184857 0.2714671790599823 202
1761838184922 0.2711588740348816 203
1761838184985 0.2708930969238281 204
1761838185048 0.2704267203807831 205
1761838185109 0.2701597809791565 206
1761838185167 0.26965516805648804 207
1761838185239 0.26930081844329834 208
1761838185300 0.2689848840236664 209
1761838185356 0.26857173442840576 210
1761838185412 0.26832205057144165 211
1761838185469 0.2680864930152893 212
1761838185526 0.26772746443748474 213
1761838185582 0.26747915148735046 214
1761838185635 0.26723456382751465 215
1761838185695 0.26698872447013855 216
1761838185760 0.2667166292667389 217
1761838185819 0.2664216160774231 218
1761838185875 0.2663116455078125 219
1761838185932 0.2659444808959961 220
1761838185989 0.26572495698928833 221
1761838186044 0.2654791474342346 222
1761838186100 0.26526761054992676 223
1761838186154 0.26490673422813416 224
1761838186216 0.26464515924453735 225
1761838186285 0.26444828510284424 226
1761838186343 0.2642737627029419 227
1761838186403 0.26417919993400574 228
1761838186462 0.2639395594596863 229
1761838186519 0.2636658251285553 230
1761838186574 0.2633965015411377 231
1761838186629 0.2630336582660675 232
1761838186684 0.26289981603622437 233
1761838186749 0.2626323699951172 234
1761838186811 0.2623787820339203 235
1761838186871 0.26220598816871643 236
1761838186927 0.2617943286895752 237
1761838186985 0.26139768958091736 238
1761838187043 0.261120468378067 239
1761838187100 0.2608051002025604 240
1761838187155 0.2605556547641754 241
1761838187209 0.26028886437416077 242
1761838187262 0.2601921558380127 243
1761838187316 0.25994476675987244 244
1761838187368 0.2598167657852173 245
1761838187422 0.25947651267051697 246
1761838187477 0.2594050168991089 247
1761838187532 0.2593078911304474 248
1761838187588 0.2591075003147125 249
1761838187642 0.25881779193878174 250
1761838187697 0.2585722804069519 251
1761838187752 0.2583972215652466 252
1761838187807 0.25817638635635376 253
1761838187861 0.2579152286052704 254
1761838187914 0.2577388286590576 255
1761838187968 0.2574959993362427 256
1761838188023 0.2572498023509979 257
1761838188081 0.25711876153945923 258
1761838188134 0.2569108009338379 259
1761838188189 0.2568212151527405 260
1761838188245 0.25672200322151184 261
1761838188301 0.25633060932159424 262
1761838188355 0.25606125593185425 263
1761838188410 0.2558104395866394 264
1761838188464 0.2555287778377533 265
1761838188520 0.2554083466529846 266
1761838188574 0.25521185994148254 267
1761838188634 0.25504231452941895 268
1761838188699 0.25500646233558655 269
1761838188763 0.25470155477523804 270
1761838188825 0.2546444535255432 271
1761838188889 0.254457026720047 272
1761838188953 0.25427040457725525 273
1761838189018 0.2541353404521942 274
1761838189083 0.2539784610271454 275
1761838189147 0.25360432267189026 276
1761838189208 0.2533172070980072 277
1761838189269 0.2531856298446655 278
1761838189327 0.25291121006011963 279
1761838189384 0.2528800368309021 280
1761838189442 0.25274619460105896 281
1761838189502 0.25250115990638733 282
1761838189578 0.25247833132743835 283
1761838189642 0.2522912621498108 284
1761838189701 0.2522355914115906 285
1761838189760 0.2518797814846039 286
1761838189817 0.2518255412578583 287
1761838189874 0.2517111599445343 288
1761838189931 0.2515001893043518 289
1761838189988 0.2512378692626953 290
1761838190049 0.25096604228019714 291
1761838190110 0.25076207518577576 292
1761838190178 0.2506280839443207 293
1761838190246 0.2506486475467682 294
1761838190326 0.2506781220436096 295
1761838190387 0.2505216896533966 296
1761838190446 0.2503714859485626 297
1761838190506 0.2502487301826477 298
1761838190563 0.25007501244544983 299
1761838190622 0.2500535249710083 300
1761838190687 0.2499268800020218 301
1761838190750 0.24971571564674377 302
1761838190814 0.2496892809867859 303
1761838190877 0.24959751963615417 304
1761838190943 0.24951495230197906 305
1761838191006 0.2492792159318924 306
1761838191068 0.24911394715309143 307
1761838191124 0.24904416501522064 308
1761838191182 0.24914774298667908 309
1761838191244 0.2490731030702591 310
1761838191310 0.24894806742668152 311
1761838191369 0.2488277405500412 312
1761838191427 0.2487054467201233 313
1761838191484 0.2484951615333557 314
1761838191538 0.24840296804904938 315
1761838191592 0.2483462244272232 316
1761838191646 0.24827909469604492 317
1761838191703 0.2481263130903244 318
1761838191759 0.24799954891204834 319
1761838191817 0.2478022575378418 320
1761838191873 0.24764052033424377 321
1761838191930 0.24763533473014832 322
1761838191986 0.24759605526924133 323
1761838192042 0.24752961099147797 324
1761838192099 0.24732837080955505 325
1761838192157 0.24721366167068481 326
1761838192218 0.24710015952587128 327
1761838192323 0.24691933393478394 328
1761838192391 0.24686899781227112 329
1761838192454 0.24665823578834534 330
1761838192515 0.24657727777957916 331
1761838192573 0.24647270143032074 332
1761838192631 0.24632257223129272 333
1761838192688 0.24611923098564148 334
1761838192746 0.24599172174930573 335
1761838192803 0.24580273032188416 336
1761838192861 0.2456548660993576 337
1761838192918 0.24556386470794678 338
1761838192973 0.24535837769508362 339
1761838193031 0.24523991346359253 340
1761838193086 0.24513758718967438 341
1761838193143 0.24491669237613678 342
1761838193198 0.2448401004076004 343
1761838193253 0.2446998804807663 344
1761838193307 0.24468785524368286 345
1761838193369 0.24457243084907532 346
1761838193426 0.24452073872089386 347
1761838193482 0.24437114596366882 348
1761838193538 0.24415992200374603 349
1761838193596 0.2441355139017105 350
1761838193653 0.2439710944890976 351
1761838193710 0.24378545582294464 352
1761838193767 0.24368609488010406 353
1761838193822 0.24349302053451538 354
1761838193879 0.24336838722229004 355
1761838193936 0.2433457225561142 356
1761838193995 0.24318940937519073 357
1761838194054 0.24290765821933746 358
1761838194110 0.24280020594596863 359
1761838194167 0.24267645180225372 360
1761838194225 0.24251194298267365 361
1761838194281 0.24239768087863922 362
1761838194339 0.24225196242332458 363
1761838194395 0.24206940829753876 364
1761838194451 0.2419484555721283 365
1761838194509 0.24188050627708435 366
1761838194563 0.24166694283485413 367
1761838194619 0.24152842164039612 368
1761838194674 0.24147145450115204 369
1761838194731 0.24134257435798645 370
1761838194788 0.24120064079761505 371
1761838194849 0.24108591675758362 372
1761838194907 0.2410234808921814 373
1761838194964 0.24086105823516846 374
1761838195020 0.24069850146770477 375
1761838195076 0.240533247590065 376
1761838195130 0.2404947578907013 377
1761838195185 0.2402971237897873 378
1761838195240 0.24015840888023376 379
1761838195295 0.2401031106710434 380
1761838195352 0.24007444083690643 381
1761838195409 0.23987364768981934 382
1761838195463 0.23980028927326202 383
1761838195517 0.23972894251346588 384
1761838195572 0.23955202102661133 385
1761838195627 0.23944169282913208 386
1761838195680 0.23935385048389435 387
1761838195737 0.23924057185649872 388
1761838195792 0.2390836477279663 389
1761838195849 0.23898829519748688 390
1761838195907 0.2388758659362793 391
1761838195964 0.2387077957391739 392
1761838196021 0.23868907988071442 393
1761838196078 0.238575741648674 394
1761838196135 0.2386673241853714 395
1761838196192 0.23848016560077667 396
1761838196250 0.23837807774543762 397
1761838196307 0.23829098045825958 398
1761838196364 0.23825682699680328 399
1761838196422 0.23817618191242218 400
