1761838174164 1.505357027053833 0
1761838174222 2.5771775245666504 1
1761838174278 1.5405930280685425 2
1761838174333 0.4484955072402954 3
1761838174393 2.118293523788452 4
1761838174448 0.6979368329048157 5
1761838174501 1.0178529024124146 6
1761838174552 0.9785987138748169 7
1761838174604 0.3543866276741028 8
1761838174655 0.5812245607376099 9
1761838174706 1.8038043975830078 10
1761838174756 0.5406773090362549 11
1761838174808 0.4179319441318512 12
1761838174859 0.23127581179141998 13
1761838174912 1.0590659379959106 14
1761838174964 0.4528466463088989 15
1761838175018 0.5977932810783386 16
1761838175071 0.714322566986084 17
1761838175125 0.34794604778289795 18
1761838175179 1.0907340049743652 19
1761838175234 0.5990279912948608 20
1761838175286 1.3215937614440918 21
1761838175338 0.5258946418762207 22
1761838175392 0.923939049243927 23
1761838175444 0.3432019054889679 24
1761838175499 1.2186437845230103 25
1761838175550 1.8985716104507446 26
1761838175603 1.5193663835525513 27
1761838175654 2.0151636600494385 28
1761838175704 0.03862674534320831 29
1761838175756 0.706203818321228 30
1761838175806 0.6438658237457275 31
1761838175859 0.24370898306369781 32
1761838175911 0.9935131072998047 33
1761838175962 0.5272701382637024 34
1761838176014 0.08158156275749207 35
1761838176070 0.08032014220952988 36
1761838176123 0.5503981113433838 37
1761838176177 0.35749930143356323 38
1761838176231 0.04166043549776077 39
1761838176284 0.5693445205688477 40
1761838176337 0.053116679191589355 41
1761838176388 0.10750189423561096 42
1761838176439 0.21283257007598877 43
1761838176490 0.6586781740188599 44
1761838176541 0.12729306519031525 45
1761838176593 0.7496117949485779 46
1761838176644 0.2945471405982971 47
1761838176695 0.43623068928718567 48
1761838176746 0.08556228131055832 49
1761838176798 0.545695960521698 50
1761838176851 0.3819736838340759 51
1761838176904 0.4414200484752655 52
1761838176958 0.7539181113243103 53
1761838177023 0.23135097324848175 54
1761838177081 0.1331835687160492 55
1761838177136 0.44456398487091064 56
1761838177190 0.0619528591632843 57
1761838177245 0.842050313949585 58
1761838177299 0.042274557054042816 59
1761838177353 0.24908579885959625 60
1761838177404 0.13669447600841522 61
1761838177456 0.008557548746466637 62
1761838177507 0.03817909583449364 63
1761838177558 1.7412863969802856 64
1761838177609 0.7156473398208618 65
1761838177662 1.1723313331604004 66
1761838177716 0.08691442757844925 67
1761838177770 0.5986672043800354 68
1761838177822 0.3278661072254181 69
1761838177875 0.05785428732633591 70
1761838177928 0.25028911232948303 71
1761838177980 0.5640154480934143 72
1761838178031 0.6372957229614258 73
1761838178085 0.06743919104337692 74
1761838178137 0.11892271041870117 75
1761838178188 0.14589343965053558 76
1761838178240 0.11105405539274216 77
1761838178293 0.05347273871302605 78
1761838178344 0.35713547468185425 79
1761838178396 0.09772241115570068 80
1761838178446 1.200215458869934 81
1761838178497 1.0251926183700562 82
1761838178549 0.07795944064855576 83
1761838178601 0.24865105748176575 84
1761838178652 0.07136198878288269 85
1761838178703 0.6564590334892273 86
1761838178755 0.475744366645813 87
1761838178807 0.4521852433681488 88
1761838178858 0.6503189206123352 89
1761838178911 0.3536818325519562 90
1761838178962 0.009701628237962723 91
1761838179015 0.2284783124923706 92
1761838179070 0.1061725839972496 93
1761838179121 0.02861272171139717 94
1761838179173 0.1478317379951477 95
1761838179227 0.37758588790893555 96
1761838179280 0.7522472739219666 97
1761838179333 0.8817629814147949 98
1761838179386 1.3933279514312744 99
1761838179437 0.48986297845840454 100
1761838179489 0.05230802670121193 101
1761838179542 0.11683963984251022 102
1761838179595 0.12214858829975128 103
1761838179646 0.10927265137434006 104
1761838179700 0.20997880399227142 105
1761838179752 0.6143507957458496 106
1761838179804 0.020403297618031502 107
1761838179857 0.15696841478347778 108
1761838179909 0.08786676824092865 109
1761838179962 1.146214246749878 110
1761838180016 0.3128439784049988 111
1761838180069 0.6661301851272583 112
1761838180122 0.7537458539009094 113
1761838180174 0.1014350950717926 114
1761838180228 0.25946491956710815 115
1761838180280 0.7006313800811768 116
1761838180333 0.12130467593669891 117
1761838180386 1.6457215547561646 118
1761838180437 0.13710300624370575 119
1761838180487 0.47218576073646545 120
1761838180541 0.08526019006967545 121
1761838180594 0.44199565052986145 122
1761838180647 0.19760605692863464 123
1761838180698 0.31511741876602173 124
1761838180750 0.37936604022979736 125
1761838180801 0.06149107962846756 126
1761838180853 0.1426430642604828 127
1761838180906 0.2897043824195862 128
1761838180959 0.01895160973072052 129
1761838181012 0.22761748731136322 130
1761838181066 0.09280683845281601 131
1761838181119 0.4218716621398926 132
1761838181172 0.11437909305095673 133
1761838181225 0.7477504014968872 134
1761838181280 0.6928226947784424 135
1761838181333 0.2928740382194519 136
1761838181385 0.17681708931922913 137
1761838181438 0.7194669246673584 138
1761838181490 0.06701264530420303 139
1761838181542 0.10013843327760696 140
1761838181594 0.9437574744224548 141
1761838181648 0.5506786108016968 142
1761838181700 0.5386899709701538 143
1761838181752 0.4115685820579529 144
1761838181805 0.0076696984469890594 145
1761838181857 0.27745071053504944 146
1761838181908 1.2745215892791748 147
1761838181961 0.0699848160147667 148
1761838182015 0.28148186206817627 149
1761838182067 0.22290384769439697 150
1761838182121 0.14308135211467743 151
1761838182173 0.03499799594283104 152
1761838182226 0.10401719063520432 153
1761838182279 0.38976985216140747 154
1761838182333 0.04309939965605736 155
1761838182385 0.3288891017436981 156
1761838182438 0.21629180014133453 157
1761838182492 0.9590380787849426 158
1761838182544 0.44866466522216797 159
1761838182597 0.5206611752510071 160
1761838182649 0.4031471908092499 161
1761838182701 0.2562589645385742 162
1761838182753 0.20359109342098236 163
1761838182807 0.12599219381809235 164
1761838182860 0.06785985827445984 165
1761838182914 0.18475908041000366 166
1761838182966 0.04904606193304062 167
1761838183020 0.16085249185562134 168
1761838183073 0.7479768991470337 169
1761838183127 0.10011183470487595 170
1761838183180 0.08702363073825836 171
1761838183234 0.23630234599113464 172
1761838183289 1.7449091672897339 173
1761838183342 1.1819545030593872 174
1761838183395 0.7408049702644348 175
1761838183447 0.5355793237686157 176
1761838183501 0.6754873394966125 177
1761838183554 0.15504996478557587 178
1761838183607 0.28213047981262207 179
1761838183660 0.24883460998535156 180
1761838183714 0.29971835017204285 181
1761838183767 0.041380926966667175 182
1761838183821 0.02329116500914097 183
1761838183876 0.030843207612633705 184
1761838183929 0.07996238023042679 185
1761838183983 0.25991159677505493 186
1761838184038 0.3090234100818634 187
1761838184093 0.660794198513031 188
1761838184144 0.2952994704246521 189
1761838184199 0.020221831277012825 190
1761838184254 0.5787815451622009 191
1761838184307 0.378673255443573 192
1761838184363 0.42394858598709106 193
1761838184422 0.30713582038879395 194
1761838184477 0.1365048885345459 195
1761838184531 0.1086815670132637 196
1761838184585 0.32850539684295654 197
1761838184639 0.14134979248046875 198
1761838184693 0.5194858908653259 199
1761838184746 0.5150972008705139 200
1761838184799 0.3170258700847626 201
1761838184857 0.5118330121040344 202
1761838184922 0.6288446187973022 203
1761838184985 0.35596218705177307 204
1761838185048 0.49699342250823975 205
1761838185109 0.49167996644973755 206
1761838185167 0.039617788046598434 207
1761838185239 0.6101516485214233 208
1761838185300 0.6290063261985779 209
1761838185356 0.17658501863479614 210
1761838185412 0.3035772144794464 211
1761838185469 0.06539465487003326 212
1761838185526 0.3614940941333771 213
1761838185582 0.9752991795539856 214
1761838185635 0.44191983342170715 215
1761838185695 0.12017834931612015 216
1761838185760 0.6075202822685242 217
1761838185819 0.8278143405914307 218
1761838185875 0.7458035349845886 219
1761838185932 0.12310805916786194 220
1761838185989 0.04997408762574196 221
1761838186044 0.8686563968658447 222
1761838186100 0.6033504605293274 223
1761838186154 0.30265772342681885 224
1761838186216 0.04093645140528679 225
1761838186285 0.0811339020729065 226
1761838186343 0.48513683676719666 227
1761838186403 0.11144544184207916 228
1761838186462 0.29075685143470764 229
1761838186519 0.1407083421945572 230
1761838186574 1.446635365486145 231
1761838186629 0.08971616625785828 232
1761838186684 0.16859783232212067 233
1761838186749 0.5716028809547424 234
1761838186811 0.10734857618808746 235
1761838186871 1.0161007642745972 236
1761838186927 0.25494498014450073 237
1761838186985 0.035233836621046066 238
1761838187043 0.02256450243294239 239
1761838187100 0.8826263546943665 240
1761838187155 0.25819459557533264 241
1761838187209 0.25149980187416077 242
1761838187262 0.4120565950870514 243
1761838187316 0.06889265775680542 244
1761838187368 1.7661468982696533 245
1761838187422 0.08840630948543549 246
1761838187477 1.0669233798980713 247
1761838187532 0.40127336978912354 248
1761838187588 0.3374233543872833 249
1761838187642 0.07140577584505081 250
1761838187697 0.18985900282859802 251
1761838187752 0.2364712655544281 252
1761838187807 0.4755023121833801 253
1761838187861 0.3555833697319031 254
1761838187914 1.0025222301483154 255
1761838187968 0.05463961511850357 256
1761838188023 0.12590742111206055 257
1761838188081 0.20893387496471405 258
1761838188134 0.5172145366668701 259
1761838188189 0.5760917663574219 260
1761838188245 0.2212018519639969 261
1761838188301 0.08367207646369934 262
1761838188355 0.10026806592941284 263
1761838188410 0.09012360870838165 264
1761838188464 0.039491698145866394 265
1761838188520 0.49675610661506653 266
1761838188574 0.05205946043133736 267
1761838188634 0.13537251949310303 268
1761838188699 1.027040958404541 269
1761838188763 0.020993832498788834 270
1761838188825 0.1722084879875183 271
1761838188889 0.4036639630794525 272
1761838188953 0.7204834222793579 273
1761838189018 0.29690974950790405 274
1761838189083 0.01867741346359253 275
1761838189147 0.04206419363617897 276
1761838189208 0.13975074887275696 277
1761838189269 0.7091513276100159 278
1761838189327 0.5179452300071716 279
1761838189384 1.146880030632019 280
1761838189442 0.1372963935136795 281
1761838189502 0.01648441143333912 282
1761838189578 0.2923339903354645 283
1761838189642 0.14982013404369354 284
1761838189701 0.02155906707048416 285
1761838189760 0.14491058886051178 286
1761838189817 1.6579080820083618 287
1761838189874 0.7465039491653442 288
1761838189931 0.1799771785736084 289
1761838189988 0.49793800711631775 290
1761838190049 0.07352431118488312 291
1761838190110 0.2267426997423172 292
1761838190178 0.25567537546157837 293
1761838190246 0.12673839926719666 294
1761838190326 1.4318320751190186 295
1761838190387 0.20863786339759827 296
1761838190446 0.39578354358673096 297
1761838190506 0.5998830795288086 298
1761838190563 0.11952538788318634 299
1761838190622 1.2491785287857056 300
1761838190687 0.20538541674613953 301
1761838190750 0.10253819078207016 302
1761838190814 0.9228012561798096 303
1761838190877 0.8585678935050964 304
1761838190943 0.8163586854934692 305
1761838191006 0.14379678666591644 306
1761838191068 0.10966233164072037 307
1761838191124 0.4313608407974243 308
1761838191182 0.7647389769554138 309
1761838191244 0.9343174695968628 310
1761838191310 0.03712429106235504 311
1761838191369 0.4026675522327423 312
1761838191427 0.5773003697395325 313
1761838191484 0.1964840143918991 314
1761838191538 0.45896002650260925 315
1761838191592 0.4154743254184723 316
1761838191646 0.7801240682601929 317
1761838191703 0.5068866610527039 318
1761838191759 0.146172434091568 319
1761838191817 0.07252161204814911 320
1761838191873 0.2570984363555908 321
1761838191930 0.5733340978622437 322
1761838191986 1.058366060256958 323
1761838192042 0.7548418045043945 324
1761838192099 0.1968640834093094 325
1761838192157 0.012895091436803341 326
1761838192218 0.888504683971405 327
1761838192323 0.28088346123695374 328
1761838192391 0.29243698716163635 329
1761838192454 1.0517466068267822 330
1761838192515 0.8561640381813049 331
1761838192573 0.177528515458107 332
1761838192631 0.4938218593597412 333
1761838192688 0.46980419754981995 334
1761838192746 0.35960686206817627 335
1761838192803 0.9187754988670349 336
1761838192861 0.06220376864075661 337
1761838192918 0.044617339968681335 338
1761838192973 0.3684936463832855 339
1761838193031 0.5387946367263794 340
1761838193086 0.11422155052423477 341
1761838193143 0.8151460886001587 342
1761838193198 0.3334762156009674 343
1761838193253 0.10286325216293335 344
1761838193307 0.153945654630661 345
1761838193369 0.10256780683994293 346
1761838193426 0.5178248882293701 347
1761838193482 0.06799940019845963 348
1761838193538 0.4716911017894745 349
1761838193596 0.27531668543815613 350
1761838193653 0.6613133549690247 351
1761838193710 0.10608672350645065 352
1761838193767 0.5381489992141724 353
1761838193822 0.4089539349079132 354
1761838193879 0.3554646074771881 355
1761838193936 0.967126727104187 356
1761838193995 0.1810407042503357 357
1761838194054 0.08535733073949814 358
1761838194110 0.637205958366394 359
1761838194167 0.18230760097503662 360
1761838194225 0.16614027321338654 361
1761838194281 0.30749058723449707 362
1761838194339 0.30723387002944946 363
1761838194395 0.5584888458251953 364
1761838194451 0.0755535140633583 365
1761838194509 0.11469171196222305 366
1761838194563 0.42833849787712097 367
1761838194619 0.2543083131313324 368
1761838194674 0.4439798593521118 369
1761838194731 0.2889765501022339 370
1761838194788 0.1237744465470314 371
1761838194849 0.44666218757629395 372
1761838194907 0.36980530619621277 373
1761838194964 0.36949580907821655 374
1761838195020 0.15773136913776398 375
1761838195076 0.4175768494606018 376
1761838195130 0.23821628093719482 377
1761838195185 0.10935994237661362 378
1761838195240 0.4571116268634796 379
1761838195295 0.5527472496032715 380
1761838195352 0.34638160467147827 381
1761838195409 0.12753555178642273 382
1761838195463 0.7829605937004089 383
1761838195517 0.17586617171764374 384
1761838195572 0.23170754313468933 385
1761838195627 0.11287517845630646 386
1761838195680 0.22085587680339813 387
1761838195737 0.14756594598293304 388
1761838195792 0.14269950985908508 389
1761838195849 0.3955077826976776 390
1761838195907 0.43110013008117676 391
1761838195964 0.22219954431056976 392
1761838196021 0.27471086382865906 393
1761838196078 0.7473087906837463 394
1761838196135 1.168325424194336 395
1761838196192 0.14614401757717133 396
1761838196250 0.34615814685821533 397
1761838196307 0.04009249806404114 398
1761838196364 0.5305479764938354 399
1761838196422 0.20004233717918396 400
