1763904633639 1.722151279449463 0
1763904633733 1.5230859518051147 1
1763904633827 1.384709119796753 2
1763904633921 1.2993398904800415 3
1763904634013 1.24481201171875 4
1763904634106 1.1839239597320557 5
1763904634197 1.1453611850738525 6
1763904634288 1.1027593612670898 7
1763904634380 1.065637469291687 8
1763904634471 1.0303438901901245 9
1763904634564 1.0041838884353638 10
1763904634656 0.9807642698287964 11
1763904634747 0.9569228887557983 12
1763904634840 0.9371473789215088 13
1763904634931 0.9182549118995667 14
1763904635023 0.9003088474273682 15
1763904635116 0.881693959236145 16
1763904635209 0.867821455001831 17
1763904635301 0.8502709269523621 18
1763904635392 0.8347249627113342 19
1763904635483 0.818569540977478 20
1763904635575 0.8053216338157654 21
1763904635667 0.7973445653915405 22
1763904635758 0.7861826419830322 23
1763904635850 0.7753158211708069 24
1763904635941 0.7642077803611755 25
1763904636033 0.7551463842391968 26
1763904636125 0.7421936988830566 27
1763904636216 0.734410285949707 28
1763904636308 0.7248523235321045 29
1763904636400 0.7172364592552185 30
1763904636491 0.7073240876197815 31
1763904636583 0.7003496885299683 32
