1763904633639 1.283035159111023 0
1763904633733 1.7152636051177979 1
1763904633827 1.1157662868499756 2
1763904633921 0.7632760405540466 3
1763904634013 0.7130244970321655 4
1763904634106 0.9289694428443909 5
1763904634197 0.8735884428024292 6
1763904634288 0.7770866751670837 7
1763904634380 1.2552335262298584 8
1763904634471 0.8712073564529419 9
1763904634564 0.7819360494613647 10
1763904634656 0.6015170812606812 11
1763904634747 0.49135491251945496 12
1763904634840 0.826428234577179 13
1763904634931 0.7657889723777771 14
1763904635023 0.5740251541137695 15
1763904635116 0.5797688961029053 16
1763904635209 0.8341670036315918 17
1763904635301 0.42239442467689514 18
1763904635392 0.39294078946113586 19
1763904635483 0.28005149960517883 20
1763904635575 0.5052026510238647 21
1763904635667 0.6502639651298523 22
1763904635758 0.84123295545578 23
1763904635850 0.3580109775066376 24
1763904635941 0.7575591206550598 25
1763904636033 0.8116977214813232 26
1763904636125 0.4691874384880066 27
1763904636216 0.4562428295612335 28
1763904636308 0.16087524592876434 29
1763904636400 0.11962123960256577 30
1763904636491 0.5294633507728577 31
1763904636583 0.7208710312843323 32
