1761837630910 1.530900239944458 0
1761837630931 1.2031291723251343 1
1761837630952 1.0063506364822388 2
1761837630972 0.8765690326690674 3
1761837630993 0.7785108089447021 4
1761837631014 0.696319043636322 5
1761837631034 0.6263512969017029 6
1761837631053 0.5712893605232239 7
1761837631074 0.5376648306846619 8
1761837631094 0.5188859701156616 9
1761837631114 0.49991121888160706 10
1761837631135 0.4809853732585907 11
1761837631155 0.45883846282958984 12
1761837631175 0.43206149339675903 13
1761837631194 0.4057542085647583 14
