1761837630910 1.2200943231582642 0
1761837630931 1.952899694442749 1
1761837630952 0.24486272037029266 2
1761837630972 1.021141529083252 3
1761837630993 0.05930803343653679 4
1761837631014 0.13545088469982147 5
1761837631034 0.3405832052230835 6
1761837631053 0.13547685742378235 7
1761837631074 0.04203370213508606 8
1761837631094 0.49611398577690125 9
1761837631114 0.11606011539697647 10
1761837631135 0.5803487300872803 11
1761837631155 0.027572568506002426 12
1761837631175 0.011881898157298565 13
1761837631194 0.02229667641222477 14
