1761839852340 1.7681113481521606 0
1761839852417 1.5995136499404907 1
1761839852495 1.4840211868286133 2
1761839852572 1.4129654169082642 3
1761839852644 1.3341739177703857 4
1761839852717 1.2754695415496826 5
1761839852791 1.2193113565444946 6
1761839852867 1.173006534576416 7
1761839852942 1.1448463201522827 8
1761839853017 1.1090508699417114 9
1761839853088 1.0736972093582153 10
1761839853162 1.0474601984024048 11
1761839853233 1.0191309452056885 12
1761839853307 1.0018552541732788 13
1761839853379 0.9792041182518005 14
1761839853452 0.9574665427207947 15
1761839853523 0.9375222325325012 16
1761839853598 0.918917715549469 17
1761839853668 0.8978601098060608 18
1761839853741 0.8857111930847168 19
1761839853812 0.8705830574035645 20
1761839853883 0.8535976409912109 21
1761839853956 0.8389887809753418 22
1761839854026 0.8231809139251709 23
1761839854097 0.8052293062210083 24
1761839854169 0.7902186512947083 25
1761839854241 0.775831937789917 26
1761839854312 0.7609692811965942 27
1761839854383 0.7458555102348328 28
1761839854456 0.7320019602775574 29
1761839854525 0.720353901386261 30
1761839854597 0.710644543170929 31
1761839854669 0.6987211108207703 32
1761839854740 0.6903174519538879 33
1761839854812 0.6813529133796692 34
1761839854884 0.672907829284668 35
1761839854956 0.6644108891487122 36
1761839855028 0.6543745398521423 37
1761839855101 0.6474834084510803 38
1761839855174 0.6398941278457642 39
1761839855246 0.6315770745277405 40
1761839855322 0.6244481801986694 41
1761839855397 0.6172480583190918 42
1761839855470 0.6103423833847046 43
1761839855543 0.6041848659515381 44
1761839855617 0.59793621301651 45
1761839855693 0.5914990901947021 46
1761839855767 0.5852651000022888 47
1761839855842 0.5793845653533936 48
1761839855915 0.5744929313659668 49
1761839855988 0.5711040496826172 50
1761839856062 0.5658326148986816 51
1761839856133 0.5623394846916199 52
1761839856206 0.5581298470497131 53
1761839856284 0.5547396540641785 54
1761839856360 0.5506458878517151 55
1761839856433 0.5463237762451172 56
1761839856505 0.5429256558418274 57
1761839856577 0.539225161075592 58
1761839856651 0.5353386402130127 59
1761839856722 0.5313429236412048 60
1761839856794 0.5282014608383179 61
1761839856867 0.5246082544326782 62
1761839856938 0.5223751664161682 63
1761839857010 0.5191889405250549 64
1761839857083 0.5160117745399475 65
1761839857157 0.513497531414032 66
1761839857231 0.5111702680587769 67
1761839857304 0.5082166790962219 68
1761839857376 0.5055668950080872 69
1761839857447 0.503193199634552 70
1761839857521 0.5009595155715942 71
1761839857598 0.49917683005332947 72
1761839857673 0.49714645743370056 73
1761839857746 0.49483346939086914 74
1761839857822 0.4928535223007202 75
1761839857895 0.49078160524368286 76
1761839857967 0.4886849522590637 77
1761839858044 0.4870818555355072 78
1761839858115 0.4848947525024414 79
1761839858187 0.4835423231124878 80
1761839858266 0.48161786794662476 81
1761839858343 0.4797874987125397 82
1761839858419 0.4779440462589264 83
1761839858494 0.4765453338623047 84
1761839858571 0.47500479221343994 85
1761839858647 0.47301220893859863 86
1761839858722 0.4719032347202301 87
1761839858796 0.4703620970249176 88
1761839858871 0.46849244832992554 89
1761839858943 0.46659916639328003 90
1761839859019 0.4652615785598755 91
1761839859097 0.46390002965927124 92
1761839859175 0.4622012972831726 93
1761839859251 0.4614831209182739 94
1761839859326 0.46009698510169983 95
1761839859401 0.45876678824424744 96
1761839859475 0.45719075202941895 97
1761839859549 0.45627954602241516 98
1761839859623 0.4552547335624695 99
1761839859696 0.4540102779865265 100
1761839859770 0.45260611176490784 101
1761839859841 0.45121490955352783 102
1761839859915 0.4498697519302368 103
1761839859995 0.44883161783218384 104
1761839860069 0.4480036497116089 105
1761839860142 0.4465777277946472 106
1761839860216 0.44533610343933105 107
1761839860290 0.44407472014427185 108
1761839860364 0.44273141026496887 109
1761839860436 0.4418736696243286 110
1761839860509 0.4406128227710724 111
1761839860581 0.43984878063201904 112
1761839860655 0.43897637724876404 113
1761839860728 0.43824443221092224 114
1761839860800 0.43741488456726074 115
1761839860873 0.4360814392566681 116
1761839860947 0.4352007806301117 117
1761839861019 0.43484383821487427 118
1761839861091 0.4339927136898041 119
1761839861163 0.43316709995269775 120
1761839861235 0.4321931004524231 121
1761839861307 0.4313076436519623 122
1761839861380 0.4307713508605957 123
1761839861454 0.42994385957717896 124
1761839861529 0.4287604093551636 125
1761839861606 0.4278551936149597 126
1761839861684 0.4270883798599243 127
1761839861761 0.4260781407356262 128
1761839861849 0.4250456690788269 129
1761839861932 0.4243350028991699 130
1761839862009 0.42401236295700073 131
1761839862084 0.4238108694553375 132
1761839862159 0.4231502115726471 133
1761839862240 0.42271968722343445 134
1761839862329 0.42229774594306946 135
1761839862412 0.42145922780036926 136
1761839862496 0.42076238989830017 137
1761839862577 0.4203733503818512 138
1761839862656 0.4198090732097626 139
1761839862732 0.418881893157959 140
1761839862807 0.4182051122188568 141
1761839862881 0.41765540838241577 142
1761839862964 0.417356938123703 143
1761839863042 0.4167934060096741 144
1761839863120 0.416409969329834 145
1761839863197 0.41588303446769714 146
1761839863277 0.41541221737861633 147
1761839863354 0.41456353664398193 148
1761839863435 0.4141886830329895 149
1761839863514 0.41392529010772705 150
1761839863589 0.4134942591190338 151
1761839863662 0.4129638671875 152
1761839863736 0.41251254081726074 153
1761839863812 0.41190439462661743 154
1761839863887 0.41119247674942017 155
1761839863958 0.41050586104393005 156
1761839864029 0.40980395674705505 157
1761839864103 0.40917515754699707 158
1761839864177 0.4085597097873688 159
1761839864251 0.40811774134635925 160
1761839864323 0.4072893559932709 161
1761839864396 0.4066930413246155 162
1761839864469 0.40638381242752075 163
1761839864543 0.40578949451446533 164
1761839864616 0.40503719449043274 165
1761839864698 0.4049646556377411 166
1761839864776 0.40434888005256653 167
1761839864853 0.4039648771286011 168
1761839864936 0.4036356508731842 169
1761839865012 0.40315568447113037 170
1761839865091 0.4026704728603363 171
1761839865169 0.4020574986934662 172
1761839865245 0.40152233839035034 173
1761839865316 0.4012438952922821 174
1761839865390 0.4007565379142761 175
1761839865463 0.40025007724761963 176
1761839865537 0.39981183409690857 177
1761839865611 0.39961278438568115 178
1761839865683 0.39953988790512085 179
1761839865756 0.39911124110221863 180
1761839865837 0.3986659348011017 181
1761839865919 0.3982505798339844 182
1761839865996 0.397941917181015 183
1761839866075 0.39718708395957947 184
1761839866162 0.3968455195426941 185
1761839866243 0.39654073119163513 186
1761839866319 0.3962818682193756 187
1761839866397 0.39587074518203735 188
1761839866478 0.39561304450035095 189
1761839866580 0.39527854323387146 190
1761839866668 0.39507609605789185 191
1761839866756 0.39470821619033813 192
1761839866835 0.3942224383354187 193
1761839866913 0.39405909180641174 194
1761839866991 0.3936237096786499 195
1761839867067 0.3932586908340454 196
1761839867143 0.3929993808269501 197
1761839867222 0.39276403188705444 198
1761839867303 0.3926287889480591 199
1761839867382 0.3923111855983734 200
1761839867463 0.3918324410915375 201
1761839867541 0.3914228081703186 202
1761839867617 0.39094826579093933 203
1761839867692 0.39046844840049744 204
1761839867767 0.3902064859867096 205
1761839867842 0.38984397053718567 206
1761839867915 0.3895488977432251 207
1761839867993 0.38944098353385925 208
1761839868091 0.389244019985199 209
1761839868168 0.3889663517475128 210
1761839868245 0.3887881338596344 211
1761839868322 0.3885089159011841 212
1761839868398 0.38824042677879333 213
1761839868473 0.38802143931388855 214
1761839868548 0.38789311051368713 215
1761839868624 0.3878292739391327 216
1761839868696 0.3876059353351593 217
1761839868770 0.38738447427749634 218
1761839868842 0.38713178038597107 219
1761839868916 0.38702669739723206 220
1761839868992 0.3867424428462982 221
1761839869066 0.38637515902519226 222
1761839869142 0.38620129227638245 223
1761839869216 0.3861919343471527 224
1761839869291 0.385930597782135 225
1761839869368 0.38554802536964417 226
1761839869445 0.38540899753570557 227
1761839869523 0.38515689969062805 228
1761839869599 0.38477835059165955 229
1761839869673 0.3843778371810913 230
1761839869750 0.3842642903327942 231
1761839869827 0.3841775357723236 232
1761839869903 0.38404589891433716 233
1761839869978 0.3838323950767517 234
1761839870048 0.38362887501716614 235
1761839870124 0.38352105021476746 236
1761839870198 0.38336530327796936 237
1761839870278 0.3829928934574127 238
1761839870357 0.3830329179763794 239
1761839870447 0.3828035295009613 240
1761839870539 0.3827061951160431 241
1761839870621 0.38261187076568604 242
1761839870702 0.38240355253219604 243
1761839870783 0.38249772787094116 244
1761839870867 0.3821771740913391 245
1761839870950 0.3819015920162201 246
1761839871031 0.3818186819553375 247
1761839871113 0.38155898451805115 248
1761839871192 0.38126084208488464 249
1761839871275 0.3810546398162842 250
1761839871352 0.3808360993862152 251
1761839871430 0.3805433213710785 252
1761839871514 0.38035374879837036 253
1761839871600 0.3800932466983795 254
1761839871685 0.37971892952919006 255
1761839871767 0.37956273555755615 256
1761839871844 0.3794216811656952 257
1761839871923 0.3791002631187439 258
1761839872006 0.37897029519081116 259
1761839872085 0.37901440262794495 260
1761839872161 0.378947377204895 261
1761839872235 0.3786972761154175 262
1761839872310 0.3784472644329071 263
1761839872384 0.37821444869041443 264
1761839872456 0.3782304525375366 265
1761839872531 0.3779645264148712 266
1761839872606 0.37762200832366943 267
1761839872685 0.37750351428985596 268
1761839872791 0.37748590111732483 269
1761839872877 0.3773868680000305 270
1761839872963 0.377278596162796 271
1761839873044 0.37713342905044556 272
1761839873126 0.3769318461418152 273
1761839873204 0.3767740726470947 274
1761839873277 0.376475989818573 275
1761839873351 0.3761748969554901 276
1761839873425 0.37585577368736267 277
1761839873502 0.3757084608078003 278
1761839873579 0.3755837380886078 279
1761839873664 0.37531110644340515 280
1761839873750 0.37532562017440796 281
1761839873836 0.3754187226295471 282
1761839873954 0.37518781423568726 283
1761839874039 0.3750205636024475 284
1761839874114 0.37482649087905884 285
1761839874191 0.3747327923774719 286
1761839874270 0.37450307607650757 287
1761839874349 0.37435460090637207 288
1761839874420 0.37407076358795166 289
1761839874497 0.3738843500614166 290
1761839874575 0.37357959151268005 291
1761839874653 0.37324923276901245 292
1761839874731 0.3733031153678894 293
1761839874807 0.3731265068054199 294
1761839874903 0.3730222284793854 295
1761839874979 0.3730853796005249 296
1761839875057 0.372876912355423 297
1761839875134 0.37262779474258423 298
1761839875208 0.37273433804512024 299
1761839875283 0.3725268840789795 300
1761839875357 0.3723417818546295 301
1761839875433 0.3721112906932831 302
1761839875502 0.37201038002967834 303
1761839875573 0.3718307316303253 304
1761839875648 0.3717237114906311 305
1761839875725 0.37159106135368347 306
1761839875804 0.3714451193809509 307
1761839875880 0.3715044856071472 308
1761839875955 0.3713821470737457 309
1761839876032 0.3713317811489105 310
1761839876112 0.3712663948535919 311
1761839876191 0.37113475799560547 312
1761839876271 0.37086987495422363 313
1761839876347 0.37075966596603394 314
1761839876423 0.37054094672203064 315
1761839876498 0.3706941604614258 316
1761839876572 0.3705475628376007 317
1761839876645 0.3703221380710602 318
1761839876723 0.37007787823677063 319
1761839876798 0.36978277564048767 320
1761839876874 0.36970213055610657 321
1761839876950 0.36946046352386475 322
1761839877026 0.3692969083786011 323
1761839877102 0.3689849376678467 324
1761839877178 0.36886754631996155 325
1761839877256 0.3688640594482422 326
1761839877334 0.3687124252319336 327
1761839877414 0.3685871958732605 328
1761839877492 0.36840617656707764 329
1761839877572 0.36821863055229187 330
1761839877651 0.36821407079696655 331
1761839877729 0.368272066116333 332
1761839877808 0.3679962456226349 333
1761839877886 0.3679722547531128 334
1761839877966 0.3677852749824524 335
1761839878047 0.3676842451095581 336
1761839878124 0.36759355664253235 337
1761839878200 0.3675040900707245 338
1761839878274 0.36737239360809326 339
1761839878348 0.36709800362586975 340
1761839878424 0.36715248227119446 341
1761839878500 0.36703750491142273 342
1761839878573 0.36687198281288147 343
1761839878648 0.3667667508125305 344
1761839878723 0.36672738194465637 345
1761839878798 0.36663973331451416 346
1761839878874 0.3664332926273346 347
1761839878949 0.36660099029541016 348
1761839879025 0.3666094243526459 349
1761839879100 0.3665339946746826 350
1761839879176 0.36643362045288086 351
1761839879251 0.3662421703338623 352
1761839879325 0.36611032485961914 353
1761839879401 0.36601534485816956 354
1761839879475 0.36576443910598755 355
1761839879550 0.36571115255355835 356
1761839879623 0.36551719903945923 357
1761839879697 0.36533451080322266 358
1761839879770 0.36513450741767883 359
1761839879844 0.36491402983665466 360
1761839879920 0.3647555708885193 361
1761839879996 0.36464884877204895 362
1761839880072 0.3643798232078552 363
1761839880148 0.36452481150627136 364
1761839880228 0.3643733263015747 365
1761839880305 0.36413905024528503 366
1761839880384 0.3640294075012207 367
1761839880462 0.3639308512210846 368
1761839880540 0.36402755975723267 369
1761839880620 0.36384832859039307 370
1761839880697 0.36380863189697266 371
1761839880778 0.3639369606971741 372
1761839880854 0.3638972043991089 373
1761839880932 0.3637356162071228 374
1761839881008 0.36373767256736755 375
1761839881084 0.3637390732765198 376
1761839881159 0.3635270893573761 377
1761839881235 0.3633754551410675 378
1761839881312 0.36345943808555603 379
1761839881385 0.3633415400981903 380
1761839881459 0.36317360401153564 381
1761839881536 0.36312058568000793 382
1761839881611 0.3631455600261688 383
1761839881685 0.3631075918674469 384
1761839881761 0.3630976676940918 385
1761839881836 0.3629460334777832 386
1761839881910 0.3628348708152771 387
1761839881984 0.36265966296195984 388
1761839882062 0.3626754879951477 389
1761839882139 0.36247962713241577 390
1761839882215 0.3624393045902252 391
1761839882290 0.3622414469718933 392
1761839882364 0.3620746433734894 393
1761839882439 0.3619660437107086 394
1761839882513 0.3618762493133545 395
1761839882590 0.36165937781333923 396
1761839882663 0.3615269958972931 397
1761839882740 0.3613092005252838 398
1761839882814 0.3612569272518158 399
1761839882890 0.3612355589866638 400
