1761839852340 1.2577931880950928 0
1761839852417 1.304449200630188 1
1761839852495 0.9828963875770569 2
1761839852572 1.3935134410858154 3
1761839852644 1.3420994281768799 4
1761839852717 0.7569969892501831 5
1761839852791 0.30057716369628906 6
1761839852867 2.4587693214416504 7
1761839852942 1.2200952768325806 8
1761839853017 1.1271393299102783 9
1761839853088 0.5965843796730042 10
1761839853162 1.8570691347122192 11
1761839853233 0.3959183394908905 12
1761839853307 0.9091847538948059 13
1761839853379 2.017735004425049 14
1761839853452 1.311170220375061 15
1761839853523 0.6351228952407837 16
1761839853598 0.22965456545352936 17
1761839853668 0.9953280091285706 18
1761839853741 1.6015613079071045 19
1761839853812 0.5111371278762817 20
1761839853883 1.101918339729309 21
1761839853956 0.991999626159668 22
1761839854026 0.11502332240343094 23
1761839854097 0.6719986796379089 24
1761839854169 0.09270962327718735 25
1761839854241 0.8691803216934204 26
1761839854312 0.5423415899276733 27
1761839854383 0.10961506515741348 28
1761839854456 0.6097637414932251 29
1761839854525 0.26798516511917114 30
1761839854597 1.651756763458252 31
1761839854669 0.10371752083301544 32
1761839854740 0.3671019673347473 33
1761839854812 0.2221522182226181 34
1761839854884 2.5083632469177246 35
1761839854956 1.0613086223602295 36
1761839855028 0.47292765974998474 37
1761839855101 0.6248552203178406 38
1761839855174 0.9192632436752319 39
1761839855246 0.07854993641376495 40
1761839855322 0.21182644367218018 41
1761839855397 0.3776201009750366 42
1761839855470 0.43761417269706726 43
1761839855543 0.638267993927002 44
1761839855617 0.5118069648742676 45
1761839855693 0.27569928765296936 46
1761839855767 0.21468552947044373 47
1761839855842 0.28335559368133545 48
1761839855915 0.3899385333061218 49
1761839855988 0.1342591941356659 50
1761839856062 0.08551516383886337 51
1761839856133 0.7645847201347351 52
1761839856206 1.6231729984283447 53
1761839856284 0.8357352018356323 54
1761839856360 1.4471241235733032 55
1761839856433 0.07400283217430115 56
1761839856505 0.1900693029165268 57
1761839856577 0.43201524019241333 58
1761839856651 0.5054202079772949 59
1761839856722 0.25706782937049866 60
1761839856794 0.3050994277000427 61
1761839856867 0.5668566226959229 62
1761839856938 0.1534528136253357 63
1761839857010 0.4113098680973053 64
1761839857083 0.294377863407135 65
1761839857157 0.8175946474075317 66
1761839857231 0.2835451066493988 67
1761839857304 0.40894877910614014 68
1761839857376 0.07294673472642899 69
1761839857447 0.976239025592804 70
1761839857521 0.8129699230194092 71
1761839857598 0.6553606986999512 72
1761839857673 0.17634806036949158 73
1761839857746 0.05123541131615639 74
1761839857822 1.151845097541809 75
1761839857895 1.5359442234039307 76
1761839857967 0.45596954226493835 77
1761839858044 0.25483328104019165 78
1761839858115 0.5902502536773682 79
1761839858187 0.4150152802467346 80
1761839858266 0.15138958394527435 81
1761839858343 0.584735095500946 82
1761839858419 0.5509740710258484 83
1761839858494 1.1361736059188843 84
1761839858571 0.6243093013763428 85
1761839858647 0.5979441404342651 86
1761839858722 0.5234763622283936 87
1761839858796 0.2594545781612396 88
1761839858871 0.3981517553329468 89
1761839858943 0.45537444949150085 90
1761839859019 0.22014379501342773 91
1761839859097 0.20034152269363403 92
1761839859175 0.2153099775314331 93
1761839859251 1.511523723602295 94
1761839859326 0.2070602923631668 95
1761839859401 0.526979923248291 96
1761839859475 0.4419301748275757 97
1761839859549 1.026219129562378 98
1761839859623 0.17178921401500702 99
1761839859696 0.4394417405128479 100
1761839859770 0.0973893329501152 101
1761839859841 0.4257315397262573 102
1761839859915 0.4690055251121521 103
1761839859995 0.604591965675354 104
1761839860069 0.9090412855148315 105
1761839860142 0.5768328905105591 106
1761839860216 0.23373861610889435 107
1761839860290 0.665432870388031 108
1761839860364 0.21223892271518707 109
1761839860436 0.3233410716056824 110
1761839860509 0.021891290321946144 111
1761839860581 0.5722145438194275 112
1761839860655 0.29614776372909546 113
1761839860728 0.114011250436306 114
1761839860800 0.20813895761966705 115
1761839860873 0.5195313692092896 116
1761839860947 0.6275889277458191 117
1761839861019 0.8698841333389282 118
1761839861091 0.5612231492996216 119
1761839861163 0.2829497456550598 120
1761839861235 0.30391985177993774 121
1761839861307 0.6160351634025574 122
1761839861380 0.3909146189689636 123
1761839861454 0.6289110779762268 124
1761839861529 0.45406821370124817 125
1761839861606 0.19330279529094696 126
1761839861684 0.8836363554000854 127
1761839861761 0.48246023058891296 128
1761839861849 0.3529624044895172 129
1761839861932 0.3296739459037781 130
1761839862009 0.46520769596099854 131
1761839862084 0.1727878749370575 132
1761839862159 1.4897726774215698 133
1761839862240 1.0630460977554321 134
1761839862329 0.5237188935279846 135
1761839862412 0.15387174487113953 136
1761839862496 0.4719865322113037 137
1761839862577 0.1649864912033081 138
1761839862656 1.7123726606369019 139
1761839862732 0.8721047043800354 140
1761839862807 0.04223968833684921 141
1761839862881 0.14015747606754303 142
1761839862964 0.5944536924362183 143
1761839863042 0.9005459547042847 144
1761839863120 0.19411927461624146 145
1761839863197 1.2364904880523682 146
1761839863277 0.33340123295783997 147
1761839863354 0.3393082022666931 148
1761839863435 0.7675349712371826 149
1761839863514 0.9652240872383118 150
1761839863589 0.19156748056411743 151
1761839863662 0.1297440230846405 152
1761839863736 0.25632423162460327 153
1761839863812 0.5535937547683716 154
1761839863887 0.31674379110336304 155
1761839863958 0.07558489590883255 156
1761839864029 0.8830569386482239 157
1761839864103 0.7375983595848083 158
1761839864177 0.48904725909233093 159
1761839864251 0.35161730647087097 160
1761839864323 0.07293593138456345 161
1761839864396 0.4201699197292328 162
1761839864469 0.5067275762557983 163
1761839864543 0.27846381068229675 164
1761839864616 0.9950939416885376 165
1761839864698 0.24815763533115387 166
1761839864776 0.49970734119415283 167
1761839864853 0.2766278386116028 168
1761839864936 0.44933071732521057 169
1761839865012 0.42334386706352234 170
1761839865091 1.1378642320632935 171
1761839865169 0.619886577129364 172
1761839865245 0.1331384778022766 173
1761839865316 1.1975466012954712 174
1761839865390 0.24547234177589417 175
1761839865463 0.30768701434135437 176
1761839865537 0.4534686207771301 177
1761839865611 0.6874189376831055 178
1761839865683 0.8384701013565063 179
1761839865756 0.11803243309259415 180
1761839865837 0.6776087880134583 181
1761839865919 0.6810867190361023 182
1761839865996 0.9399157166481018 183
1761839866075 0.19960333406925201 184
1761839866162 0.8708939552307129 185
1761839866243 1.5331512689590454 186
1761839866319 0.4617529511451721 187
1761839866397 0.45582711696624756 188
1761839866478 0.14116737246513367 189
1761839866580 0.21024008095264435 190
1761839866668 0.904839038848877 191
1761839866756 0.0780014768242836 192
1761839866835 0.5161809921264648 193
1761839866913 0.5953510403633118 194
1761839866991 0.2690163552761078 195
1761839867067 0.5744926929473877 196
1761839867143 0.2982003688812256 197
1761839867222 0.6904274821281433 198
1761839867303 0.3051318824291229 199
1761839867382 0.2264629602432251 200
1761839867463 0.20059193670749664 201
1761839867541 0.108432337641716 202
1761839867617 1.0781188011169434 203
1761839867692 0.5805434584617615 204
1761839867767 1.6766740083694458 205
1761839867842 0.12363580614328384 206
1761839867915 1.2004008293151855 207
1761839867993 0.8842099905014038 208
1761839868091 0.11805742979049683 209
1761839868168 0.4381159543991089 210
1761839868245 0.2172071635723114 211
1761839868322 0.13286706805229187 212
1761839868398 0.4772214889526367 213
1761839868473 0.36871397495269775 214
1761839868548 1.0413919687271118 215
1761839868624 0.5040117502212524 216
1761839868696 0.41524165868759155 217
1761839868770 0.9401810169219971 218
1761839868842 0.0872059091925621 219
1761839868916 0.9762956500053406 220
1761839868992 1.6656293869018555 221
1761839869066 0.1293744295835495 222
1761839869142 1.1136798858642578 223
1761839869216 0.7283943891525269 224
1761839869291 1.046101450920105 225
1761839869368 0.20040196180343628 226
1761839869445 0.9899231195449829 227
1761839869523 0.8643476963043213 228
1761839869599 0.1127954050898552 229
1761839869673 0.17377296090126038 230
1761839869750 1.16920006275177 231
1761839869827 0.5646388530731201 232
1761839869903 0.4575059413909912 233
1761839869978 0.3445535898208618 234
1761839870048 0.5826200842857361 235
1761839870124 0.1744042932987213 236
1761839870198 0.9981542825698853 237
1761839870278 0.5706807374954224 238
1761839870357 0.7229112982749939 239
1761839870447 0.3706015348434448 240
1761839870539 0.4123978316783905 241
1761839870621 0.85140061378479 242
1761839870702 1.865099549293518 243
1761839870783 0.6600084900856018 244
1761839870867 1.4455169439315796 245
1761839870950 0.22598862648010254 246
1761839871031 1.2861632108688354 247
1761839871113 0.6329026818275452 248
1761839871192 0.28111931681632996 249
1761839871275 0.2355765700340271 250
1761839871352 0.56378173828125 251
1761839871430 0.07129204273223877 252
1761839871514 0.2611050307750702 253
1761839871600 0.2951526939868927 254
1761839871685 0.15386757254600525 255
1761839871767 0.6747546792030334 256
1761839871844 0.4282224178314209 257
1761839871923 0.49769970774650574 258
1761839872006 1.7690647840499878 259
1761839872085 0.5687297582626343 260
1761839872161 0.11267480254173279 261
1761839872235 0.4381466805934906 262
1761839872310 0.32782456278800964 263
1761839872384 0.5137555003166199 264
1761839872456 0.5693003535270691 265
1761839872531 0.7171853184700012 266
1761839872606 0.16459299623966217 267
1761839872685 0.227520152926445 268
1761839872791 0.16105735301971436 269
1761839872877 0.6004833579063416 270
1761839872963 0.874700129032135 271
1761839873044 0.09125214070081711 272
1761839873126 0.691724419593811 273
1761839873204 0.33837881684303284 274
1761839873277 0.04811714589595795 275
1761839873351 0.14946794509887695 276
1761839873425 0.40093541145324707 277
1761839873502 0.6275506615638733 278
1761839873579 0.46881303191185 279
1761839873664 0.14932072162628174 280
1761839873750 2.615358591079712 281
1761839873836 1.6580206155776978 282
1761839873954 0.05454019829630852 283
1761839874039 0.2192642092704773 284
1761839874114 0.499397337436676 285
1761839874191 0.7365297079086304 286
1761839874270 0.42239558696746826 287
1761839874349 0.7955729961395264 288
1761839874420 0.3118544816970825 289
1761839874497 0.48823556303977966 290
1761839874575 0.3866477310657501 291
1761839874653 0.5688970685005188 292
1761839874731 0.06658092141151428 293
1761839874807 0.21558699011802673 294
1761839874903 1.1290390491485596 295
1761839874979 0.7366160154342651 296
1761839875057 0.7990857362747192 297
1761839875134 0.039863746613264084 298
1761839875208 0.9153711795806885 299
1761839875283 0.5791118741035461 300
1761839875357 0.5191681385040283 301
1761839875433 0.3462792932987213 302
1761839875502 0.4865565299987793 303
1761839875573 0.030860446393489838 304
1761839875648 0.8372470736503601 305
1761839875725 0.04278616979718208 306
1761839875804 1.8950798511505127 307
1761839875880 0.9445307850837708 308
1761839875955 0.03102695383131504 309
1761839876032 0.18653610348701477 310
1761839876112 0.09935025125741959 311
1761839876191 0.7090534567832947 312
1761839876271 0.1601170301437378 313
1761839876347 1.0757156610488892 314
1761839876423 0.3619934022426605 315
1761839876498 1.3193395137786865 316
1761839876572 0.2352270931005478 317
1761839876645 0.7792422771453857 318
1761839876723 0.2261935919523239 319
1761839876798 0.10285485535860062 320
1761839876874 0.44539308547973633 321
1761839876950 0.7987682223320007 322
1761839877026 0.18499845266342163 323
1761839877102 0.2544364035129547 324
1761839877178 0.5318527221679688 325
1761839877256 1.0041899681091309 326
1761839877334 0.0990210548043251 327
1761839877414 0.2557718753814697 328
1761839877492 0.0391317717730999 329
1761839877572 0.2590462267398834 330
1761839877651 1.3527833223342896 331
1761839877729 0.29376837611198425 332
1761839877808 0.20625782012939453 333
1761839877886 0.5384668111801147 334
1761839877966 0.4142010807991028 335
1761839878047 0.20526476204395294 336
1761839878124 0.5221735835075378 337
1761839878200 0.24590107798576355 338
1761839878274 0.5132171511650085 339
1761839878348 0.09796997904777527 340
1761839878424 0.7493637204170227 341
1761839878500 0.29266107082366943 342
1761839878573 0.8579795360565186 343
1761839878648 0.2676175534725189 344
1761839878723 0.1219991147518158 345
1761839878798 0.12282977998256683 346
1761839878874 0.24153393507003784 347
1761839878949 0.326682984828949 348
1761839879025 0.09541691839694977 349
1761839879100 0.7534878849983215 350
1761839879176 0.40927237272262573 351
1761839879251 1.022581696510315 352
1761839879325 0.1884872168302536 353
1761839879401 1.1349886655807495 354
1761839879475 0.2582729458808899 355
1761839879550 0.21865534782409668 356
1761839879623 0.3433074951171875 357
1761839879697 0.49986714124679565 358
1761839879770 0.6451960206031799 359
1761839879844 0.510033130645752 360
1761839879920 0.842204213142395 361
1761839879996 0.4598049521446228 362
1761839880072 0.10974431782960892 363
1761839880148 1.6842840909957886 364
1761839880228 0.5353283882141113 365
1761839880305 0.2326347827911377 366
1761839880384 1.1820825338363647 367
1761839880462 0.49529436230659485 368
1761839880540 1.459245204925537 369
1761839880620 0.49482831358909607 370
1761839880697 0.5954057574272156 371
1761839880778 1.2938088178634644 372
1761839880854 0.8749116659164429 373
1761839880932 0.5551764369010925 374
1761839881008 0.4094606339931488 375
1761839881084 0.44914746284484863 376
1761839881159 0.14817455410957336 377
1761839881235 0.2497970163822174 378
1761839881312 0.5647532939910889 379
1761839881385 0.2610955238342285 380
1761839881459 0.11983589082956314 381
1761839881536 0.30707505345344543 382
1761839881611 1.0251142978668213 383
1761839881685 0.18223704397678375 384
1761839881761 1.0756664276123047 385
1761839881836 0.3508581221103668 386
1761839881910 0.34292399883270264 387
1761839881984 0.16463933885097504 388
1761839882062 1.230845332145691 389
1761839882139 0.38935214281082153 390
1761839882215 0.6792057156562805 391
1761839882290 0.6914187073707581 392
1761839882364 0.4249354302883148 393
1761839882439 0.6395145654678345 394
1761839882513 0.2578231990337372 395
1761839882590 0.062183089554309845 396
1761839882663 0.2986375391483307 397
1761839882740 0.08824797719717026 398
1761839882814 0.9699958562850952 399
1761839882890 0.813456654548645 400
