1762791792918 1.6940466165542603 0
1762791792968 1.4285972118377686 1
1762791793018 1.2884564399719238 2
1762791793071 1.1844537258148193 3
1762791793128 1.1069002151489258 4
1762791793180 1.0576977729797363 5
1762791793229 1.0068634748458862 6
1762791793282 0.9641677141189575 7
1762791793333 0.9252566695213318 8
1762791793383 0.8891734480857849 9
1762791793433 0.8607676029205322 10
1762791793484 0.8303706049919128 11
1762791793535 0.8024251461029053 12
1762791793587 0.7763534784317017 13
1762791793637 0.7540285587310791 14
1762791793686 0.7363212704658508 15
1762791793735 0.7185121774673462 16
1762791793784 0.7046884298324585 17
1762791793836 0.6888921856880188 18
1762791793886 0.6753180027008057 19
1762791793936 0.6619683504104614 20
1762791793986 0.6496064066886902 21
1762791794036 0.6361737847328186 22
