1762791792918 0.9042140245437622 0
1762791792968 1.296249508857727 1
1762791793018 0.94637531042099 2
1762791793071 0.5963844060897827 3
1762791793128 0.7212362289428711 4
1762791793180 1.0828566551208496 5
1762791793229 0.8233294486999512 6
1762791793282 0.37302419543266296 7
1762791793333 0.6428484320640564 8
1762791793383 0.5172181129455566 9
1762791793433 0.885063111782074 10
1762791793484 0.7235183715820312 11
1762791793535 0.6059049367904663 12
1762791793587 0.4735284149646759 13
1762791793637 0.7142549157142639 14
1762791793686 0.3833142817020416 15
1762791793735 0.4767910838127136 16
1762791793784 0.49323099851608276 17
1762791793836 0.28282737731933594 18
1762791793886 0.6253999471664429 19
1762791793936 0.4537886381149292 20
1762791793986 0.29430633783340454 21
1762791794036 0.18742743134498596 22
