1763913306352 1.7270361185073853 0
1763913306442 1.4949815273284912 1
1763913306535 1.3788751363754272 2
1763913306627 1.3015358448028564 3
1763913306718 1.2304214239120483 4
1763913306910 1.176275372505188 5
1763913307002 1.1317421197891235 6
1763913307096 1.0936264991760254 7
1763913307192 1.0538746118545532 8
1763913307285 1.0226125717163086 9
1763913307376 0.9967198371887207 10
1763913307471 0.9696294069290161 11
1763913307567 0.9506047368049622 12
1763913307663 0.935322105884552 13
1763913307757 0.9179602265357971 14
1763913307850 0.8975794315338135 15
1763913307945 0.8804692029953003 16
1763913308040 0.8635216355323792 17
1763913308131 0.8474708199501038 18
1763913308223 0.8345490097999573 19
1763913308312 0.8202033042907715 20
1763913308403 0.805741012096405 21
1763913308493 0.7902487516403198 22
1763913308584 0.7779213190078735 23
1763913308676 0.7682269811630249 24
1763913308786 0.757830798625946 25
1763913308879 0.7467613220214844 26
1763913308973 0.7367565631866455 27
1763913309066 0.7293680310249329 28
1763913309159 0.7202985286712646 29
1763913309252 0.7122081518173218 30
1763913309347 0.7040306329727173 31
1763913309441 0.6943612098693848 32
1763913309533 0.6880602836608887 33
1763913309625 0.6816180944442749 34
1763913309716 0.6749664545059204 35
1763913309811 0.6685342788696289 36
1763913309904 0.6625421047210693 37
1763913309996 0.6551214456558228 38
1763913310088 0.6460853219032288 39
1763913310179 0.6381049752235413 40
1763913310273 0.6299503445625305 41
1763913310367 0.6218042969703674 42
1763913310459 0.6145637035369873 43
1763913310551 0.6080671548843384 44
1763913310644 0.6007881760597229 45
1763913310737 0.5937894582748413 46
1763913310833 0.5867801308631897 47
1763913310926 0.5802129507064819 48
1763913311018 0.5739787220954895 49
1763913311111 0.567722499370575 50
1763913311202 0.5613166689872742 51
1763913311297 0.5556387901306152 52
1763913311391 0.5499272346496582 53
1763913311483 0.5440900921821594 54
1763913311575 0.5393701791763306 55
1763913311665 0.5335941910743713 56
1763913311759 0.5282797813415527 57
1763913311855 0.5232905745506287 58
1763913311950 0.5182468295097351 59
1763913312044 0.5135214924812317 60
1763913312137 0.508667528629303 61
1763913312229 0.5043957829475403 62
1763913312321 0.49991661310195923 63
1763913312413 0.4958327114582062 64
1763913312507 0.4920157790184021 65
1763913312602 0.4886540174484253 66
1763913312694 0.48453792929649353 67
1763913312786 0.4803990423679352 68
1763913312877 0.4761751890182495 69
1763913312969 0.4725344181060791 70
1763913313065 0.4690267741680145 71
1763913313158 0.46547824144363403 72
1763913313251 0.46197912096977234 73
1763913313345 0.4587858021259308 74
1763913313439 0.4557199478149414 75
1763913313532 0.4529978930950165 76
1763913313626 0.4496082365512848 77
1763913313721 0.44623836874961853 78
1763913313814 0.4433756172657013 79
1763913313907 0.4404652416706085 80
1763913314001 0.43760356307029724 81
1763913314093 0.4344509541988373 82
1763913314188 0.4316547214984894 83
1763913314281 0.4292075037956238 84
1763913314376 0.4261479079723358 85
1763913314468 0.42360103130340576 86
1763913314560 0.4211120903491974 87
1763913314651 0.41849976778030396 88
1763913314746 0.41566985845565796 89
1763913314839 0.4130067825317383 90
1763913314932 0.41080108284950256 91
1763913315025 0.40816664695739746 92
1763913315120 0.40572917461395264 93
1763913315214 0.40340515971183777 94
1763913315308 0.40138113498687744 95
1763913315401 0.39930394291877747 96
1763913315496 0.39710795879364014 97
1763913315592 0.395029753446579 98
1763913315688 0.39336490631103516 99
1763913315782 0.39124372601509094 100
1763913315875 0.3894866108894348 101
1763913315968 0.3874756097793579 102
1763913316062 0.3856816589832306 103
1763913316155 0.3838469684123993 104
1763913316247 0.38190004229545593 105
1763913316339 0.38013026118278503 106
1763913316433 0.37835195660591125 107
1763913316529 0.3764033913612366 108
1763913316623 0.37486532330513 109
1763913316716 0.37298521399497986 110
1763913316810 0.37158849835395813 111
1763913316905 0.3698178231716156 112
1763913317003 0.36867135763168335 113
1763913317104 0.3671138882637024 114
1763913317200 0.3654007315635681 115
1763913317293 0.3637711703777313 116
1763913317385 0.3622542917728424 117
1763913317480 0.36087897419929504 118
1763913317572 0.35947248339653015 119
1763913317667 0.35823407769203186 120
1763913317761 0.3568476140499115 121
1763913317853 0.35544008016586304 122
1763913317940 0.35390207171440125 123
1763913318036 0.3526621162891388 124
1763913318132 0.35172203183174133 125
1763913318228 0.3503358066082001 126
1763913318320 0.34906378388404846 127
1763913318412 0.3477763533592224 128
1763913318505 0.34644684195518494 129
1763913318597 0.34533241391181946 130
1763913318691 0.3439857065677643 131
1763913318787 0.3425557315349579 132
1763913318881 0.3413284122943878 133
1763913318976 0.34014296531677246 134
1763913319073 0.3390960991382599 135
1763913319169 0.3381580114364624 136
1763913319262 0.3372255861759186 137
1763913319354 0.3364682197570801 138
1763913319446 0.33512014150619507 139
1763913319539 0.3342607915401459 140
1763913319634 0.33308979868888855 141
1763913319728 0.3319469094276428 142
1763913319827 0.33094191551208496 143
1763913319927 0.32998737692832947 144
1763913320025 0.328845739364624 145
1763913320121 0.32775527238845825 146
1763913320217 0.32674428820610046 147
1763913320310 0.3259398341178894 148
1763913320403 0.32529348134994507 149
1763913320496 0.32431450486183167 150
1763913320591 0.32327648997306824 151
1763913320685 0.32245832681655884 152
1763913320777 0.32196906208992004 153
1763913320869 0.3211241364479065 154
1763913320965 0.32013508677482605 155
1763913321059 0.3192617893218994 156
1763913321154 0.31836122274398804 157
1763913321247 0.3176889717578888 158
1763913321343 0.3167928457260132 159
1763913321438 0.31598523259162903 160
1763913321534 0.31511348485946655 161
1763913321628 0.31446778774261475 162
1763913321722 0.3135603368282318 163
1763913321816 0.31284043192863464 164
1763913321909 0.31247660517692566 165
1763913322001 0.3118481934070587 166
1763913322095 0.3112504184246063 167
1763913322192 0.31058257818222046 168
1763913322287 0.31001758575439453 169
1763913322381 0.30943748354911804 170
1763913322474 0.3087671995162964 171
1763913322565 0.3080368936061859 172
1763913322663 0.30738478899002075 173
1763913322768 0.30674082040786743 174
1763913322864 0.3060031831264496 175
1763913322958 0.30535152554512024 176
1763913323053 0.3046191334724426 177
1763913323148 0.30379703640937805 178
1763913323239 0.3031385540962219 179
1763913323332 0.3023744523525238 180
1763913323425 0.3015368580818176 181
1763913323518 0.30073684453964233 182
1763913323613 0.3002093732357025 183
1763913323708 0.2996244728565216 184
1763913323803 0.2990047335624695 185
1763913323897 0.29829785227775574 186
1763913323993 0.2977115511894226 187
1763913324090 0.2972981631755829 188
1763913324183 0.2967870533466339 189
1763913324275 0.29621392488479614 190
1763913324368 0.29559850692749023 191
1763913324461 0.2949618995189667 192
1763913324556 0.2944578230381012 193
1763913324652 0.29382479190826416 194
1763913324748 0.29323339462280273 195
1763913324841 0.29268065094947815 196
1763913324934 0.2921803295612335 197
1763913325029 0.2916046679019928 198
1763913325122 0.29114726185798645 199
1763913325216 0.29053059220314026 200
1763913325312 0.2902212142944336 201
1763913325406 0.2896309792995453 202
1763913325501 0.28905925154685974 203
1763913325598 0.2885608673095703 204
1763913325696 0.28803449869155884 205
1763913325791 0.2875588834285736 206
1763913325883 0.28722310066223145 207
1763913325975 0.286754310131073 208
1763913326069 0.28632110357284546 209
1763913326162 0.28583160042762756 210
1763913326265 0.2852410674095154 211
1763913326367 0.28473588824272156 212
1763913326474 0.28425925970077515 213
1763913326574 0.2839341461658478 214
1763913326699 0.2835320830345154 215
1763913326804 0.2829875349998474 216
1763913326906 0.2825384736061096 217
1763913327005 0.28209081292152405 218
1763913327103 0.28156182169914246 219
1763913327199 0.2812410891056061 220
1763913327296 0.28073325753211975 221
1763913327391 0.28032392263412476 222
1763913327492 0.2799394428730011 223
1763913327600 0.27958032488822937 224
1763913327700 0.2791837155818939 225
1763913327800 0.2787932753562927 226
1763913327901 0.27828550338745117 227
1763913327999 0.2779851257801056 228
1763913328092 0.27752622961997986 229
1763913328186 0.2770381271839142 230
1763913328281 0.2765853703022003 231
1763913328379 0.27615830302238464 232
1763913328480 0.2758121192455292 233
1763913328583 0.2752619981765747 234
1763913328681 0.2750236392021179 235
1763913328776 0.2746390700340271 236
1763913328870 0.27433937788009644 237
1763913328964 0.2738003730773926 238
1763913329061 0.27328693866729736 239
1763913329155 0.2729327082633972 240
1763913329255 0.27258071303367615 241
1763913329354 0.27218854427337646 242
1763913329450 0.2719617187976837 243
1763913329545 0.27164775133132935 244
1763913329642 0.271248459815979 245
1763913329737 0.27084845304489136 246
1763913329828 0.27053505182266235 247
1763913329922 0.2700952887535095 248
1763913330015 0.2697831094264984 249
1763913330110 0.26951611042022705 250
1763913330213 0.2692370116710663 251
1763913330334 0.26898327469825745 252
1763913330442 0.26873889565467834 253
1763913330556 0.2682502567768097 254
1763913330669 0.267765074968338 255
1763913330779 0.2674607038497925 256
1763913330876 0.26708123087882996 257
1763913330973 0.26674574613571167 258
1763913331073 0.26658621430397034 259
1763913331204 0.2662124037742615 260
1763913331306 0.2658674418926239 261
1763913331411 0.26561933755874634 262
1763913331517 0.2652526795864105 263
1763913331628 0.26490890979766846 264
1763913331730 0.26456186175346375 265
1763913331838 0.2642764747142792 266
1763913331951 0.2639792263507843 267
1763913332052 0.26374730467796326 268
1763913332186 0.2633973956108093 269
1763913332290 0.26305556297302246 270
1763913332394 0.2628592550754547 271
1763913332492 0.26254817843437195 272
1763913332597 0.2623057961463928 273
1763913332716 0.2619786262512207 274
1763913332812 0.2617383599281311 275
1763913332910 0.2614230215549469 276
1763913333009 0.2612047493457794 277
1763913333105 0.26102927327156067 278
1763913333198 0.26086995005607605 279
1763913333292 0.2607361376285553 280
1763913333388 0.26052460074424744 281
1763913333483 0.26025843620300293 282
1763913333584 0.2599700689315796 283
1763913333683 0.2597525119781494 284
1763913333779 0.25934645533561707 285
1763913333875 0.2589746117591858 286
1763913333972 0.2588885426521301 287
1763913334072 0.25870203971862793 288
1763913334176 0.2585180401802063 289
1763913334275 0.25828027725219727 290
1763913334373 0.25791671872138977 291
1763913334473 0.2575416564941406 292
1763913334576 0.2573360800743103 293
1763913334675 0.25710394978523254 294
1763913334771 0.2566800117492676 295
1763913334867 0.2564736008644104 296
1763913334962 0.25628945231437683 297
1763913335057 0.25594890117645264 298
1763913335151 0.25572916865348816 299
1763913335246 0.2554948329925537 300
1763913335339 0.25532543659210205 301
1763913335434 0.2551133334636688 302
1763913335529 0.25476956367492676 303
1763913335626 0.2545260488986969 304
1763913335725 0.25424665212631226 305
1763913335823 0.2540425956249237 306
1763913335919 0.25391727685928345 307
1763913336020 0.25377652049064636 308
1763913336120 0.25362682342529297 309
1763913336216 0.25334978103637695 310
1763913336309 0.2533622086048126 311
1763913336403 0.2532148063182831 312
1763913336500 0.2530476152896881 313
1763913336596 0.25279754400253296 314
1763913336691 0.2526141405105591 315
1763913336785 0.25232580304145813 316
1763913336880 0.2521153390407562 317
1763913336975 0.25193044543266296 318
1763913337069 0.25182199478149414 319
1763913337168 0.2516096532344818 320
1763913337263 0.25141048431396484 321
1763913337365 0.2513149082660675 322
1763913337465 0.25104305148124695 323
1763913337563 0.25089895725250244 324
1763913337658 0.25068849325180054 325
1763913337751 0.250333696603775 326
1763913337845 0.2502235472202301 327
1763913337940 0.250034362077713 328
1763913338035 0.24981705844402313 329
1763913338129 0.249593123793602 330
1763913338226 0.24945694208145142 331
1763913338320 0.24917294085025787 332
1763913338416 0.24890169501304626 333
1763913338511 0.24886153638362885 334
1763913338606 0.24866385757923126 335
1763913338701 0.24846485257148743 336
1763913338795 0.24827983975410461 337
1763913338890 0.24821066856384277 338
1763913338984 0.2480669766664505 339
1763913339079 0.24780339002609253 340
1763913339175 0.24757280945777893 341
1763913339270 0.2474328577518463 342
1763913339365 0.24728932976722717 343
1763913339460 0.24719177186489105 344
1763913339553 0.24696169793605804 345
1763913339660 0.2467321753501892 346
1763913339767 0.24657326936721802 347
1763913339872 0.24639371037483215 348
1763913339976 0.24621102213859558 349
1763913340079 0.24599996209144592 350
1763913340181 0.24579550325870514 351
1763913340294 0.24558612704277039 352
1763913340400 0.24553313851356506 353
1763913340498 0.24539387226104736 354
1763913340594 0.24533216655254364 355
1763913340689 0.24510684609413147 356
1763913340783 0.24486565589904785 357
1763913340878 0.24471956491470337 358
1763913340988 0.24455726146697998 359
1763913341086 0.24437205493450165 360
1763913341180 0.24419191479682922 361
1763913341278 0.24396643042564392 362
1763913341377 0.24382928013801575 363
1763913341474 0.24366486072540283 364
1763913341566 0.24356330931186676 365
1763913341662 0.2434263825416565 366
1763913341763 0.24318571388721466 367
1763913341868 0.24317395687103271 368
1763913341973 0.24301345646381378 369
1763913342076 0.2429455816745758 370
1763913342184 0.24275746941566467 371
1763913342302 0.24256207048892975 372
1763913342406 0.24251028895378113 373
1763913342508 0.24239614605903625 374
1763913342614 0.24223503470420837 375
1763913342718 0.24206098914146423 376
1763913342824 0.2420559674501419 377
1763913342927 0.24187427759170532 378
1763913343028 0.241744264960289 379
1763913343154 0.24161340296268463 380
1763913343266 0.241487056016922 381
1763913343373 0.2413243055343628 382
1763913343479 0.24114075303077698 383
1763913343591 0.24093326926231384 384
1763913343696 0.24084404110908508 385
1763913343798 0.24078255891799927 386
1763913343900 0.24060702323913574 387
1763913343997 0.2405012845993042 388
1763913344099 0.24032922089099884 389
1763913344201 0.24024049937725067 390
1763913344304 0.24006406962871552 391
1763913344401 0.23988378047943115 392
1763913344499 0.23983845114707947 393
1763913344600 0.23975062370300293 394
1763913344697 0.23958870768547058 395
1763913344793 0.23956061899662018 396
1763913344891 0.23940451443195343 397
1763913344987 0.23921889066696167 398
1763913345088 0.23910850286483765 399
1763913345237 0.23894165456295013 400
