1763913306352 1.1768637895584106 0
1763913306442 1.3670159578323364 1
1763913306535 1.1393558979034424 2
1763913306627 1.038190245628357 3
1763913306718 0.8340111970901489 4
1763913306910 0.6424810886383057 5
1763913307002 0.8148080110549927 6
1763913307096 1.2219802141189575 7
1763913307192 0.8683370351791382 8
1763913307285 0.5145363807678223 9
1763913307376 0.34129777550697327 10
1763913307471 0.9868577122688293 11
1763913307567 0.9886853694915771 12
1763913307663 0.24538813531398773 13
1763913307757 0.5581018328666687 14
1763913307850 0.5270876884460449 15
1763913307945 0.47967803478240967 16
1763913308040 0.18828937411308289 17
1763913308131 0.8873906135559082 18
1763913308223 0.28919747471809387 19
1763913308312 0.5409645438194275 20
1763913308403 0.3357352614402771 21
1763913308493 0.3966776132583618 22
1763913308584 0.4397842288017273 23
1763913308676 0.5719023942947388 24
1763913308786 0.2628863453865051 25
1763913308879 0.4521588683128357 26
1763913308973 0.23386196792125702 27
1763913309066 0.392184317111969 28
1763913309159 0.3858253061771393 29
1763913309252 0.0850578173995018 30
1763913309347 0.2481444925069809 31
1763913309441 0.6079725027084351 32
1763913309533 0.41271790862083435 33
1763913309625 0.44830119609832764 34
1763913309716 0.4137120544910431 35
1763913309811 0.741653561592102 36
1763913309904 0.2895070016384125 37
1763913309996 0.38761118054389954 38
1763913310088 0.5758481621742249 39
1763913310179 0.6040724515914917 40
1763913310273 0.05785290151834488 41
1763913310367 0.2817603647708893 42
1763913310459 0.18302851915359497 43
1763913310551 0.0860518217086792 44
1763913310644 0.3704189360141754 45
1763913310737 0.24476975202560425 46
1763913310833 0.37155991792678833 47
1763913310926 0.43695878982543945 48
1763913311018 0.2527810335159302 49
1763913311111 0.17420874536037445 50
1763913311202 0.13290274143218994 51
1763913311297 0.24586062133312225 52
1763913311391 0.0978618636727333 53
1763913311483 0.2506650686264038 54
1763913311575 0.26552385091781616 55
1763913311665 0.09267660975456238 56
1763913311759 0.1526033580303192 57
1763913311855 0.25759175419807434 58
1763913311950 0.12314361333847046 59
1763913312044 0.2609744966030121 60
1763913312137 0.04821391776204109 61
1763913312229 0.34012556076049805 62
1763913312321 0.12788142263889313 63
1763913312413 0.11867593228816986 64
1763913312507 0.5049266219139099 65
1763913312602 0.09610369056463242 66
1763913312694 0.4715365171432495 67
1763913312786 0.20376922190189362 68
1763913312877 0.11848615854978561 69
1763913312969 0.38609299063682556 70
1763913313065 0.06432419270277023 71
1763913313158 0.5284322500228882 72
1763913313251 0.14853328466415405 73
1763913313345 0.09554491937160492 74
1763913313439 0.6449349522590637 75
1763913313532 0.11505356431007385 76
1763913313626 0.5099896788597107 77
1763913313721 0.28753864765167236 78
1763913313814 0.938171923160553 79
1763913313907 0.025720709934830666 80
1763913314001 0.022652097046375275 81
1763913314093 0.1764094978570938 82
1763913314188 0.15219543874263763 83
1763913314281 0.15868407487869263 84
1763913314376 0.34150782227516174 85
1763913314468 0.5173701643943787 86
1763913314560 0.1425890326499939 87
1763913314651 0.23431681096553802 88
1763913314746 0.08382627367973328 89
1763913314839 0.08776899427175522 90
1763913314932 0.1077624186873436 91
1763913315025 0.40450283885002136 92
1763913315120 0.07131177186965942 93
1763913315214 0.028955616056919098 94
1763913315308 0.4563463032245636 95
1763913315401 0.26999497413635254 96
1763913315496 0.08481119573116302 97
1763913315592 0.08064506947994232 98
1763913315688 0.5051745772361755 99
1763913315782 0.1397223174571991 100
1763913315875 0.22681200504302979 101
1763913315968 0.598901093006134 102
1763913316062 0.1356918066740036 103
1763913316155 0.07222861796617508 104
1763913316247 0.09157492220401764 105
1763913316339 0.06729655712842941 106
1763913316433 0.03716767951846123 107
1763913316529 0.01799638196825981 108
1763913316623 0.04780382663011551 109
1763913316716 0.2482132613658905 110
1763913316810 0.15028142929077148 111
1763913316905 0.2764643430709839 112
1763913317003 0.1998273730278015 113
1763913317104 0.09799359738826752 114
1763913317200 0.0706731379032135 115
1763913317293 0.18599262833595276 116
1763913317385 0.22637072205543518 117
1763913317480 0.11611255258321762 118
1763913317572 0.2309170961380005 119
1763913317667 0.26706311106681824 120
1763913317761 0.03097815066576004 121
1763913317853 0.3990972936153412 122
1763913317940 0.037418074905872345 123
1763913318036 0.23825596272945404 124
1763913318132 0.7226487994194031 125
1763913318228 0.15314635634422302 126
1763913318320 0.04398789256811142 127
1763913318412 0.17686885595321655 128
1763913318505 0.07995667308568954 129
1763913318597 0.18531455099582672 130
1763913318691 0.06201824173331261 131
1763913318787 0.12587085366249084 132
1763913318881 0.06364739686250687 133
1763913318976 0.1845979392528534 134
1763913319073 0.4653741717338562 135
1763913319169 0.15554118156433105 136
1763913319262 0.1255311369895935 137
1763913319354 0.695586085319519 138
1763913319446 0.0412418469786644 139
1763913319539 0.230403870344162 140
1763913319634 0.1366725116968155 141
1763913319728 0.10673996806144714 142
1763913319827 0.20872783660888672 143
1763913319927 0.17255648970603943 144
1763913320025 0.3886279761791229 145
1763913320121 0.11067712306976318 146
1763913320217 0.06713595241308212 147
1763913320310 0.24593724310398102 148
1763913320403 0.12138974666595459 149
1763913320496 0.25025269389152527 150
1763913320591 0.14242903888225555 151
1763913320685 0.028116872534155846 152
1763913320777 0.10086804628372192 153
1763913320869 0.12276498228311539 154
1763913320965 0.027924377471208572 155
1763913321059 0.22056131064891815 156
1763913321154 0.10140962153673172 157
1763913321247 0.03397644683718681 158
1763913321343 0.10882631689310074 159
1763913321438 0.5801191329956055 160
1763913321534 0.09036708623170853 161
1763913321628 0.216288760304451 162
1763913321722 0.05802400782704353 163
1763913321816 0.37364792823791504 164
1763913321909 0.06092157959938049 165
1763913322001 0.18869829177856445 166
1763913322095 0.01666061021387577 167
1763913322192 0.517480731010437 168
1763913322287 0.11782470345497131 169
1763913322381 0.07969429343938828 170
1763913322474 0.11114654690027237 171
1763913322565 0.28960782289505005 172
1763913322663 0.24954204261302948 173
1763913322768 0.21546557545661926 174
1763913322864 0.10900913923978806 175
1763913322958 0.09747528284788132 176
1763913323053 0.14782088994979858 177
1763913323148 0.024644244462251663 178
1763913323239 0.13924473524093628 179
1763913323332 0.1594698280096054 180
1763913323425 0.16314740478992462 181
1763913323518 0.18836474418640137 182
1763913323613 0.42696240544319153 183
1763913323708 0.02663210779428482 184
1763913323803 0.06282034516334534 185
1763913323897 0.16593028604984283 186
1763913323993 0.1759379357099533 187
1763913324090 0.06139613315463066 188
1763913324183 0.024740906432271004 189
1763913324275 0.015697699040174484 190
1763913324368 0.06220800802111626 191
1763913324461 0.04508721083402634 192
1763913324556 0.162258118391037 193
1763913324652 0.26659831404685974 194
1763913324748 0.3399588465690613 195
1763913324841 0.15476220846176147 196
1763913324934 0.013436451554298401 197
1763913325029 0.16934673488140106 198
1763913325122 0.09485607594251633 199
1763913325216 0.07977335900068283 200
1763913325312 0.5436076521873474 201
1763913325406 0.3038264214992523 202
1763913325501 0.12098177522420883 203
1763913325598 0.07751799374818802 204
1763913325696 0.08748601377010345 205
1763913325791 0.20982716977596283 206
1763913325883 0.1901046633720398 207
1763913325975 0.05600963532924652 208
1763913326069 0.27972882986068726 209
1763913326162 0.06457056105136871 210
1763913326265 0.03294936940073967 211
1763913326367 0.14559172093868256 212
1763913326474 0.318785697221756 213
1763913326574 0.04148067161440849 214
1763913326699 0.11431387066841125 215
1763913326804 0.030500924214720726 216
1763913326906 0.35633671283721924 217
1763913327005 0.2962035536766052 218
1763913327103 0.24016247689723969 219
1763913327199 0.1184893250465393 220
1763913327296 0.28748130798339844 221
1763913327391 0.25297051668167114 222
1763913327492 0.3264862298965454 223
1763913327600 0.3847751021385193 224
1763913327700 0.21612265706062317 225
1763913327800 0.3518983721733093 226
1763913327901 0.26997023820877075 227
1763913327999 0.15721023082733154 228
1763913328092 0.19380594789981842 229
1763913328186 0.17271946370601654 230
1763913328281 0.14511750638484955 231
1763913328379 0.12284024804830551 232
1763913328480 0.33372142910957336 233
1763913328583 0.05644499137997627 234
1763913328681 0.4600409269332886 235
1763913328776 0.10195641964673996 236
1763913328870 0.08640848100185394 237
1763913328964 0.061626095324754715 238
1763913329061 0.2169245481491089 239
1763913329155 0.021562524139881134 240
1763913329255 0.26413220167160034 241
1763913329354 0.07065297663211823 242
1763913329450 0.40867874026298523 243
1763913329545 0.2227676510810852 244
1763913329642 0.03042033314704895 245
1763913329737 0.20302610099315643 246
1763913329828 0.07645915448665619 247
1763913329922 0.02300409786403179 248
1763913330015 0.1876029074192047 249
1763913330110 0.08918904513120651 250
1763913330213 0.050094954669475555 251
1763913330334 0.017165599390864372 252
1763913330442 0.08474253118038177 253
1763913330556 0.056168463081121445 254
1763913330669 0.12540626525878906 255
1763913330779 0.054692529141902924 256
1763913330876 0.111339271068573 257
1763913330973 0.14146851003170013 258
1763913331073 0.2437043935060501 259
1763913331204 0.01631026342511177 260
1763913331306 0.18737280368804932 261
1763913331411 0.03663264214992523 262
1763913331517 0.09412312507629395 263
1763913331628 0.22463220357894897 264
1763913331730 0.1797504425048828 265
1763913331838 0.19555996358394623 266
1763913331951 0.4581172466278076 267
1763913332052 0.2421244978904724 268
1763913332186 0.033299025148153305 269
1763913332290 0.06604726612567902 270
1763913332394 0.1247304156422615 271
1763913332492 0.24167482554912567 272
1763913332597 0.3169145882129669 273
1763913332716 0.08277725428342819 274
1763913332812 0.32002291083335876 275
1763913332910 0.37406426668167114 276
1763913333009 0.08689922094345093 277
1763913333105 0.10976562649011612 278
1763913333198 0.21026159822940826 279
1763913333292 0.13644108176231384 280
1763913333388 0.16280417144298553 281
1763913333483 0.36208203434944153 282
1763913333584 0.0784432664513588 283
1763913333683 0.26012083888053894 284
1763913333779 0.09006078541278839 285
1763913333875 0.1858552098274231 286
1763913333972 0.036874040961265564 287
1763913334072 0.2635083496570587 288
1763913334176 0.8324121832847595 289
1763913334275 0.11735238879919052 290
1763913334373 0.27449819445610046 291
1763913334473 0.1242404505610466 292
1763913334576 0.25609761476516724 293
1763913334675 0.11790349334478378 294
1763913334771 0.05467198044061661 295
1763913334867 0.200949564576149 296
1763913334962 0.12449030578136444 297
1763913335057 0.1027471199631691 298
1763913335151 0.05315369367599487 299
1763913335246 0.07357229292392731 300
1763913335339 0.17614658176898956 301
1763913335434 0.22917066514492035 302
1763913335529 0.30272790789604187 303
1763913335626 0.04454411566257477 304
1763913335725 0.7504276633262634 305
1763913335823 0.05250723659992218 306
1763913335919 0.16464130580425262 307
1763913336020 0.1627689152956009 308
1763913336120 0.16158081591129303 309
1763913336216 0.052659254521131516 310
1763913336309 0.5111977458000183 311
1763913336403 0.14266665279865265 312
1763913336500 0.02800978533923626 313
1763913336596 0.2430325746536255 314
1763913336691 0.048582613468170166 315
1763913336785 0.08144564926624298 316
1763913336880 0.2587917447090149 317
1763913336975 0.1678660362958908 318
1763913337069 0.2636888325214386 319
1763913337168 0.12798240780830383 320
1763913337263 0.2753600478172302 321
1763913337365 0.30039405822753906 322
1763913337465 0.023262806236743927 323
1763913337563 0.030618833377957344 324
1763913337658 0.08736876398324966 325
1763913337751 0.09688086807727814 326
1763913337845 0.10700982064008713 327
1763913337940 0.08306609839200974 328
1763913338035 0.07677975296974182 329
1763913338129 0.04778698831796646 330
1763913338226 0.3994651734828949 331
1763913338320 0.08084293454885483 332
1763913338416 0.07952211052179337 333
1763913338511 0.2576198875904083 334
1763913338606 0.2227628231048584 335
1763913338701 0.38601014018058777 336
1763913338795 0.23669396340847015 337
1763913338890 0.11845778673887253 338
1763913338984 0.33758673071861267 339
1763913339079 0.26673784852027893 340
1763913339175 0.21994146704673767 341
1763913339270 0.39918258786201477 342
1763913339365 0.597629725933075 343
1763913339460 0.32256433367729187 344
1763913339553 0.14206324517726898 345
1763913339660 0.1253310739994049 346
1763913339767 0.2483665496110916 347
1763913339872 0.06620946526527405 348
1763913339976 0.2879182696342468 349
1763913340079 0.18635423481464386 350
1763913340181 0.19639791548252106 351
1763913340294 0.06624426692724228 352
1763913340400 0.11944510042667389 353
1763913340498 0.20195822417736053 354
1763913340594 0.13285228610038757 355
1763913340689 0.29909494519233704 356
1763913340783 0.08370301872491837 357
1763913340878 0.140066459774971 358
1763913340988 0.16063886880874634 359
1763913341086 0.12384399771690369 360
1763913341180 0.09194577485322952 361
1763913341278 0.19580814242362976 362
1763913341377 0.4544827938079834 363
1763913341474 0.2922437787055969 364
1763913341566 0.1165156215429306 365
1763913341662 0.13497155904769897 366
1763913341763 0.35503044724464417 367
1763913341868 0.2977485954761505 368
1763913341973 0.11141248792409897 369
1763913342076 0.30126437544822693 370
1763913342184 0.20100106298923492 371
1763913342302 0.35919642448425293 372
1763913342406 0.2007475048303604 373
1763913342508 0.31616637110710144 374
1763913342614 0.49134108424186707 375
1763913342718 0.2139057219028473 376
1763913342824 0.04771864041686058 377
1763913342927 0.0672072172164917 378
1763913343028 0.13849897682666779 379
1763913343154 0.08979197591543198 380
1763913343266 0.11284735798835754 381
1763913343373 0.13056324422359467 382
1763913343479 0.26435452699661255 383
1763913343591 0.0498461052775383 384
1763913343696 0.020663466304540634 385
1763913343798 0.0466916486620903 386
1763913343900 0.05759380757808685 387
1763913343997 0.07956382632255554 388
1763913344099 0.23655548691749573 389
1763913344201 0.29002803564071655 390
1763913344304 0.09976712614297867 391
1763913344401 0.1738966703414917 392
1763913344499 0.0951719731092453 393
1763913344600 0.06409583240747452 394
1763913344697 0.07492069900035858 395
1763913344793 0.01920817606151104 396
1763913344891 0.3072897791862488 397
1763913344987 0.4164920449256897 398
1763913345088 0.32807010412216187 399
1763913345237 0.03680400177836418 400
