1761841501038 1.7937369346618652 0
1761841501122 1.5787163972854614 1
1761841501211 1.4232747554779053 2
1761841501297 1.3439841270446777 3
1761841501380 1.2801876068115234 4
1761841501466 1.2186050415039062 5
1761841501549 1.1747663021087646 6
1761841501628 1.126492977142334 7
1761841501710 1.083180546760559 8
1761841501792 1.0542432069778442 9
1761841501888 1.0230703353881836 10
1761841501971 0.9957786202430725 11
1761841502054 0.9751816391944885 12
1761841502136 0.9513096809387207 13
1761841502217 0.9353315830230713 14
1761841502298 0.9176208972930908 15
1761841502376 0.8971471786499023 16
1761841502456 0.8800592422485352 17
1761841502537 0.8626686930656433 18
1761841502618 0.8496524691581726 19
1761841502710 0.8367323279380798 20
1761841502791 0.8197416067123413 21
1761841502871 0.8028730154037476 22
1761841502952 0.7888973951339722 23
1761841503033 0.7717962265014648 24
1761841503115 0.7579755783081055 25
1761841503195 0.7437410354614258 26
1761841503275 0.733231782913208 27
1761841503356 0.7211174368858337 28
1761841503437 0.7113634943962097 29
1761841503519 0.7001308798789978 30
1761841503602 0.6902021169662476 31
1761841503686 0.6799647808074951 32
1761841503767 0.6700829267501831 33
1761841503847 0.6608623266220093 34
1761841503928 0.6512072086334229 35
1761841504015 0.6438897848129272 36
1761841504099 0.636212944984436 37
1761841504180 0.6279498338699341 38
1761841504263 0.6200934052467346 39
1761841504346 0.6136782765388489 40
1761841504426 0.6074048280715942 41
1761841504509 0.6018807291984558 42
1761841504591 0.5953860878944397 43
1761841504672 0.5901979804039001 44
1761841504759 0.5842456221580505 45
1761841504844 0.5793875455856323 46
1761841504925 0.5753228068351746 47
1761841505006 0.571651816368103 48
1761841505088 0.5668308734893799 49
1761841505172 0.5627674460411072 50
1761841505258 0.5587537884712219 51
1761841505339 0.5553550124168396 52
1761841505421 0.5505132675170898 53
1761841505503 0.5465191602706909 54
1761841505584 0.5423493981361389 55
1761841505668 0.5388290882110596 56
1761841505750 0.5359530448913574 57
1761841505829 0.5319367051124573 58
1761841505910 0.528654158115387 59
1761841505995 0.5251287221908569 60
1761841506080 0.5221575498580933 61
1761841506164 0.5196833610534668 62
1761841506248 0.5170947909355164 63
1761841506333 0.5137476325035095 64
1761841506415 0.5116655230522156 65
1761841506499 0.5096636414527893 66
1761841506579 0.5074952244758606 67
1761841506660 0.5052001476287842 68
1761841506740 0.5027824640274048 69
1761841506821 0.5007484555244446 70
1761841506901 0.4986712634563446 71
1761841506980 0.4969048500061035 72
1761841507063 0.49541714787483215 73
1761841507148 0.49325770139694214 74
1761841507230 0.4914211928844452 75
1761841507313 0.48927080631256104 76
1761841507392 0.4875037372112274 77
1761841507474 0.48548203706741333 78
1761841507554 0.4841322600841522 79
1761841507635 0.4831215441226959 80
1761841507715 0.4817204177379608 81
1761841507795 0.48024436831474304 82
1761841507875 0.4790503978729248 83
1761841507956 0.4775394797325134 84
1761841508036 0.47670385241508484 85
1761841508116 0.4751169979572296 86
1761841508198 0.4746931195259094 87
1761841508280 0.4732605814933777 88
1761841508361 0.4718743562698364 89
1761841508441 0.4706088602542877 90
1761841508522 0.4692968428134918 91
1761841508600 0.4683285653591156 92
1761841508681 0.467347115278244 93
1761841508763 0.46610280871391296 94
1761841508844 0.46471771597862244 95
1761841508925 0.4637131094932556 96
1761841509006 0.463060587644577 97
1761841509088 0.4619126617908478 98
1761841509167 0.46117669343948364 99
1761841509249 0.4602257013320923 100
1761841509331 0.4591619372367859 101
1761841509410 0.45834192633628845 102
1761841509492 0.45758381485939026 103
1761841509575 0.456638365983963 104
1761841509656 0.4555017054080963 105
1761841509738 0.454338014125824 106
1761841509818 0.4534361958503723 107
1761841509899 0.4529324769973755 108
1761841509980 0.4519430994987488 109
1761841510062 0.450936496257782 110
1761841510143 0.4499260187149048 111
1761841510224 0.4492050111293793 112
1761841510306 0.4486057758331299 113
1761841510388 0.4478939175605774 114
1761841510468 0.4470131993293762 115
1761841510549 0.446065753698349 116
1761841510631 0.44555947184562683 117
1761841510714 0.44487300515174866 118
1761841510796 0.44423365592956543 119
1761841510878 0.4432203471660614 120
1761841510960 0.44245362281799316 121
1761841511041 0.4414060711860657 122
1761841511124 0.4408191740512848 123
1761841511205 0.4398942291736603 124
1761841511288 0.4389989376068115 125
1761841511370 0.4382767975330353 126
1761841511453 0.4373319745063782 127
1761841511535 0.4370548129081726 128
1761841511617 0.43619504570961 129
1761841511698 0.4355117678642273 130
1761841511780 0.4349387586116791 131
1761841511859 0.43444573879241943 132
1761841511940 0.4338191747665405 133
1761841512022 0.43316859006881714 134
1761841512105 0.4326871931552887 135
1761841512185 0.4319947361946106 136
1761841512266 0.431731641292572 137
1761841512348 0.4309881925582886 138
1761841512430 0.4305761158466339 139
1761841512511 0.4297583997249603 140
1761841512593 0.42924225330352783 141
1761841512675 0.4288349449634552 142
1761841512756 0.4286012351512909 143
1761841512838 0.427985817193985 144
1761841512921 0.4276237189769745 145
1761841513002 0.42744874954223633 146
1761841513084 0.4273468554019928 147
1761841513168 0.42713311314582825 148
1761841513252 0.4267022907733917 149
1761841513335 0.42634040117263794 150
1761841513418 0.4259447455406189 151
1761841513499 0.4254889488220215 152
1761841513580 0.4251182973384857 153
1761841513662 0.4248237609863281 154
1761841513745 0.4246094822883606 155
1761841513826 0.42424526810646057 156
1761841513907 0.4237709641456604 157
1761841513989 0.4234810471534729 158
1761841514071 0.42308107018470764 159
1761841514151 0.42284801602363586 160
1761841514232 0.4223412275314331 161
1761841514314 0.4222062826156616 162
1761841514397 0.4217626750469208 163
1761841514478 0.42130857706069946 164
1761841514560 0.4209933280944824 165
1761841514643 0.42059046030044556 166
1761841514725 0.4203070402145386 167
1761841514810 0.4200708568096161 168
1761841514890 0.41977712512016296 169
1761841514971 0.41935575008392334 170
1761841515054 0.41911938786506653 171
1761841515137 0.4191368818283081 172
1761841515224 0.4189116060733795 173
1761841515305 0.41843870282173157 174
1761841515389 0.41809868812561035 175
1761841515469 0.41766050457954407 176
1761841515550 0.4173692464828491 177
1761841515631 0.4171189069747925 178
1761841515713 0.41673970222473145 179
1761841515795 0.4168025851249695 180
1761841515876 0.41654035449028015 181
1761841515958 0.4161587953567505 182
1761841516040 0.41581788659095764 183
1761841516123 0.4155474305152893 184
1761841516204 0.41537389159202576 185
1761841516287 0.41503432393074036 186
1761841516370 0.41461747884750366 187
1761841516451 0.4145679175853729 188
1761841516533 0.41413289308547974 189
1761841516614 0.4137892425060272 190
1761841516696 0.4134918451309204 191
1761841516778 0.4133259057998657 192
1761841516858 0.4130716621875763 193
1761841516939 0.41268017888069153 194
1761841517020 0.4121813476085663 195
1761841517104 0.41198503971099854 196
1761841517185 0.4115685522556305 197
1761841517268 0.4113495647907257 198
1761841517349 0.41102132201194763 199
1761841517429 0.4108445644378662 200
1761841517510 0.4105890095233917 201
1761841517591 0.41036856174468994 202
1761841517676 0.41024139523506165 203
1761841517760 0.4098222553730011 204
1761841517842 0.4096284806728363 205
1761841517924 0.4094373285770416 206
1761841518006 0.4091342091560364 207
1761841518090 0.40878966450691223 208
1761841518174 0.4085979163646698 209
1761841518255 0.40859198570251465 210
1761841518338 0.4082340598106384 211
1761841518420 0.408072292804718 212
1761841518501 0.40762513875961304 213
1761841518582 0.40742477774620056 214
1761841518664 0.40714791417121887 215
1761841518745 0.40678271651268005 216
1761841518826 0.4066939353942871 217
1761841518909 0.40634045004844666 218
1761841518992 0.4060122072696686 219
1761841519077 0.40575894713401794 220
1761841519160 0.4054816961288452 221
1761841519242 0.4050914943218231 222
1761841519324 0.40493038296699524 223
1761841519405 0.40477463603019714 224
1761841519486 0.4045858085155487 225
1761841519568 0.40446069836616516 226
1761841519652 0.40430891513824463 227
1761841519734 0.404241681098938 228
1761841519818 0.4038113057613373 229
1761841519900 0.40369853377342224 230
1761841519983 0.4035993814468384 231
1761841520069 0.40339395403862 232
1761841520153 0.4032246470451355 233
1761841520238 0.4031606912612915 234
1761841520322 0.40301617980003357 235
1761841520402 0.4027807116508484 236
1761841520483 0.402697890996933 237
1761841520564 0.40250375866889954 238
1761841520645 0.4023147523403168 239
1761841520728 0.40214380621910095 240
1761841520809 0.4019319713115692 241
1761841520896 0.40164822340011597 242
1761841520979 0.40153768658638 243
1761841521062 0.4013393819332123 244
1761841521145 0.4012705087661743 245
1761841521229 0.40120193362236023 246
1761841521313 0.40111204981803894 247
1761841521396 0.4007207751274109 248
1761841521478 0.40064239501953125 249
1761841521560 0.40053582191467285 250
1761841521643 0.4002231955528259 251
1761841521724 0.3999933898448944 252
1761841521806 0.3998004198074341 253
1761841521887 0.39969831705093384 254
1761841521970 0.39953839778900146 255
1761841522054 0.3991863429546356 256
1761841522137 0.3990888297557831 257
1761841522220 0.399007648229599 258
1761841522302 0.3989022672176361 259
1761841522385 0.39882341027259827 260
1761841522467 0.398722767829895 261
1761841522550 0.39869120717048645 262
1761841522634 0.3986847996711731 263
1761841522717 0.3984614908695221 264
1761841522801 0.3983379602432251 265
1761841522883 0.39833417534828186 266
1761841522965 0.398153692483902 267
1761841523050 0.3979561924934387 268
1761841523133 0.3979475796222687 269
1761841523216 0.39787983894348145 270
1761841523299 0.3977028429508209 271
1761841523381 0.3976171016693115 272
1761841523465 0.39728543162345886 273
1761841523547 0.3970524072647095 274
1761841523630 0.39686328172683716 275
1761841523713 0.3968293070793152 276
1761841523796 0.3968089818954468 277
1761841523881 0.3966670632362366 278
1761841523962 0.39653638005256653 279
1761841524045 0.3964556157588959 280
1761841524128 0.3964703679084778 281
1761841524212 0.39638006687164307 282
1761841524294 0.396336168050766 283
1761841524379 0.3963046371936798 284
1761841524463 0.39609861373901367 285
1761841524547 0.39606863260269165 286
1761841524629 0.3959788382053375 287
1761841524711 0.3957980275154114 288
1761841524795 0.3955991864204407 289
1761841524878 0.3954237699508667 290
1761841524962 0.39517942070961 291
1761841525045 0.3950672447681427 292
1761841525130 0.39482763409614563 293
1761841525216 0.3947184681892395 294
1761841525302 0.39467746019363403 295
1761841525386 0.3946639597415924 296
1761841525469 0.3946022391319275 297
1761841525548 0.39449429512023926 298
1761841525628 0.3944537937641144 299
1761841525710 0.3942425847053528 300
1761841525793 0.39422765374183655 301
1761841525876 0.3941396474838257 302
1761841525959 0.39405617117881775 303
1761841526045 0.3938601016998291 304
1761841526131 0.3936136066913605 305
1761841526216 0.39339035749435425 306
1761841526300 0.3933860659599304 307
1761841526384 0.3934130072593689 308
1761841526466 0.3933154046535492 309
1761841526551 0.3931976556777954 310
1761841526634 0.3931114673614502 311
1761841526716 0.3928672969341278 312
1761841526800 0.39272719621658325 313
1761841526883 0.3926573097705841 314
1761841526968 0.39250215888023376 315
1761841527053 0.3923567533493042 316
1761841527137 0.39230430126190186 317
1761841527220 0.3921769857406616 318
1761841527304 0.39205437898635864 319
1761841527388 0.39199626445770264 320
1761841527472 0.3918464183807373 321
1761841527555 0.3918938636779785 322
1761841527638 0.3917951285839081 323
1761841527720 0.3917008638381958 324
1761841527814 0.3916858434677124 325
1761841527903 0.39156970381736755 326
1761841527998 0.391532838344574 327
1761841528091 0.39134642481803894 328
1761841528181 0.3913484215736389 329
1761841528267 0.39113423228263855 330
1761841528368 0.39106446504592896 331
1761841528457 0.3908962607383728 332
1761841528545 0.3907112181186676 333
1761841528632 0.39041978120803833 334
1761841528717 0.3902721703052521 335
1761841528805 0.39019277691841125 336
1761841528904 0.3901245594024658 337
1761841529001 0.3901129961013794 338
1761841529092 0.39007699489593506 339
1761841529179 0.3900419771671295 340
1761841529268 0.3900405764579773 341
1761841529375 0.3901081383228302 342
1761841529470 0.3899860382080078 343
1761841529564 0.38993510603904724 344
1761841529659 0.38987997174263 345
1761841529755 0.38991060853004456 346
1761841529851 0.38981589674949646 347
1761841529944 0.3898056149482727 348
1761841530042 0.3896789252758026 349
1761841530136 0.38961073756217957 350
1761841530225 0.38960668444633484 351
1761841530348 0.389555960893631 352
1761841530442 0.38946107029914856 353
1761841530538 0.38938140869140625 354
1761841530631 0.38929930329322815 355
1761841530723 0.38915494084358215 356
1761841530811 0.38898801803588867 357
1761841530896 0.3888905346393585 358
1761841530982 0.38885289430618286 359
1761841531068 0.38876214623451233 360
1761841531154 0.3888009488582611 361
1761841531259 0.3886566460132599 362
1761841531361 0.3884792923927307 363
1761841531457 0.38837772607803345 364
1761841531554 0.388342946767807 365
1761841531650 0.3883177936077118 366
1761841531746 0.38826844096183777 367
1761841531865 0.3882947564125061 368
1761841531960 0.38810068368911743 369
1761841532054 0.3880041539669037 370
1761841532148 0.3878817856311798 371
1761841532239 0.3876473605632782 372
1761841532326 0.3876269459724426 373
1761841532413 0.3874608874320984 374
1761841532496 0.3875550329685211 375
1761841532581 0.38743311166763306 376
1761841532666 0.38735151290893555 377
1761841532752 0.3873690068721771 378
1761841532840 0.38730260729789734 379
1761841532931 0.38731759786605835 380
1761841533024 0.3872321844100952 381
1761841533121 0.3870691955089569 382
1761841533222 0.3871248960494995 383
1761841533321 0.3871127665042877 384
1761841533422 0.3870184123516083 385
1761841533521 0.38686633110046387 386
1761841533620 0.3868127465248108 387
1761841533717 0.3866955041885376 388
1761841533814 0.38664743304252625 389
1761841533909 0.3867054283618927 390
1761841533996 0.3866167962551117 391
1761841534082 0.38649770617485046 392
1761841534166 0.38652053475379944 393
1761841534267 0.3865668475627899 394
1761841534370 0.3863978981971741 395
1761841534468 0.3862825632095337 396
1761841534564 0.38624709844589233 397
1761841534656 0.386216938495636 398
1761841534747 0.3861013948917389 399
1761841534837 0.3861273229122162 400
