1761841501038 1.6719454526901245 0
1761841501122 1.6143180131912231 1
1761841501211 1.2569056749343872 2
1761841501297 1.504912257194519 3
1761841501380 0.8289024829864502 4
1761841501466 0.6972267031669617 5
1761841501549 0.7270541787147522 6
1761841501628 0.7914395928382874 7
1761841501710 0.933873176574707 8
1761841501792 0.3507680892944336 9
1761841501888 0.5530881285667419 10
1761841501971 0.9295250773429871 11
1761841502054 0.49268463253974915 12
1761841502136 0.9973751902580261 13
1761841502217 0.6138691902160645 14
1761841502298 1.3710851669311523 15
1761841502376 0.5589607954025269 16
1761841502456 0.7247071862220764 17
1761841502537 0.2481355220079422 18
1761841502618 0.24975723028182983 19
1761841502710 0.7880525588989258 20
1761841502791 0.46470436453819275 21
1761841502871 0.32924047112464905 22
1761841502952 0.46145889163017273 23
1761841503033 0.2855929434299469 24
1761841503115 1.610939383506775 25
1761841503195 0.15172752737998962 26
1761841503275 1.1006479263305664 27
1761841503356 0.3712438642978668 28
1761841503437 0.2921362519264221 29
1761841503519 0.5027828216552734 30
1761841503602 0.5463743805885315 31
1761841503686 0.43098604679107666 32
1761841503767 0.8930924534797668 33
1761841503847 0.05312071368098259 34
1761841503928 0.7009086012840271 35
1761841504015 0.053283583372831345 36
1761841504099 0.661704957485199 37
1761841504180 0.23757345974445343 38
1761841504263 0.2408118098974228 39
1761841504346 0.49431291222572327 40
1761841504426 0.13320519030094147 41
1761841504509 0.37724587321281433 42
1761841504591 0.4067736566066742 43
1761841504672 0.8976072669029236 44
1761841504759 0.32098904252052307 45
1761841504844 0.761711597442627 46
1761841504925 0.4703727662563324 47
1761841505006 1.0786324739456177 48
1761841505088 0.22676467895507812 49
1761841505172 0.5720707774162292 50
1761841505258 0.16475726664066315 51
1761841505339 0.34231439232826233 52
1761841505421 0.17807637155056 53
1761841505503 0.5905295014381409 54
1761841505584 0.10771843791007996 55
1761841505668 0.38158074021339417 56
1761841505750 0.6091797947883606 57
1761841505829 0.3621499538421631 58
1761841505910 0.8575003147125244 59
1761841505995 0.48971351981163025 60
1761841506080 0.5177512764930725 61
1761841506164 0.15623654425144196 62
1761841506248 0.38574302196502686 63
1761841506333 0.3618501126766205 64
1761841506415 0.19150342047214508 65
1761841506499 0.20658844709396362 66
1761841506579 0.31213366985321045 67
1761841506660 0.6677462458610535 68
1761841506740 0.17065435647964478 69
1761841506821 0.34541165828704834 70
1761841506901 0.3306889832019806 71
1761841506980 0.21455013751983643 72
1761841507063 0.47485899925231934 73
1761841507148 0.38931429386138916 74
1761841507230 0.36200547218322754 75
1761841507313 0.17490404844284058 76
1761841507392 0.3189292550086975 77
1761841507474 0.23802268505096436 78
1761841507554 0.2582561671733856 79
1761841507635 0.4881233870983124 80
1761841507715 0.3583032786846161 81
1761841507795 0.6918458938598633 82
1761841507875 0.5326185822486877 83
1761841507956 0.19182521104812622 84
1761841508036 0.5485041737556458 85
1761841508116 0.0722869336605072 86
1761841508198 0.9108734130859375 87
1761841508280 0.4579094350337982 88
1761841508361 0.4005601704120636 89
1761841508441 0.5315403342247009 90
1761841508522 0.18229222297668457 91
1761841508600 0.9169042110443115 92
1761841508681 0.5496369004249573 93
1761841508763 0.3188087046146393 94
1761841508844 0.1726839542388916 95
1761841508925 0.5304158329963684 96
1761841509006 0.17789287865161896 97
1761841509088 0.21967065334320068 98
1761841509167 0.5265334844589233 99
1761841509249 0.822389543056488 100
1761841509331 0.2877095937728882 101
1761841509410 0.426887184381485 102
1761841509492 0.2948206663131714 103
1761841509575 0.7244815826416016 104
1761841509656 0.22191596031188965 105
1761841509738 0.25895655155181885 106
1761841509818 0.43558934330940247 107
1761841509899 0.351220041513443 108
1761841509980 0.27948951721191406 109
1761841510062 0.24553827941417694 110
1761841510143 0.159819096326828 111
1761841510224 0.7828519940376282 112
1761841510306 0.7605709433555603 113
1761841510388 0.4975678026676178 114
1761841510468 0.4915177524089813 115
1761841510549 0.5611921548843384 116
1761841510631 0.07389724254608154 117
1761841510714 0.3124684989452362 118
1761841510796 0.27769920229911804 119
1761841510878 0.25763842463493347 120
1761841510960 0.28383591771125793 121
1761841511041 0.3033381402492523 122
1761841511124 0.2675093710422516 123
1761841511205 0.08961629867553711 124
1761841511288 0.2652718126773834 125
1761841511370 0.5245358347892761 126
1761841511453 0.4415952265262604 127
1761841511535 0.4091484844684601 128
1761841511617 0.058785587549209595 129
1761841511698 0.32879969477653503 130
1761841511780 0.1261618733406067 131
1761841511859 0.14338447153568268 132
1761841511940 0.6007789969444275 133
1761841512022 0.2957462668418884 134
1761841512105 0.8878015875816345 135
1761841512185 0.4242270886898041 136
1761841512266 0.6175980567932129 137
1761841512348 0.23650841414928436 138
1761841512430 0.3462958335876465 139
1761841512511 0.2423088401556015 140
1761841512593 0.20681621134281158 141
1761841512675 0.5766604542732239 142
1761841512756 0.5169790983200073 143
1761841512838 0.08876227587461472 144
1761841512921 0.2021414041519165 145
1761841513002 1.303848147392273 146
1761841513084 0.5282052755355835 147
1761841513168 1.5130834579467773 148
1761841513252 0.5491344332695007 149
1761841513335 0.29672256112098694 150
1761841513418 0.457688570022583 151
1761841513499 0.11527442187070847 152
1761841513580 0.33414986729621887 153
1761841513662 0.1630004495382309 154
1761841513745 0.4315486252307892 155
1761841513826 0.3876577615737915 156
1761841513907 0.2988227605819702 157
1761841513989 0.13590548932552338 158
1761841514071 0.25889304280281067 159
1761841514151 0.47762730717658997 160
1761841514232 0.5551069974899292 161
1761841514314 0.3408257067203522 162
1761841514397 0.31985098123550415 163
1761841514478 0.40882179141044617 164
1761841514560 0.26336267590522766 165
1761841514643 0.26394304633140564 166
1761841514725 0.22040461003780365 167
1761841514810 0.3482198417186737 168
1761841514890 0.9078771471977234 169
1761841514971 0.17520664632320404 170
1761841515054 0.7674136161804199 171
1761841515137 1.1603693962097168 172
1761841515224 0.341917484998703 173
1761841515305 0.9248517155647278 174
1761841515389 0.24210621416568756 175
1761841515469 0.5877436995506287 176
1761841515550 0.05473296344280243 177
1761841515631 0.05660482123494148 178
1761841515713 0.3050166666507721 179
1761841515795 0.7308083176612854 180
1761841515876 0.3346432149410248 181
1761841515958 0.349453330039978 182
1761841516040 0.4400046169757843 183
1761841516123 0.515255868434906 184
1761841516204 0.4421297609806061 185
1761841516287 0.0796881765127182 186
1761841516370 0.1842031478881836 187
1761841516451 0.12756218016147614 188
1761841516533 0.4456566572189331 189
1761841516614 0.7494623064994812 190
1761841516696 0.4852549731731415 191
1761841516778 0.12401627749204636 192
1761841516858 0.10949703305959702 193
1761841516939 0.8813707828521729 194
1761841517020 0.1804853081703186 195
1761841517104 0.42829909920692444 196
1761841517185 0.2910309135913849 197
1761841517268 0.2199610471725464 198
1761841517349 0.260324627161026 199
1761841517429 0.12796400487422943 200
1761841517510 0.15882673859596252 201
1761841517591 0.493876576423645 202
1761841517676 0.3444163501262665 203
1761841517760 0.1482931524515152 204
1761841517842 0.6417667269706726 205
1761841517924 0.48451247811317444 206
1761841518006 0.12352622300386429 207
1761841518090 0.4319626986980438 208
1761841518174 0.4201675355434418 209
1761841518255 0.4993162453174591 210
1761841518338 0.38463887572288513 211
1761841518420 0.29153838753700256 212
1761841518501 0.401393324136734 213
1761841518582 0.2635272145271301 214
1761841518664 0.2759765684604645 215
1761841518745 0.1681378036737442 216
1761841518826 0.39884552359580994 217
1761841518909 0.6360883116722107 218
1761841518992 0.19455046951770782 219
1761841519077 0.704693078994751 220
1761841519160 0.19095610082149506 221
1761841519242 0.13241377472877502 222
1761841519324 0.353975385427475 223
1761841519405 0.0995122417807579 224
1761841519486 0.10761760920286179 225
1761841519568 0.9238216280937195 226
1761841519652 0.7444884777069092 227
1761841519734 0.20731908082962036 228
1761841519818 0.1257457286119461 229
1761841519900 0.15219372510910034 230
1761841519983 0.23844188451766968 231
1761841520069 0.6242642998695374 232
1761841520153 0.44738253951072693 233
1761841520238 0.9869783520698547 234
1761841520322 0.4101274311542511 235
1761841520402 0.17369462549686432 236
1761841520483 0.24946659803390503 237
1761841520564 0.3481391966342926 238
1761841520645 0.20120686292648315 239
1761841520728 0.6153516173362732 240
1761841520809 0.06216179206967354 241
1761841520896 0.184442937374115 242
1761841520979 1.1291762590408325 243
1761841521062 0.22914065420627594 244
1761841521145 0.458935409784317 245
1761841521229 0.2533349394798279 246
1761841521313 0.40875110030174255 247
1761841521396 0.14054496586322784 248
1761841521478 0.5655837655067444 249
1761841521560 0.40290236473083496 250
1761841521643 0.5193082094192505 251
1761841521724 0.7460492253303528 252
1761841521806 0.484835147857666 253
1761841521887 0.2767379879951477 254
1761841521970 0.3241342306137085 255
1761841522054 0.09930209070444107 256
1761841522137 0.39037981629371643 257
1761841522220 0.2409435361623764 258
1761841522302 1.278075098991394 259
1761841522385 0.7727580070495605 260
1761841522467 0.0958094522356987 261
1761841522550 0.4370693862438202 262
1761841522634 0.23565636575222015 263
1761841522717 0.25257182121276855 264
1761841522801 0.2711872160434723 265
1761841522883 0.7761985659599304 266
1761841522965 0.4368557631969452 267
1761841523050 0.1537821739912033 268
1761841523133 0.3684810698032379 269
1761841523216 0.3329479992389679 270
1761841523299 0.5722284913063049 271
1761841523381 0.7198032736778259 272
1761841523465 0.20103873312473297 273
1761841523547 0.13479484617710114 274
1761841523630 1.2385746240615845 275
1761841523713 0.21450012922286987 276
1761841523796 0.10599711537361145 277
1761841523881 0.5516937375068665 278
1761841523962 0.17959152162075043 279
1761841524045 0.2965824007987976 280
1761841524128 0.5219349265098572 281
1761841524212 0.5559840798377991 282
1761841524294 0.2348971962928772 283
1761841524379 0.2534240782260895 284
1761841524463 0.6845304369926453 285
1761841524547 0.6878848075866699 286
1761841524629 0.3823101222515106 287
1761841524711 0.17707262933254242 288
1761841524795 0.5875339508056641 289
1761841524878 0.589482307434082 290
1761841524962 0.09468434005975723 291
1761841525045 0.5686254501342773 292
1761841525130 0.30378103256225586 293
1761841525216 0.7709341645240784 294
1761841525302 0.315527081489563 295
1761841525386 0.2887161076068878 296
1761841525469 0.6075009703636169 297
1761841525548 0.6643776297569275 298
1761841525628 0.1762113720178604 299
1761841525710 0.5329374670982361 300
1761841525793 0.20679323375225067 301
1761841525876 0.226182758808136 302
1761841525959 0.6116211414337158 303
1761841526045 0.43223491311073303 304
1761841526131 0.22771839797496796 305
1761841526216 0.27848684787750244 306
1761841526300 0.6657498478889465 307
1761841526384 0.7538244724273682 308
1761841526466 0.51203852891922 309
1761841526551 0.1028427854180336 310
1761841526634 0.3207884728908539 311
1761841526716 0.3199280798435211 312
1761841526800 0.21132582426071167 313
1761841526883 0.11257561296224594 314
1761841526968 0.3957940638065338 315
1761841527053 1.0425676107406616 316
1761841527137 0.7728894352912903 317
1761841527220 0.5864545702934265 318
1761841527304 0.42639267444610596 319
1761841527388 0.6184809803962708 320
1761841527472 0.6715490818023682 321
1761841527555 0.9081260561943054 322
1761841527638 1.1518383026123047 323
1761841527720 0.7606897354125977 324
1761841527814 0.714345395565033 325
1761841527903 0.07779262959957123 326
1761841527998 1.18657648563385 327
1761841528091 0.1896219700574875 328
1761841528181 0.37195301055908203 329
1761841528267 0.1843964010477066 330
1761841528368 0.5601938366889954 331
1761841528457 0.27201059460639954 332
1761841528545 0.11148717999458313 333
1761841528632 0.2905033230781555 334
1761841528717 0.40089738368988037 335
1761841528805 0.533364474773407 336
1761841528904 0.5480273962020874 337
1761841529001 0.12512175738811493 338
1761841529092 0.19636964797973633 339
1761841529179 0.9910101890563965 340
1761841529268 0.675701916217804 341
1761841529375 1.1213058233261108 342
1761841529470 0.5889575481414795 343
1761841529564 0.8185403943061829 344
1761841529659 0.7689378261566162 345
1761841529755 0.11517459899187088 346
1761841529851 0.44698187708854675 347
1761841529944 0.14125452935695648 348
1761841530042 0.3902033269405365 349
1761841530136 0.2100500911474228 350
1761841530225 0.5431243181228638 351
1761841530348 0.2421911507844925 352
1761841530442 0.3065965473651886 353
1761841530538 0.7560364603996277 354
1761841530631 0.527961254119873 355
1761841530723 0.3527713119983673 356
1761841530811 0.349462628364563 357
1761841530896 0.19271743297576904 358
1761841530982 0.6076538562774658 359
1761841531068 0.9087057709693909 360
1761841531154 0.5078065991401672 361
1761841531259 0.3762895166873932 362
1761841531361 0.3533143699169159 363
1761841531457 0.21100805699825287 364
1761841531554 0.46831047534942627 365
1761841531650 0.5544540882110596 366
1761841531746 0.4961901605129242 367
1761841531865 1.2186506986618042 368
1761841531960 0.5065922141075134 369
1761841532054 0.303798109292984 370
1761841532148 0.22434253990650177 371
1761841532239 0.1949511170387268 372
1761841532326 0.7947000861167908 373
1761841532413 0.19837073981761932 374
1761841532496 0.3104097545146942 375
1761841532581 0.14514128863811493 376
1761841532666 0.15759049355983734 377
1761841532752 1.023229718208313 378
1761841532840 0.5365687608718872 379
1761841532931 0.7864781022071838 380
1761841533024 0.3032650947570801 381
1761841533121 0.38817885518074036 382
1761841533222 0.5925988554954529 383
1761841533321 0.8446593284606934 384
1761841533422 0.07576683908700943 385
1761841533521 0.5147622227668762 386
1761841533620 0.4030047357082367 387
1761841533717 0.19540469348430634 388
1761841533814 0.5855759978294373 389
1761841533909 0.7160887122154236 390
1761841533996 0.21413154900074005 391
1761841534082 0.2212415188550949 392
1761841534166 0.5278169512748718 393
1761841534267 0.6030720472335815 394
1761841534370 0.2801036834716797 395
1761841534468 0.37945982813835144 396
1761841534564 0.16629935801029205 397
1761841534656 0.04365861788392067 398
1761841534747 0.23108915984630585 399
1761841534837 0.19618280231952667 400
