1763905140825 1.8143398761749268 0
1763905140922 1.5358272790908813 1
1763905141017 1.418118953704834 2
1763905141110 1.3352934122085571 3
1763905141202 1.268850564956665 4
1763905141294 1.2111226320266724 5
1763905141387 1.1641168594360352 6
1763905141481 1.126824975013733 7
1763905141574 1.0898044109344482 8
1763905141666 1.0559016466140747 9
1763905141760 1.026252269744873 10
1763905141855 1.0004405975341797 11
1763905141947 0.9758826494216919 12
1763905142041 0.9543578028678894 13
1763905142135 0.9381425976753235 14
1763905142227 0.9166264533996582 15
1763905142319 0.89484041929245 16
1763905142412 0.8807973861694336 17
1763905142504 0.868028461933136 18
