1763905140825 1.4066367149353027 0
1763905140922 1.6193220615386963 1
1763905141017 1.1389893293380737 2
1763905141110 1.5368609428405762 3
1763905141202 1.19027578830719 4
1763905141294 1.0869477987289429 5
1763905141387 1.0205103158950806 6
1763905141481 1.3597698211669922 7
1763905141574 0.6621031165122986 8
1763905141666 0.8651462197303772 9
1763905141760 0.6472851634025574 10
1763905141855 0.9275839924812317 11
1763905141947 0.39495766162872314 12
1763905142041 0.7138887643814087 13
1763905142135 0.5684899687767029 14
1763905142227 0.9001244306564331 15
1763905142319 0.5387982130050659 16
1763905142412 1.3666878938674927 17
1763905142504 0.6048876047134399 18
