1761837949159 1.6741961240768433 0
1761837949196 1.390305757522583 1
1761837949232 1.2558081150054932 2
1761837949267 1.1717195510864258 3
1761837949303 1.1073074340820312 4
1761837949338 1.0480122566223145 5
1761837949375 1.0025228261947632 6
1761837949409 0.9676368832588196 7
1761837949444 0.9496646523475647 8
1761837949479 0.9212117195129395 9
1761837949513 0.887559711933136 10
1761837949548 0.8631848692893982 11
1761837949583 0.8338362574577332 12
1761837949616 0.8079408407211304 13
1761837949649 0.7871764302253723 14
1761837949685 0.7690715789794922 15
1761837949720 0.7443273067474365 16
1761837949755 0.7212970852851868 17
1761837949790 0.6984153985977173 18
1761837949823 0.6773582100868225 19
1761837949859 0.6570796370506287 20
1761837949894 0.6384522914886475 21
1761837949929 0.6192842721939087 22
1761837949962 0.6037435531616211 23
1761837949996 0.5885920524597168 24
1761837950029 0.5751858353614807 25
1761837950064 0.5635425448417664 26
1761837950099 0.5506101250648499 27
1761837950132 0.5396769642829895 28
1761837950166 0.5282318592071533 29
1761837950201 0.518235445022583 30
1761837950235 0.5096141695976257 31
1761837950268 0.5004904270172119 32
1761837950301 0.49408307671546936 33
1761837950336 0.4868386685848236 34
1761837950372 0.4804805815219879 35
1761837950406 0.4734921157360077 36
1761837950440 0.46660539507865906 37
1761837950473 0.4599694609642029 38
1761837950506 0.4539775550365448 39
1761837950541 0.4481979310512543 40
1761837950576 0.443177193403244 41
1761837950611 0.4378160834312439 42
1761837950644 0.43308988213539124 43
1761837950679 0.42780107259750366 44
1761837950714 0.4235093891620636 45
1761837950749 0.4186045229434967 46
1761837950785 0.41599681973457336 47
1761837950820 0.41136327385902405 48
1761837950855 0.4074721932411194 49
1761837950888 0.404250830411911 50
1761837950923 0.40122008323669434 51
1761837950958 0.3974509835243225 52
1761837950992 0.39403119683265686 53
1761837951026 0.3906515836715698 54
1761837951062 0.387535035610199 55
1761837951097 0.3844299018383026 56
1761837951132 0.3816772997379303 57
1761837951168 0.37833401560783386 58
1761837951203 0.3751087784767151 59
1761837951238 0.37251973152160645 60
1761837951272 0.36984729766845703 61
1761837951304 0.3682881295681 62
1761837951338 0.36575427651405334 63
1761837951372 0.36378103494644165 64
1761837951408 0.3615521192550659 65
1761837951443 0.359817236661911 66
1761837951477 0.357198029756546 67
1761837951511 0.35465213656425476 68
1761837951546 0.3525114357471466 69
1761837951581 0.35059744119644165 70
1761837951616 0.3484845459461212 71
1761837951650 0.34661349654197693 72
1761837951684 0.34538033604621887 73
1761837951719 0.3438939154148102 74
1761837951754 0.3424138128757477 75
1761837951790 0.3407732844352722 76
1761837951824 0.3390992283821106 77
1761837951858 0.3375573456287384 78
1761837951892 0.33593252301216125 79
1761837951927 0.3340417146682739 80
1761837951961 0.33293616771698 81
1761837951996 0.33144620060920715 82
1761837952031 0.3306325674057007 83
1761837952067 0.3290661871433258 84
1761837952102 0.32731765508651733 85
1761837952137 0.32608702778816223 86
1761837952173 0.3249315917491913 87
1761837952237 0.32395532727241516 88
1761837952275 0.32245072722435 89
1761837952312 0.3212997317314148 90
1761837952350 0.3197253346443176 91
1761837952389 0.3187214434146881 92
1761837952425 0.31776782870292664 93
1761837952463 0.31647053360939026 94
1761837952506 0.31544002890586853 95
1761837952549 0.3144289553165436 96
1761837952585 0.31354251503944397 97
1761837952620 0.31283918023109436 98
1761837952656 0.3115285634994507 99
1761837952692 0.31079211831092834 100
1761837952726 0.31045714020729065 101
1761837952762 0.309619665145874 102
1761837952797 0.3085452616214752 103
1761837952833 0.30758363008499146 104
1761837952868 0.3066559135913849 105
1761837952904 0.3061671555042267 106
1761837952940 0.30521664023399353 107
1761837952976 0.3042021095752716 108
1761837953010 0.3031904995441437 109
1761837953049 0.30232545733451843 110
1761837953085 0.3016555607318878 111
1761837953123 0.3013496994972229 112
1761837953158 0.3004482686519623 113
1761837953195 0.2998713254928589 114
1761837953233 0.29889461398124695 115
1761837953268 0.297969251871109 116
1761837953302 0.2973003685474396 117
1761837953338 0.2966757118701935 118
1761837953374 0.2959738075733185 119
1761837953408 0.29547712206840515 120
1761837953444 0.294827401638031 121
1761837953480 0.2941930294036865 122
1761837953516 0.2937175929546356 123
1761837953550 0.29318857192993164 124
1761837953586 0.2925971746444702 125
1761837953621 0.2921866774559021 126
1761837953665 0.29175424575805664 127
1761837953706 0.2909221947193146 128
1761837953744 0.29023051261901855 129
1761837953780 0.28968101739883423 130
1761837953815 0.2892357110977173 131
1761837953852 0.28863027691841125 132
1761837953887 0.2882154881954193 133
1761837953922 0.2876887917518616 134
1761837953958 0.28711792826652527 135
1761837953993 0.2863161563873291 136
1761837954029 0.2856939136981964 137
1761837954064 0.2853866517543793 138
1761837954099 0.2846733331680298 139
1761837954135 0.28423866629600525 140
1761837954170 0.2840658128261566 141
1761837954206 0.2839328944683075 142
1761837954241 0.2834157347679138 143
1761837954277 0.28275278210639954 144
1761837954313 0.2821618616580963 145
1761837954350 0.2815937399864197 146
1761837954386 0.2809702157974243 147
1761837954422 0.2804754972457886 148
1761837954459 0.28004613518714905 149
1761837954494 0.279739111661911 150
1761837954529 0.2793043851852417 151
1761837954564 0.2789645493030548 152
1761837954599 0.2787010967731476 153
1761837954635 0.27847808599472046 154
1761837954670 0.2780030369758606 155
1761837954706 0.27770522236824036 156
1761837954740 0.2772766053676605 157
1761837954776 0.2768791615962982 158
1761837954813 0.2765391170978546 159
1761837954848 0.27603060007095337 160
1761837954883 0.275449275970459 161
1761837954919 0.2750759422779083 162
1761837954954 0.27483534812927246 163
1761837954989 0.2745020091533661 164
1761837955025 0.27411460876464844 165
1761837955060 0.27367809414863586 166
1761837955096 0.273348331451416 167
1761837955130 0.2730685770511627 168
1761837955166 0.27261775732040405 169
1761837955202 0.2722446024417877 170
1761837955237 0.27192577719688416 171
1761837955273 0.27140888571739197 172
1761837955307 0.2712734043598175 173
1761837955344 0.27126598358154297 174
1761837955379 0.27094966173171997 175
1761837955414 0.270475834608078 176
1761837955447 0.2699054181575775 177
1761837955482 0.26959294080734253 178
1761837955516 0.26935315132141113 179
1761837955551 0.26886945962905884 180
1761837955587 0.2685107886791229 181
1761837955624 0.2681926488876343 182
1761837955659 0.26781579852104187 183
1761837955695 0.2675691246986389 184
1761837955731 0.26720893383026123 185
1761837955766 0.2669179439544678 186
1761837955802 0.2665776312351227 187
1761837955837 0.26639696955680847 188
1761837955872 0.26611459255218506 189
1761837955909 0.2655894160270691 190
1761837955944 0.26535794138908386 191
1761837955980 0.2649879455566406 192
1761837956014 0.26467931270599365 193
1761837956051 0.26434803009033203 194
1761837956086 0.26401495933532715 195
1761837956120 0.2635658085346222 196
1761837956157 0.26337847113609314 197
1761837956192 0.2632366120815277 198
1761837956229 0.26287776231765747 199
1761837956264 0.2626556158065796 200
1761837956299 0.2623356580734253 201
1761837956334 0.26223352551460266 202
1761837956370 0.2619369626045227 203
1761837956406 0.26183009147644043 204
1761837956441 0.26156195998191833 205
1761837956475 0.2614098787307739 206
1761837956514 0.2612845301628113 207
1761837956552 0.2610290050506592 208
1761837956587 0.2607881426811218 209
1761837956623 0.2606161832809448 210
1761837956658 0.26054859161376953 211
1761837956692 0.26041677594184875 212
1761837956729 0.2602732479572296 213
1761837956764 0.260019451379776 214
1761837956797 0.2598966658115387 215
1761837956833 0.25959721207618713 216
1761837956869 0.2595210671424866 217
1761837956905 0.2593977153301239 218
1761837956941 0.2593505382537842 219
1761837956976 0.25908058881759644 220
1761837957013 0.2588787078857422 221
1761837957049 0.25886070728302 222
