1761837949159 1.8493670225143433 0
1761837949196 0.8589345812797546 1
1761837949232 0.36864009499549866 2
1761837949267 0.6038485169410706 3
1761837949303 1.1509079933166504 4
1761837949338 0.7073555588722229 5
1761837949375 0.6344744563102722 6
1761837949409 1.120177984237671 7
1761837949444 1.8624740839004517 8
1761837949479 0.6527555584907532 9
1761837949513 0.7691407203674316 10
1761837949548 1.7558051347732544 11
1761837949583 0.39285773038864136 12
1761837949616 0.5826993584632874 13
1761837949649 1.1363389492034912 14
1761837949685 0.7292133569717407 15
1761837949720 0.06289244443178177 16
1761837949755 0.43268799781799316 17
1761837949790 0.9050452709197998 18
1761837949823 0.6455559134483337 19
1761837949859 0.14589929580688477 20
1761837949894 0.9669404625892639 21
1761837949929 0.275692880153656 22
1761837949962 0.8957650661468506 23
1761837949996 0.801249623298645 24
1761837950029 0.43712887167930603 25
1761837950064 0.7422865629196167 26
1761837950099 0.1064932718873024 27
1761837950132 0.029311403632164 28
1761837950166 0.26644545793533325 29
1761837950201 0.04878031089901924 30
1761837950235 0.5562787055969238 31
1761837950268 0.7782731056213379 32
1761837950301 0.3023398518562317 33
1761837950336 0.6371473073959351 34
1761837950372 1.4332191944122314 35
1761837950406 0.14715337753295898 36
1761837950440 0.4694218933582306 37
1761837950473 0.1443258672952652 38
1761837950506 0.7998520135879517 39
1761837950541 0.6980295777320862 40
1761837950576 0.41384631395339966 41
1761837950611 1.0158162117004395 42
1761837950644 0.1719040423631668 43
1761837950679 0.6732375621795654 44
1761837950714 0.1859765350818634 45
1761837950749 0.3030833899974823 46
1761837950785 2.2246716022491455 47
1761837950820 0.2837386131286621 48
1761837950855 0.7617698907852173 49
1761837950888 0.08660280704498291 50
1761837950923 0.9440906643867493 51
1761837950958 0.1827361136674881 52
1761837950992 0.155302956700325 53
1761837951026 0.24138638377189636 54
1761837951062 0.12760022282600403 55
1761837951097 0.06122463569045067 56
1761837951132 0.07844621688127518 57
1761837951168 0.38344499468803406 58
1761837951203 0.41356194019317627 59
1761837951238 0.4676498770713806 60
1761837951272 0.06191445514559746 61
1761837951304 0.08367834240198135 62
1761837951338 0.4889448881149292 63
1761837951372 1.1381711959838867 64
1761837951408 0.9346277713775635 65
1761837951443 0.14829121530056 66
1761837951477 0.066515251994133 67
1761837951511 0.3680013418197632 68
1761837951546 0.39989858865737915 69
1761837951581 0.44778433442115784 70
1761837951616 0.02663339488208294 71
1761837951650 0.21757537126541138 72
1761837951684 0.5257196426391602 73
1761837951719 0.38371214270591736 74
1761837951754 0.18206951022148132 75
1761837951790 0.2712981402873993 76
1761837951824 0.21566830575466156 77
1761837951858 0.20155012607574463 78
1761837951892 0.19222508370876312 79
1761837951927 0.23154430091381073 80
1761837951961 0.7159793972969055 81
1761837951996 0.19197309017181396 82
1761837952031 0.7467949390411377 83
1761837952067 0.3341931104660034 84
1761837952102 0.046293262392282486 85
1761837952137 0.16813117265701294 86
1761837952173 0.2788368761539459 87
1761837952237 0.34339502453804016 88
1761837952275 0.3488472104072571 89
1761837952312 0.08637022972106934 90
1761837952350 0.2814967632293701 91
1761837952389 1.0013434886932373 92
1761837952425 0.2643164396286011 93
1761837952463 0.49775782227516174 94
1761837952506 0.3969283699989319 95
1761837952549 0.6111659407615662 96
1761837952585 0.19397646188735962 97
1761837952620 0.20246538519859314 98
1761837952656 0.45383894443511963 99
1761837952692 0.5999953150749207 100
1761837952726 0.488372266292572 101
1761837952762 0.16777895390987396 102
1761837952797 0.5387980937957764 103
1761837952833 0.6916972994804382 104
1761837952868 0.7039325833320618 105
1761837952904 0.7091696858406067 106
1761837952940 0.11412614583969116 107
1761837952976 0.1314745843410492 108
1761837953010 0.19910360872745514 109
1761837953049 0.32242992520332336 110
1761837953085 0.780136227607727 111
1761837953123 0.7541503310203552 112
1761837953158 0.19064365327358246 113
1761837953195 0.08422918617725372 114
1761837953233 0.0428616888821125 115
1761837953268 0.029659712687134743 116
1761837953302 0.5553325414657593 117
1761837953338 0.27933233976364136 118
1761837953374 0.9753288626670837 119
1761837953408 0.8565763831138611 120
1761837953444 0.29886341094970703 121
1761837953480 0.44392773509025574 122
1761837953516 0.3733927011489868 123
1761837953550 0.22265632450580597 124
1761837953586 0.7244713306427002 125
1761837953621 0.3959698975086212 126
1761837953665 0.990802526473999 127
1761837953706 0.03520192578434944 128
1761837953744 0.08878443390130997 129
1761837953780 0.4108690917491913 130
1761837953815 0.5148407220840454 131
1761837953852 0.3202737867832184 132
1761837953887 0.49100714921951294 133
1761837953922 0.16168753802776337 134
1761837953958 0.951088547706604 135
1761837953993 0.27281084656715393 136
1761837954029 0.08051314204931259 137
1761837954064 0.5521721243858337 138
1761837954099 0.07942616939544678 139
1761837954135 0.747305691242218 140
1761837954170 3.1937921047210693 141
1761837954206 0.6103234887123108 142
1761837954241 0.24706441164016724 143
1761837954277 0.09044953435659409 144
1761837954313 0.5009999871253967 145
1761837954350 0.5719670057296753 146
1761837954386 0.31037968397140503 147
1761837954422 0.8572746515274048 148
1761837954459 0.023121166974306107 149
1761837954494 0.4896818995475769 150
1761837954529 0.4793088436126709 151
1761837954564 0.29200559854507446 152
1761837954599 0.39338594675064087 153
1761837954635 0.1397283375263214 154
1761837954670 0.22381305694580078 155
1761837954706 0.06055144593119621 156
1761837954740 0.14308947324752808 157
1761837954776 0.3682084083557129 158
1761837954813 0.442862868309021 159
1761837954848 0.31028246879577637 160
1761837954883 0.21574555337429047 161
1761837954919 0.18913432955741882 162
1761837954954 0.3361918330192566 163
1761837954989 0.25440987944602966 164
1761837955025 0.3551461398601532 165
1761837955060 0.1252925992012024 166
1761837955096 0.31455957889556885 167
1761837955130 0.04318125918507576 168
1761837955166 0.4332161545753479 169
1761837955202 0.5399792194366455 170
1761837955237 0.2166910618543625 171
1761837955273 0.4702603816986084 172
1761837955307 0.12574975192546844 173
1761837955344 1.3216875791549683 174
1761837955379 0.12005765736103058 175
1761837955414 0.4956132471561432 176
1761837955447 0.15140271186828613 177
1761837955482 1.072450041770935 178
1761837955516 0.5380182862281799 179
1761837955551 0.6073597073554993 180
1761837955587 0.22292965650558472 181
1761837955624 0.454962819814682 182
1761837955659 0.2853914201259613 183
1761837955695 0.21323959529399872 184
1761837955731 0.24767839908599854 185
1761837955766 0.23691226541996002 186
1761837955802 0.7515132427215576 187
1761837955837 0.12192817777395248 188
1761837955872 1.5381357669830322 189
1761837955909 0.24054160714149475 190
1761837955944 0.2549230754375458 191
1761837955980 0.0797388032078743 192
1761837956014 0.17538470029830933 193
1761837956051 0.24245427548885345 194
1761837956086 0.04160980135202408 195
1761837956120 0.05484549328684807 196
1761837956157 0.26378172636032104 197
1761837956192 0.18943451344966888 198
1761837956229 0.3181504011154175 199
1761837956264 0.04197950288653374 200
1761837956299 0.031985897570848465 201
1761837956334 1.8284634351730347 202
1761837956370 0.028526078909635544 203
1761837956406 0.7406744360923767 204
1761837956441 0.1472012996673584 205
1761837956475 0.08070605993270874 206
1761837956514 1.5168664455413818 207
1761837956552 0.10939348489046097 208
1761837956587 0.0779515877366066 209
1761837956623 0.44502896070480347 210
1761837956658 0.6749855279922485 211
1761837956692 0.5353596806526184 212
1761837956729 1.0239691734313965 213
1761837956764 0.16932860016822815 214
1761837956797 0.60218745470047 215
1761837956833 0.41858476400375366 216
1761837956869 0.34808287024497986 217
1761837956905 0.3836103081703186 218
1761837956941 0.6545862555503845 219
1761837956976 0.29724302887916565 220
1761837957013 0.17240950465202332 221
1761837957049 0.3604227900505066 222
