1761841430179 1.7559200525283813 0
1761841430262 1.3833504915237427 1
1761841430360 1.1768488883972168 2
1761841430443 1.196805477142334 3
1761841430524 1.0546112060546875 4
1761841430606 1.0071415901184082 5
1761841430685 0.9100406765937805 6
1761841430766 0.9084157347679138 7
1761841430847 0.7366783618927002 8
1761841430927 0.8250614404678345 9
1761841431007 0.731194257736206 10
1761841431087 0.6882648468017578 11
1761841431167 0.6846787333488464 12
1761841431249 0.7075619101524353 13
1761841431328 0.6106137037277222 14
1761841431406 0.6202355027198792 15
1761841431482 0.6114591956138611 16
1761841431564 0.5827896595001221 17
1761841431643 0.5681084990501404 18
1761841431723 0.6020933389663696 19
1761841431802 0.5499526262283325 20
1761841431880 0.5761081576347351 21
1761841431958 0.5317088961601257 22
1761841432038 0.4936428964138031 23
1761841432119 0.42122069001197815 24
