1761838585367 1.8601267337799072 0
1761838585439 1.6291699409484863 1
1761838585515 1.537930965423584 2
1761838585593 1.4617196321487427 3
1761838585668 1.4006917476654053 4
1761838585741 1.3428955078125 5
1761838585812 1.301169991493225 6
1761838585883 1.2562652826309204 7
1761838585955 1.2203338146209717 8
1761838586027 1.1860014200210571 9
1761838586098 1.1540734767913818 10
1761838586169 1.1222202777862549 11
1761838586239 1.090985655784607 12
1761838586309 1.0668712854385376 13
1761838586380 1.043751835823059 14
1761838586451 1.0188884735107422 15
1761838586521 0.9995343685150146 16
1761838586594 0.9810351729393005 17
1761838586663 0.9654072523117065 18
1761838586734 0.9489840865135193 19
1761838586803 0.9301384687423706 20
1761838586875 0.9120852947235107 21
1761838586946 0.8984012007713318 22
1761838587020 0.8859955668449402 23
1761838587094 0.8723731637001038 24
1761838587165 0.8601547479629517 25
1761838587235 0.8479384779930115 26
1761838587308 0.8379567265510559 27
1761838587376 0.8270027041435242 28
1761838587448 0.8181197047233582 29
1761838587520 0.8094276189804077 30
1761838587591 0.8006033897399902 31
1761838587663 0.7920330762863159 32
1761838587733 0.7832756638526917 33
1761838587805 0.774418830871582 34
1761838587874 0.7656364440917969 35
1761838587946 0.7569180130958557 36
1761838588015 0.745841383934021 37
1761838588088 0.7357527613639832 38
1761838588160 0.7254638671875 39
1761838588231 0.7152599692344666 40
1761838588303 0.7056847214698792 41
1761838588373 0.6960813999176025 42
1761838588446 0.6865673661231995 43
1761838588518 0.6775370836257935 44
1761838588590 0.6696001887321472 45
1761838588662 0.6607868075370789 46
1761838588730 0.6532777547836304 47
1761838588802 0.6466814279556274 48
1761838588872 0.6390460729598999 49
1761838588943 0.6325531005859375 50
1761838589015 0.6271019577980042 51
1761838589088 0.6206476092338562 52
1761838589160 0.6146813035011292 53
1761838589230 0.6083328127861023 54
1761838589300 0.6027061939239502 55
1761838589372 0.5969838500022888 56
1761838589443 0.5911109447479248 57
1761838589514 0.5856634974479675 58
1761838589585 0.5797023177146912 59
1761838589655 0.5748460292816162 60
1761838589726 0.5701695084571838 61
1761838589797 0.5656864047050476 62
1761838589868 0.5620688796043396 63
1761838589939 0.557876467704773 64
1761838590011 0.5537463426589966 65
1761838590082 0.5498367547988892 66
1761838590153 0.5466063022613525 67
1761838590224 0.543585479259491 68
1761838590294 0.5396650433540344 69
1761838590365 0.5361711978912354 70
1761838590437 0.5325631499290466 71
1761838590508 0.5296595096588135 72
1761838590580 0.5261645913124084 73
1761838590651 0.522966206073761 74
1761838590722 0.5199465751647949 75
1761838590794 0.516838550567627 76
1761838590865 0.5141847729682922 77
1761838590936 0.5118127465248108 78
1761838591008 0.5094147324562073 79
1761838591079 0.5065892338752747 80
1761838591151 0.5039755702018738 81
1761838591223 0.5018554329872131 82
1761838591295 0.4993472099304199 83
1761838591367 0.49670538306236267 84
1761838591438 0.4945649802684784 85
1761838591511 0.491851270198822 86
1761838591583 0.48909616470336914 87
1761838591653 0.48671796917915344 88
1761838591725 0.484695166349411 89
1761838591796 0.48239800333976746 90
1761838591868 0.4807080924510956 91
1761838591939 0.4789208471775055 92
1761838592010 0.47678342461586 93
1761838592083 0.47464674711227417 94
1761838592156 0.4722789227962494 95
1761838592227 0.4706280827522278 96
1761838592297 0.46885406970977783 97
1761838592370 0.46726685762405396 98
1761838592441 0.4651593863964081 99
1761838592513 0.4635183811187744 100
1761838592586 0.4615994989871979 101
1761838592658 0.46036550402641296 102
1761838592730 0.45875704288482666 103
1761838592804 0.457439124584198 104
1761838592875 0.45626482367515564 105
1761838592946 0.4546937942504883 106
1761838593018 0.4534009099006653 107
1761838593091 0.4522123336791992 108
1761838593163 0.450516939163208 109
1761838593235 0.44928109645843506 110
1761838593307 0.4475151598453522 111
1761838593380 0.4464726448059082 112
1761838593451 0.44495660066604614 113
1761838593524 0.44389986991882324 114
1761838593596 0.4426819980144501 115
1761838593668 0.44138970971107483 116
1761838593739 0.4397934079170227 117
1761838593811 0.438532292842865 118
1761838593882 0.4374946355819702 119
1761838593955 0.4364379048347473 120
1761838594027 0.4354040026664734 121
1761838594099 0.43440982699394226 122
1761838594170 0.43303558230400085 123
1761838594241 0.4317486584186554 124
1761838594312 0.43069344758987427 125
1761838594384 0.42994773387908936 126
1761838594457 0.4285748600959778 127
1761838594529 0.4278668165206909 128
1761838594602 0.4266887307167053 129
1761838594674 0.4260585308074951 130
1761838594743 0.42489439249038696 131
1761838594815 0.4239337146282196 132
1761838594886 0.4228172302246094 133
1761838594959 0.4219112694263458 134
1761838595032 0.4211183786392212 135
1761838595104 0.42029935121536255 136
1761838595177 0.4194795787334442 137
1761838595248 0.41869238018989563 138
1761838595320 0.4179277718067169 139
1761838595392 0.4169723093509674 140
1761838595464 0.41602468490600586 141
1761838595535 0.41528886556625366 142
1761838595607 0.4143935441970825 143
1761838595682 0.41396564245224 144
1761838595756 0.4133387804031372 145
1761838595828 0.4124172031879425 146
1761838595902 0.41144275665283203 147
1761838595973 0.4106273651123047 148
1761838596044 0.4096224308013916 149
1761838596117 0.40883079171180725 150
1761838596191 0.4080321192741394 151
1761838596264 0.4071873426437378 152
1761838596337 0.40651607513427734 153
1761838596409 0.40590012073516846 154
1761838596482 0.4053095579147339 155
1761838596554 0.4042815566062927 156
1761838596626 0.40370380878448486 157
1761838596698 0.40290969610214233 158
1761838596770 0.4020938277244568 159
1761838596842 0.4015233814716339 160
1761838596914 0.40063178539276123 161
1761838596986 0.39997997879981995 162
1761838597057 0.39938127994537354 163
1761838597131 0.39881518483161926 164
1761838597204 0.3982628583908081 165
1761838597276 0.39764001965522766 166
1761838597346 0.3971574306488037 167
1761838597419 0.3964028060436249 168
1761838597492 0.39576926827430725 169
1761838597562 0.3948373794555664 170
1761838597635 0.39423394203186035 171
1761838597706 0.3937004506587982 172
1761838597779 0.39336615800857544 173
1761838597852 0.39277663826942444 174
1761838597924 0.3922542631626129 175
1761838597997 0.3916625678539276 176
1761838598071 0.391187459230423 177
1761838598144 0.3911362290382385 178
1761838598217 0.39032790064811707 179
1761838598289 0.390140175819397 180
1761838598362 0.38955187797546387 181
1761838598435 0.38928818702697754 182
1761838598507 0.3886023759841919 183
1761838598578 0.38805413246154785 184
1761838598651 0.3876522183418274 185
1761838598725 0.38706380128860474 186
1761838598799 0.38649067282676697 187
1761838598872 0.3860429525375366 188
1761838598943 0.3856223523616791 189
1761838599015 0.38507527112960815 190
1761838599088 0.3848106265068054 191
1761838599160 0.38461583852767944 192
1761838599233 0.384357213973999 193
1761838599306 0.38385817408561707 194
1761838599379 0.38335829973220825 195
1761838599452 0.38288795948028564 196
1761838599525 0.38225963711738586 197
1761838599595 0.381754994392395 198
1761838599667 0.38148200511932373 199
1761838599739 0.3812159299850464 200
1761838599815 0.38088011741638184 201
1761838599886 0.38057082891464233 202
1761838599960 0.3801542818546295 203
1761838600037 0.37963441014289856 204
1761838600111 0.3793930411338806 205
1761838600185 0.3788948655128479 206
1761838600258 0.37856197357177734 207
1761838600331 0.37828579545021057 208
1761838600404 0.37776699662208557 209
1761838600478 0.3773547410964966 210
1761838600550 0.3769082725048065 211
1761838600624 0.3764347434043884 212
1761838600697 0.37630122900009155 213
1761838600771 0.376120388507843 214
1761838600845 0.3755713105201721 215
1761838600917 0.37520167231559753 216
1761838600991 0.37495219707489014 217
1761838601063 0.3744775056838989 218
1761838601137 0.3741721510887146 219
1761838601210 0.37374037504196167 220
1761838601284 0.37342962622642517 221
1761838601357 0.37307944893836975 222
1761838601430 0.37300771474838257 223
1761838601503 0.3727460503578186 224
1761838601575 0.37227681279182434 225
1761838601647 0.37181687355041504 226
1761838601720 0.37131935358047485 227
1761838601793 0.3709835112094879 228
1761838601866 0.37091341614723206 229
1761838601940 0.37070605158805847 230
1761838602014 0.3705674707889557 231
1761838602088 0.37038567662239075 232
1761838602161 0.37025782465934753 233
1761838602234 0.36987435817718506 234
1761838602307 0.3696325123310089 235
1761838602380 0.36921918392181396 236
1761838602454 0.36887603998184204 237
1761838602526 0.3685242235660553 238
1761838602600 0.3684324324131012 239
1761838602673 0.3682451844215393 240
1761838602747 0.3678443133831024 241
1761838602819 0.3672182261943817 242
1761838602891 0.36687609553337097 243
1761838602964 0.36641359329223633 244
1761838603036 0.3661262094974518 245
1761838603109 0.3658410310745239 246
1761838603183 0.36557069420814514 247
1761838603261 0.3651754558086395 248
1761838603346 0.36475643515586853 249
1761838603426 0.36417028307914734 250
1761838603506 0.36380812525749207 251
1761838603585 0.36350709199905396 252
1761838603660 0.3629973530769348 253
1761838603733 0.3626643121242523 254
1761838603805 0.36232808232307434 255
1761838603876 0.36223891377449036 256
1761838603950 0.3620987832546234 257
1761838604024 0.3619116544723511 258
1761838604098 0.36153459548950195 259
1761838604171 0.36136922240257263 260
1761838604245 0.3611143231391907 261
1761838604318 0.3608503043651581 262
1761838604392 0.3607061207294464 263
1761838604465 0.36034291982650757 264
1761838604537 0.3602130115032196 265
1761838604610 0.3598316013813019 266
1761838604684 0.359571635723114 267
1761838604759 0.3592502772808075 268
1761838604832 0.35932642221450806 269
1761838604905 0.35903510451316833 270
1761838604980 0.35879969596862793 271
1761838605054 0.35847848653793335 272
1761838605130 0.35835450887680054 273
1761838605203 0.3582037091255188 274
1761838605277 0.35796913504600525 275
1761838605351 0.357867032289505 276
1761838605427 0.35797011852264404 277
1761838605502 0.35767465829849243 278
1761838605575 0.3574926257133484 279
1761838605649 0.35718193650245667 280
1761838605723 0.35693007707595825 281
1761838605795 0.35692456364631653 282
1761838605867 0.3565458655357361 283
1761838605940 0.3564087152481079 284
1761838606014 0.3564088046550751 285
1761838606088 0.35609474778175354 286
1761838606161 0.3557813763618469 287
1761838606235 0.3554946780204773 288
1761838606309 0.35530081391334534 289
1761838606382 0.3549923598766327 290
1761838606456 0.3548795282840729 291
1761838606532 0.3548531234264374 292
1761838606606 0.3546927571296692 293
1761838606680 0.35435163974761963 294
1761838606753 0.3542464077472687 295
1761838606826 0.3540661633014679 296
1761838606899 0.3539108633995056 297
1761838606976 0.35378268361091614 298
1761838607051 0.353633850812912 299
1761838607126 0.3534694314002991 300
1761838607201 0.35335391759872437 301
1761838607274 0.3531302511692047 302
1761838607358 0.35296377539634705 303
1761838607436 0.3526601493358612 304
1761838607511 0.35247600078582764 305
1761838607587 0.3524516820907593 306
1761838607661 0.3523115813732147 307
1761838607735 0.3520348072052002 308
1761838607808 0.35188615322113037 309
1761838607881 0.3516561686992645 310
1761838607956 0.35135871171951294 311
1761838608028 0.35135552287101746 312
1761838608103 0.3512592613697052 313
1761838608177 0.3511214554309845 314
1761838608252 0.3510960042476654 315
1761838608325 0.3509445786476135 316
1761838608398 0.3508048355579376 317
1761838608474 0.35067474842071533 318
1761838608548 0.35036829113960266 319
1761838608623 0.35014209151268005 320
1761838608695 0.34987595677375793 321
1761838608769 0.34968703985214233 322
1761838608843 0.34949302673339844 323
1761838608917 0.34923920035362244 324
1761838608989 0.3490006923675537 325
1761838609062 0.3488994836807251 326
1761838609138 0.3488665819168091 327
1761838609212 0.34871020913124084 328
1761838609285 0.34856507182121277 329
1761838609360 0.3482532203197479 330
1761838609435 0.34810522198677063 331
1761838609509 0.3480847179889679 332
1761838609584 0.3478563129901886 333
1761838609657 0.3478228747844696 334
1761838609731 0.34769904613494873 335
1761838609805 0.3475913405418396 336
1761838609878 0.3474476933479309 337
1761838609952 0.3471458852291107 338
1761838610027 0.34705913066864014 339
1761838610101 0.34686243534088135 340
1761838610175 0.3467837870121002 341
1761838610248 0.3465501368045807 342
1761838610321 0.34644660353660583 343
1761838610395 0.3462340831756592 344
1761838610469 0.3459690511226654 345
1761838610542 0.345770001411438 346
1761838610615 0.3455556631088257 347
1761838610688 0.34545230865478516 348
1761838610762 0.34531936049461365 349
1761838610836 0.3451783359050751 350
1761838610908 0.3449733555316925 351
1761838610982 0.34478768706321716 352
1761838611057 0.3446893095970154 353
1761838611130 0.34467291831970215 354
1761838611205 0.34439486265182495 355
1761838611279 0.34405645728111267 356
1761838611352 0.3437880575656891 357
1761838611427 0.3436832129955292 358
1761838611500 0.3435043394565582 359
1761838611572 0.3433775305747986 360
1761838611645 0.34324896335601807 361
1761838611720 0.3430735170841217 362
1761838611795 0.3428298234939575 363
1761838611868 0.34269171953201294 364
1761838611942 0.3425430655479431 365
1761838612017 0.34241148829460144 366
1761838612092 0.34229370951652527 367
1761838612165 0.3422728180885315 368
1761838612239 0.3421541750431061 369
1761838612314 0.34203046560287476 370
1761838612388 0.3419369161128998 371
1761838612461 0.3418298661708832 372
1761838612537 0.34161320328712463 373
1761838612610 0.3415410816669464 374
1761838612684 0.3413841724395752 375
1761838612757 0.3412408232688904 376
1761838612832 0.34115535020828247 377
1761838612907 0.34099453687667847 378
1761838612981 0.3407735228538513 379
1761838613053 0.3406194746494293 380
1761838613128 0.34053531289100647 381
1761838613203 0.34038007259368896 382
1761838613276 0.3401202857494354 383
1761838613350 0.3400161564350128 384
1761838613427 0.33989351987838745 385
1761838613503 0.3397251069545746 386
1761838613578 0.3396238386631012 387
1761838613653 0.33963286876678467 388
1761838613728 0.33954745531082153 389
1761838613802 0.3395715355873108 390
1761838613873 0.3395516872406006 391
1761838613947 0.3393497169017792 392
1761838614024 0.3393111228942871 393
1761838614100 0.3392641544342041 394
1761838614175 0.33915388584136963 395
1761838614249 0.3390481472015381 396
1761838614324 0.3388439416885376 397
1761838614398 0.3387024402618408 398
1761838614471 0.33870264887809753 399
1761838614546 0.338598370552063 400
