1761838585367 1.664253830909729 0
1761838585439 1.8944015502929688 1
1761838585515 1.4669374227523804 2
1761838585593 1.1750954389572144 3
1761838585668 1.4537122249603271 4
1761838585741 1.005694031715393 5
1761838585812 1.5478928089141846 6
1761838585883 2.143770456314087 7
1761838585955 1.3321151733398438 8
1761838586027 1.3973655700683594 9
1761838586098 1.601994276046753 10
1761838586169 0.8853707313537598 11
1761838586239 1.3416945934295654 12
1761838586309 1.0808892250061035 13
1761838586380 0.7922664880752563 14
1761838586451 0.3713417649269104 15
1761838586521 0.3902926743030548 16
1761838586594 1.0874451398849487 17
1761838586663 1.9128259420394897 18
1761838586734 0.9742416143417358 19
1761838586803 0.623138427734375 20
1761838586875 1.4120885133743286 21
1761838586946 0.41832494735717773 22
1761838587020 1.110432505607605 23
1761838587094 1.1909348964691162 24
1761838587165 0.9419275522232056 25
1761838587235 0.8064678907394409 26
1761838587308 0.4605896472930908 27
1761838587376 1.1771609783172607 28
1761838587448 1.5200127363204956 29
1761838587520 1.07753586769104 30
1761838587591 0.22312374413013458 31
1761838587663 1.0378493070602417 32
1761838587733 0.6861556768417358 33
1761838587805 0.6083518266677856 34
1761838587874 1.3980305194854736 35
1761838587946 0.08041724562644958 36
1761838588015 0.2474845051765442 37
1761838588088 0.9716140031814575 38
1761838588160 1.1131619215011597 39
1761838588231 0.20064984261989594 40
1761838588303 0.5956904292106628 41
1761838588373 0.7068886756896973 42
1761838588446 0.35726985335350037 43
1761838588518 0.3441654145717621 44
1761838588590 1.1486884355545044 45
1761838588662 0.23094341158866882 46
1761838588730 0.8335518836975098 47
1761838588802 1.113004446029663 48
1761838588872 0.6221009492874146 49
1761838588943 0.4374125003814697 50
1761838589015 0.36050865054130554 51
1761838589088 0.4657769799232483 52
1761838589160 1.1516671180725098 53
1761838589230 0.6435431838035583 54
1761838589300 0.20022115111351013 55
1761838589372 1.0736476182937622 56
1761838589443 0.3180848956108093 57
1761838589514 0.11761419475078583 58
1761838589585 0.13137269020080566 59
1761838589655 0.3817485272884369 60
1761838589726 0.6001864671707153 61
1761838589797 0.31079548597335815 62
1761838589868 0.5849698185920715 63
1761838589939 0.6828829646110535 64
1761838590011 0.43671131134033203 65
1761838590082 0.30699723958969116 66
1761838590153 0.9522162675857544 67
1761838590224 0.3305759131908417 68
1761838590294 0.22149837017059326 69
1761838590365 0.10308309644460678 70
1761838590437 0.044063109904527664 71
1761838590508 1.3625115156173706 72
1761838590580 0.5387405157089233 73
1761838590651 0.5234607458114624 74
1761838590722 0.4192262589931488 75
1761838590794 0.4938105642795563 76
1761838590865 0.21920621395111084 77
1761838590936 1.7365646362304688 78
1761838591008 0.12464609742164612 79
1761838591079 0.059674590826034546 80
1761838591151 0.16478128731250763 81
1761838591223 0.43224358558654785 82
1761838591295 0.5195388793945312 83
1761838591367 0.3456704914569855 84
1761838591438 0.5237126350402832 85
1761838591511 0.7249540686607361 86
1761838591583 0.2714994251728058 87
1761838591653 0.5634837746620178 88
1761838591725 0.3516227602958679 89
1761838591796 0.2316591590642929 90
1761838591868 0.8928078413009644 91
1761838591939 0.9136085510253906 92
1761838592010 0.12841573357582092 93
1761838592083 0.30301880836486816 94
1761838592156 0.03299557790160179 95
1761838592227 1.0179821252822876 96
1761838592297 0.08802258968353271 97
1761838592370 0.33969151973724365 98
1761838592441 0.5776450037956238 99
1761838592513 0.3911904990673065 100
1761838592586 0.7367072105407715 101
1761838592658 0.32377350330352783 102
1761838592730 0.492423415184021 103
1761838592804 1.0971471071243286 104
1761838592875 1.4813445806503296 105
1761838592946 0.4021185040473938 106
1761838593018 0.7619022727012634 107
1761838593091 0.14539466798305511 108
1761838593163 0.6884506344795227 109
1761838593235 0.42438560724258423 110
1761838593307 0.025970684364438057 111
1761838593380 0.028505457565188408 112
1761838593451 0.05125981941819191 113
1761838593524 0.4785310626029968 114
1761838593596 0.23600713908672333 115
1761838593668 0.2689064145088196 116
1761838593739 0.16577616333961487 117
1761838593811 0.5639016032218933 118
1761838593882 0.7247684001922607 119
1761838593955 0.39909157156944275 120
1761838594027 0.03962413966655731 121
1761838594099 0.12325899302959442 122
1761838594170 0.11968185752630234 123
1761838594241 0.17175814509391785 124
1761838594312 0.450876921415329 125
1761838594384 2.038987874984741 126
1761838594457 0.20842571556568146 127
1761838594529 1.3760887384414673 128
1761838594602 0.12908048927783966 129
1761838594674 0.8925783038139343 130
1761838594743 0.27355673909187317 131
1761838594815 0.76869797706604 132
1761838594886 0.5658717155456543 133
1761838594959 0.16403621435165405 134
1761838595032 0.9245583415031433 135
1761838595104 1.0664643049240112 136
1761838595177 0.5277637243270874 137
1761838595248 0.9138016104698181 138
1761838595320 1.0182026624679565 139
1761838595392 0.17898759245872498 140
1761838595464 0.22943133115768433 141
1761838595535 0.4484061896800995 142
1761838595607 0.5486760139465332 143
1761838595682 0.9878492951393127 144
1761838595756 0.5654894709587097 145
1761838595828 0.1300572007894516 146
1761838595902 0.4772830009460449 147
1761838595973 0.21543680131435394 148
1761838596044 0.18069618940353394 149
1761838596117 1.7757112979888916 150
1761838596191 0.6781588792800903 151
1761838596264 0.6078904867172241 152
1761838596337 0.4302118718624115 153
1761838596409 0.3308393955230713 154
1761838596482 0.5862033367156982 155
1761838596554 0.09451400488615036 156
1761838596626 0.5607316493988037 157
1761838596698 0.2898329794406891 158
1761838596770 0.39959046244621277 159
1761838596842 0.08411283791065216 160
1761838596914 0.12065313756465912 161
1761838596986 0.3052085041999817 162
1761838597057 0.5234162211418152 163
1761838597131 1.7481290102005005 164
1761838597204 0.6659436821937561 165
1761838597276 0.7748385667800903 166
1761838597346 0.47711604833602905 167
1761838597419 0.4557122588157654 168
1761838597492 0.9099815487861633 169
1761838597562 0.10379663854837418 170
1761838597635 0.2533516585826874 171
1761838597706 1.5151461362838745 172
1761838597779 0.417226105928421 173
1761838597852 0.5587296485900879 174
1761838597924 1.186462640762329 175
1761838597997 0.8761246800422668 176
1761838598071 0.3924570083618164 177
1761838598144 0.5192945599555969 178
1761838598217 0.27890804409980774 179
1761838598289 2.0818898677825928 180
1761838598362 0.44928497076034546 181
1761838598435 0.058510661125183105 182
1761838598507 0.2017369121313095 183
1761838598578 0.43375006318092346 184
1761838598651 1.317586898803711 185
1761838598725 0.3707800805568695 186
1761838598799 0.43046343326568604 187
1761838598872 0.21264339983463287 188
1761838598943 0.25768229365348816 189
1761838599015 0.5573055148124695 190
1761838599088 0.7514837384223938 191
1761838599160 1.5368841886520386 192
1761838599233 0.5258979797363281 193
1761838599306 0.41061049699783325 194
1761838599379 0.08391397446393967 195
1761838599452 0.10382011532783508 196
1761838599525 0.2988884449005127 197
1761838599595 0.08353490382432938 198
1761838599667 0.6089896559715271 199
1761838599739 0.5870460867881775 200
1761838599815 0.5464715361595154 201
1761838599886 0.4201684296131134 202
1761838599960 0.594700813293457 203
1761838600037 0.2033415287733078 204
1761838600111 0.47717273235321045 205
1761838600185 0.24088676273822784 206
1761838600258 0.09805622696876526 207
1761838600331 0.5942366719245911 208
1761838600404 0.19801145792007446 209
1761838600478 0.3650326728820801 210
1761838600550 0.7749755382537842 211
1761838600624 0.41821929812431335 212
1761838600697 0.6547375917434692 213
1761838600771 1.610328197479248 214
1761838600845 0.05192020535469055 215
1761838600917 0.6211919784545898 216
1761838600991 1.2785413265228271 217
1761838601063 0.5559682250022888 218
1761838601137 0.5475517511367798 219
1761838601210 0.7459686398506165 220
1761838601284 0.5083606839179993 221
1761838601357 0.252081960439682 222
1761838601430 0.6592954397201538 223
1761838601503 0.7402784824371338 224
1761838601575 0.45441457629203796 225
1761838601647 0.18158940970897675 226
1761838601720 0.3711864650249481 227
1761838601793 0.7616341710090637 228
1761838601866 1.034366488456726 229
1761838601940 0.7536646127700806 230
1761838602014 0.15832975506782532 231
1761838602088 1.5557321310043335 232
1761838602161 0.6767762899398804 233
1761838602234 0.36646783351898193 234
1761838602307 0.6404106020927429 235
1761838602380 0.21307945251464844 236
1761838602454 0.8279513716697693 237
1761838602526 0.42136794328689575 238
1761838602600 1.1525434255599976 239
1761838602673 1.4386723041534424 240
1761838602747 0.059525515884160995 241
1761838602819 0.1389063000679016 242
1761838602891 0.3270649015903473 243
1761838602964 0.2066746950149536 244
1761838603036 0.7001065015792847 245
1761838603109 0.03534884378314018 246
1761838603183 0.5736097097396851 247
1761838603261 0.16309773921966553 248
1761838603346 0.25010666251182556 249
1761838603426 0.12013855576515198 250
1761838603506 0.5994964241981506 251
1761838603585 0.6186909079551697 252
1761838603660 0.030822772532701492 253
1761838603733 0.17402832210063934 254
1761838603805 0.21405118703842163 255
1761838603876 1.2016404867172241 256
1761838603950 0.4630478024482727 257
1761838604024 0.4816819727420807 258
1761838604098 0.2229195535182953 259
1761838604171 1.6382524967193604 260
1761838604245 2.0803892612457275 261
1761838604318 0.18380586802959442 262
1761838604392 0.3946118652820587 263
1761838604465 0.5628783106803894 264
1761838604537 0.6809215545654297 265
1761838604610 0.13598184287548065 266
1761838604684 0.3499828279018402 267
1761838604759 0.39739659428596497 268
1761838604832 0.628662645816803 269
1761838604905 0.25644099712371826 270
1761838604980 0.10950891673564911 271
1761838605054 1.066290259361267 272
1761838605130 0.339846134185791 273
1761838605203 0.5894427299499512 274
1761838605277 0.17976847290992737 275
1761838605351 0.5596339702606201 276
1761838605427 2.188030242919922 277
1761838605502 0.7764230966567993 278
1761838605575 0.8210787773132324 279
1761838605649 0.24598470330238342 280
1761838605723 0.24872252345085144 281
1761838605795 1.8958388566970825 282
1761838605867 0.0795164555311203 283
1761838605940 0.5699183940887451 284
1761838606014 1.6003209352493286 285
1761838606088 0.5426262021064758 286
1761838606161 0.24753138422966003 287
1761838606235 0.30451589822769165 288
1761838606309 0.37564751505851746 289
1761838606382 0.4302658140659332 290
1761838606456 0.12956467270851135 291
1761838606532 0.5406774878501892 292
1761838606606 0.6230790019035339 293
1761838606680 1.0562660694122314 294
1761838606753 0.30583369731903076 295
1761838606826 0.7051029801368713 296
1761838606899 0.752105712890625 297
1761838606976 0.10300818085670471 298
1761838607051 0.19266775250434875 299
1761838607126 0.09554874897003174 300
1761838607201 0.847737729549408 301
1761838607274 0.4871673285961151 302
1761838607358 0.8902525901794434 303
1761838607436 0.05153532698750496 304
1761838607511 0.17956863343715668 305
1761838607587 0.3087826669216156 306
1761838607661 0.31546130776405334 307
1761838607735 0.5926719307899475 308
1761838607808 0.4838191568851471 309
1761838607881 0.9388033151626587 310
1761838607956 0.9342809319496155 311
1761838608028 0.8569272756576538 312
1761838608103 1.0473666191101074 313
1761838608177 0.1475237011909485 314
1761838608252 0.7809237837791443 315
1761838608325 0.29898130893707275 316
1761838608398 0.8456087112426758 317
1761838608474 0.32863911986351013 318
1761838608548 0.33249521255493164 319
1761838608623 0.0749572142958641 320
1761838608695 0.04044332355260849 321
1761838608769 0.13513261079788208 322
1761838608843 1.0448548793792725 323
1761838608917 0.466012567281723 324
1761838608989 0.2977759838104248 325
1761838609062 0.3207726776599884 326
1761838609138 0.78965824842453 327
1761838609212 1.1468242406845093 328
1761838609285 0.6532037258148193 329
1761838609360 0.19208268821239471 330
1761838609435 0.1683083474636078 331
1761838609509 0.49386829137802124 332
1761838609584 0.08798671513795853 333
1761838609657 1.8996912240982056 334
1761838609731 0.021201882511377335 335
1761838609805 0.6122978329658508 336
1761838609878 1.082883596420288 337
1761838609952 0.383236289024353 338
1761838610027 0.59757000207901 339
1761838610101 0.49976927042007446 340
1761838610175 0.06412233412265778 341
1761838610248 0.2753928601741791 342
1761838610321 0.905185341835022 343
1761838610395 0.11325721442699432 344
1761838610469 0.35201185941696167 345
1761838610542 0.6769053936004639 346
1761838610615 0.18364787101745605 347
1761838610688 0.6450036764144897 348
1761838610762 0.3342133164405823 349
1761838610836 0.4516417980194092 350
1761838610908 0.3242829144001007 351
1761838610982 0.5670783519744873 352
1761838611057 0.08051388710737228 353
1761838611130 0.4747680425643921 354
1761838611205 0.16859886050224304 355
1761838611279 0.22274518013000488 356
1761838611352 0.09214905649423599 357
1761838611427 0.47689956426620483 358
1761838611500 0.5152084827423096 359
1761838611572 0.3435105085372925 360
1761838611645 0.8104067444801331 361
1761838611720 0.4706905782222748 362
1761838611795 0.16487884521484375 363
1761838611868 0.25008702278137207 364
1761838611942 0.6785157918930054 365
1761838612017 1.2855159044265747 366
1761838612092 0.8051421046257019 367
1761838612165 0.10496288537979126 368
1761838612239 0.5316818952560425 369
1761838612314 0.11039897799491882 370
1761838612388 1.7054080963134766 371
1761838612461 0.80107581615448 372
1761838612537 0.03274138644337654 373
1761838612610 0.9008381962776184 374
1761838612684 0.0937453880906105 375
1761838612757 0.4627898037433624 376
1761838612832 0.16962093114852905 377
1761838612907 0.2442682832479477 378
1761838612981 0.44079309701919556 379
1761838613053 0.34473052620887756 380
1761838613128 0.09829766303300858 381
1761838613203 0.2676091492176056 382
1761838613276 0.0943794846534729 383
1761838613350 0.10119999200105667 384
1761838613427 0.42174196243286133 385
1761838613503 0.45620211958885193 386
1761838613578 0.7996549606323242 387
1761838613653 0.8141515851020813 388
1761838613728 1.4779969453811646 389
1761838613802 0.7166590094566345 390
1761838613873 0.30610087513923645 391
1761838613947 0.0644187182188034 392
1761838614024 1.1774523258209229 393
1761838614100 0.09849472343921661 394
1761838614175 0.680514395236969 395
1761838614249 0.6615843176841736 396
1761838614324 0.12109378725290298 397
1761838614398 0.16361966729164124 398
1761838614471 0.08138435333967209 399
1761838614546 0.15506349503993988 400
