1761834806859 2.1192708015441895 0
1761834807021 1.9207255840301514 1
1761834807185 1.7881923913955688 2
1761834807352 1.708141565322876 3
1761834807517 1.6411219835281372 4
1761834807679 1.5996719598770142 5
1761834807842 1.5584927797317505 6
1761834808022 1.5142322778701782 7
1761834808192 1.4926749467849731 8
1761834808361 1.4732840061187744 9
1761834808536 1.448961615562439 10
1761834808708 1.4208943843841553 11
1761834808881 1.3956973552703857 12
1761834809050 1.3733230829238892 13
1761834809238 1.3472715616226196 14
1761834809411 1.3271828889846802 15
1761834809586 1.3089507818222046 16
1761834809767 1.2903863191604614 17
1761834809972 1.2721004486083984 18
1761834810156 1.2577182054519653 19
1761834810338 1.2422618865966797 20
1761834810501 1.2224053144454956 21
1761834810665 1.2068105936050415 22
1761834810826 1.1909964084625244 23
1761834810987 1.1784589290618896 24
1761834811149 1.1675608158111572 25
1761834811325 1.152523398399353 26
1761834811505 1.136947751045227 27
1761834811679 1.1210383176803589 28
1761834811860 1.1064927577972412 29
1761834812034 1.0911990404129028 30
1761834812210 1.0783103704452515 31
1761834812374 1.064440131187439 32
1761834812547 1.049905776977539 33
1761834812718 1.0397392511367798 34
1761834812900 1.0274497270584106 35
1761834813068 1.0148444175720215 36
1761834813237 1.0050153732299805 37
1761834813397 0.9938885569572449 38
1761834813560 0.9841307997703552 39
1761834813721 0.9734447002410889 40
1761834813888 0.9649382829666138 41
1761834814050 0.9559640884399414 42
1761834814212 0.9466845989227295 43
1761834814376 0.9371095895767212 44
1761834814537 0.9284747838973999 45
1761834814699 0.9216826558113098 46
1761834814862 0.9131682515144348 47
1761834815022 0.9053382277488708 48
1761834815185 0.8970474004745483 49
1761834815347 0.8899245858192444 50
1761834815508 0.8846379518508911 51
1761834815669 0.8777564764022827 52
1761834815838 0.8722876310348511 53
1761834816014 0.867798924446106 54
1761834816178 0.8623887300491333 55
1761834816351 0.858311116695404 56
1761834816515 0.8523834347724915 57
1761834816678 0.8474985957145691 58
1761834816839 0.8429809808731079 59
1761834817001 0.8378515839576721 60
1761834817180 0.8334714770317078 61
1761834817350 0.8299939632415771 62
1761834817519 0.8261436820030212 63
1761834817687 0.8206680417060852 64
1761834817851 0.8157916069030762 65
1761834818025 0.8113489151000977 66
1761834818193 0.8074316382408142 67
1761834818361 0.8035673499107361 68
1761834818535 0.7991262078285217 69
1761834818706 0.7964754104614258 70
1761834818868 0.7930397987365723 71
1761834819041 0.7897632122039795 72
1761834819209 0.7870534658432007 73
1761834819377 0.7840713858604431 74
1761834819538 0.7808276414871216 75
1761834819705 0.7782276272773743 76
1761834819872 0.7750670909881592 77
1761834820041 0.7721081972122192 78
1761834820227 0.7682514190673828 79
1761834820389 0.7659825682640076 80
1761834820551 0.7632873058319092 81
1761834820716 0.760486900806427 82
1761834820879 0.7587084174156189 83
1761834821042 0.7557412385940552 84
1761834821206 0.7531744241714478 85
1761834821373 0.7507438063621521 86
1761834821538 0.7485119104385376 87
1761834821701 0.7463345527648926 88
1761834821864 0.7438446283340454 89
1761834822027 0.7414260506629944 90
1761834822192 0.7392109632492065 91
1761834822358 0.7370073795318604 92
1761834822521 0.7362060546875 93
1761834822684 0.7337791919708252 94
1761834822845 0.7316214442253113 95
1761834823007 0.7294312715530396 96
1761834823168 0.7272322773933411 97
1761834823335 0.7252992391586304 98
1761834823511 0.7229073643684387 99
1761834823682 0.7215038537979126 100
1761834823859 0.7193140387535095 101
1761834824041 0.7173088788986206 102
1761834824232 0.7155781388282776 103
1761834824407 0.7145877480506897 104
1761834824580 0.7134608030319214 105
1761834824744 0.7117651700973511 106
1761834824909 0.7108942866325378 107
1761834825072 0.7103844881057739 108
1761834825235 0.70906662940979 109
1761834825400 0.7082213163375854 110
1761834825565 0.7069796323776245 111
1761834825729 0.7059446573257446 112
1761834825893 0.7051290273666382 113
1761834826053 0.7038914561271667 114
1761834826219 0.7024644613265991 115
1761834826386 0.7012513279914856 116
1761834826550 0.7000522017478943 117
1761834826714 0.6984031200408936 118
1761834826876 0.6973827481269836 119
1761834827040 0.6962833404541016 120
1761834827206 0.6952360272407532 121
1761834827370 0.6936751008033752 122
1761834827546 0.6927806735038757 123
1761834827723 0.6913877725601196 124
1761834827901 0.6898690462112427 125
1761834828066 0.6892300844192505 126
1761834828259 0.6880910992622375 127
1761834828444 0.6874482035636902 128
1761834828626 0.6867625713348389 129
1761834828807 0.685998797416687 130
1761834828977 0.6855930685997009 131
1761834829147 0.6849216222763062 132
1761834829318 0.6835048794746399 133
1761834829480 0.6826999187469482 134
1761834829657 0.6815981864929199 135
1761834829827 0.6805532574653625 136
1761834829992 0.6798171401023865 137
1761834830162 0.6785994172096252 138
1761834830330 0.677751362323761 139
1761834830497 0.6770877242088318 140
1761834830661 0.6761534810066223 141
1761834830825 0.6749709844589233 142
1761834830991 0.6736724972724915 143
1761834831156 0.6727449297904968 144
1761834831343 0.6719956398010254 145
1761834831511 0.6711475849151611 146
1761834831676 0.6705173254013062 147
1761834831848 0.6696088910102844 148
1761834832011 0.6683768630027771 149
1761834832178 0.667681097984314 150
1761834832355 0.6668574213981628 151
1761834832552 0.666395366191864 152
1761834832721 0.6654925346374512 153
1761834832896 0.6648021936416626 154
1761834833060 0.6641919016838074 155
1761834833240 0.6635187864303589 156
1761834833404 0.6631239056587219 157
1761834833567 0.6623023152351379 158
1761834833731 0.6617907881736755 159
1761834833895 0.6612465977668762 160
1761834834059 0.6604846119880676 161
1761834834224 0.6599010229110718 162
1761834834396 0.6595466732978821 163
1761834834565 0.6587856411933899 164
1761834834735 0.6577760577201843 165
1761834834909 0.657058835029602 166
1761834835078 0.6566290855407715 167
1761834835242 0.6556618809700012 168
1761834835426 0.6547706723213196 169
1761834835627 0.654244601726532 170
1761834835799 0.6537132859230042 171
1761834835980 0.652941882610321 172
1761834836203 0.6525260210037231 173
1761834836428 0.6521379947662354 174
1761834836632 0.651229739189148 175
1761834836860 0.6505818367004395 176
1761834837043 0.650141716003418 177
1761834837230 0.6497994065284729 178
1761834837404 0.6491568088531494 179
1761834837577 0.648181140422821 180
1761834837748 0.6479535102844238 181
1761834837920 0.6474908590316772 182
1761834838084 0.6472408771514893 183
1761834838251 0.6468729376792908 184
1761834838414 0.6462914943695068 185
1761834838578 0.6458433270454407 186
1761834838746 0.6453770399093628 187
1761834838914 0.644797682762146 188
1761834839094 0.6444547176361084 189
1761834839293 0.6437298655509949 190
1761834839474 0.6431388854980469 191
1761834839649 0.6427226662635803 192
1761834839818 0.6423158645629883 193
1761834839984 0.6422195434570312 194
1761834840155 0.641596794128418 195
1761834840319 0.6411898732185364 196
1761834840494 0.6408916711807251 197
1761834840680 0.6405112147331238 198
1761834840855 0.6401180624961853 199
1761834841022 0.6394953727722168 200
1761834841190 0.6390734314918518 201
1761834841358 0.638580858707428 202
1761834841524 0.637869656085968 203
1761834841688 0.6375388503074646 204
1761834841853 0.6369931101799011 205
1761834842019 0.6365842819213867 206
1761834842186 0.6363303661346436 207
1761834842349 0.6358621120452881 208
1761834842514 0.6354959607124329 209
1761834842679 0.6354510188102722 210
1761834842845 0.6350760459899902 211
1761834843009 0.6350138187408447 212
1761834843173 0.6346420645713806 213
1761834843338 0.63413006067276 214
1761834843503 0.6335306763648987 215
1761834843667 0.6333752274513245 216
1761834843835 0.6331325769424438 217
1761834844000 0.6329649686813354 218
1761834844166 0.6325175166130066 219
1761834844330 0.6321431398391724 220
1761834844497 0.6317824125289917 221
1761834844667 0.6314672231674194 222
1761834844836 0.6310781240463257 223
1761834845006 0.6306002140045166 224
1761834845177 0.6301303505897522 225
1761834845353 0.6299809813499451 226
1761834845529 0.6296446323394775 227
1761834845696 0.6295706629753113 228
1761834845866 0.6292416453361511 229
1761834846040 0.6289075016975403 230
1761834846200 0.6285877227783203 231
1761834846364 0.6283180117607117 232
1761834846528 0.6278286576271057 233
1761834846696 0.6276921629905701 234
1761834846885 0.6273637413978577 235
1761834847043 0.627072811126709 236
1761834847203 0.6267778873443604 237
1761834847367 0.6262880563735962 238
1761834847532 0.6260544061660767 239
1761834847704 0.6259986162185669 240
1761834847882 0.6256535053253174 241
1761834848087 0.6251053810119629 242
1761834848260 0.6251186728477478 243
1761834848432 0.6248729228973389 244
1761834848606 0.6244391798973083 245
1761834848771 0.624439537525177 246
1761834848937 0.6241035461425781 247
1761834849100 0.6238002777099609 248
1761834849283 0.6234616637229919 249
1761834849451 0.623073935508728 250
1761834849609 0.6227385997772217 251
1761834849775 0.6224725842475891 252
1761834849941 0.6224139332771301 253
1761834850111 0.6220026016235352 254
1761834850277 0.6216051578521729 255
1761834850442 0.6213478446006775 256
1761834850607 0.6213153004646301 257
1761834850816 0.6209357976913452 258
1761834850990 0.620742678642273 259
1761834851166 0.6206132769584656 260
1761834851345 0.6205097436904907 261
1761834851516 0.6203149557113647 262
1761834851695 0.6199981570243835 263
1761834851862 0.6197882294654846 264
1761834852026 0.6194019913673401 265
1761834852209 0.6188520789146423 266
1761834852384 0.6187752485275269 267
1761834852558 0.6187330484390259 268
1761834852731 0.618606686592102 269
1761834852893 0.6182512044906616 270
1761834853059 0.6180297136306763 271
1761834853256 0.6178402304649353 272
1761834853429 0.6176235675811768 273
1761834853595 0.6173126101493835 274
1761834853760 0.6170635223388672 275
1761834853926 0.616730809211731 276
1761834854122 0.6163671612739563 277
1761834854295 0.6159695386886597 278
1761834854457 0.6158860325813293 279
1761834854630 0.6155849099159241 280
1761834854808 0.615339457988739 281
1761834854976 0.6153724193572998 282
1761834855155 0.6153379082679749 283
1761834855331 0.6150166988372803 284
1761834855495 0.6146508455276489 285
1761834855661 0.6146184206008911 286
1761834855826 0.6145293712615967 287
1761834856001 0.6142460703849792 288
1761834856183 0.6142023205757141 289
1761834856393 0.6138069033622742 290
1761834856581 0.6137973666191101 291
1761834856758 0.6135802865028381 292
1761834856933 0.6132980585098267 293
1761834857112 0.6132286190986633 294
1761834857300 0.6128773093223572 295
1761834857475 0.6127287745475769 296
1761834857640 0.6123933792114258 297
1761834857807 0.6121422052383423 298
1761834857972 0.6117061376571655 299
1761834858141 0.6113985776901245 300
1761834858310 0.6111381649971008 301
1761834858474 0.6109272837638855 302
1761834858638 0.6105232834815979 303
1761834858806 0.6103091239929199 304
1761834858981 0.6102684736251831 305
1761834859154 0.6100491881370544 306
1761834859320 0.6098192930221558 307
1761834859486 0.609373152256012 308
1761834859652 0.6092011332511902 309
1761834859817 0.6090356111526489 310
1761834859984 0.6088101267814636 311
1761834860151 0.608588695526123 312
1761834860318 0.6083372831344604 313
1761834860484 0.6082754731178284 314
1761834860650 0.6082395911216736 315
1761834860816 0.6084970235824585 316
1761834860978 0.6082414984703064 317
1761834861145 0.6081153750419617 318
1761834861319 0.607693076133728 319
1761834861494 0.6073932647705078 320
1761834861672 0.6075417995452881 321
1761834861843 0.6073519587516785 322
1761834862023 0.6072657108306885 323
1761834862205 0.6072695255279541 324
1761834862375 0.6070272326469421 325
1761834862542 0.606826663017273 326
1761834862719 0.6067784428596497 327
1761834862891 0.6068216562271118 328
1761834863056 0.6066271066665649 329
1761834863220 0.6065930128097534 330
1761834863388 0.6066594123840332 331
1761834863559 0.6065467000007629 332
1761834863727 0.6063944697380066 333
1761834863896 0.6062949299812317 334
1761834864065 0.6060152649879456 335
1761834864229 0.6058362722396851 336
1761834864426 0.6056056022644043 337
1761834864606 0.6052575707435608 338
1761834864788 0.6052297949790955 339
1761834864958 0.6049197316169739 340
1761834865138 0.6047512292861938 341
1761834865319 0.6048092842102051 342
1761834865493 0.6045951843261719 343
1761834865683 0.6043172478675842 344
1761834865887 0.6040806174278259 345
1761834866056 0.6039015054702759 346
1761834866241 0.6037847995758057 347
1761834866407 0.603558361530304 348
1761834866573 0.6035692095756531 349
1761834866740 0.603401780128479 350
1761834866909 0.6033899188041687 351
1761834867078 0.6031895279884338 352
1761834867241 0.6030072569847107 353
1761834867405 0.6027173399925232 354
1761834867570 0.6026051044464111 355
1761834867740 0.6022648811340332 356
1761834867910 0.6019918918609619 357
1761834868077 0.6019915342330933 358
1761834868243 0.6018482446670532 359
1761834868411 0.6017947793006897 360
1761834868578 0.6016590595245361 361
1761834868743 0.601376473903656 362
1761834868908 0.6010938286781311 363
1761834869074 0.6008780002593994 364
1761834869238 0.6006688475608826 365
1761834869402 0.6005591750144958 366
1761834869569 0.6003507971763611 367
1761834869736 0.600223183631897 368
1761834869902 0.6000674962997437 369
1761834870071 0.6001283526420593 370
1761834870237 0.599876880645752 371
1761834870402 0.5997306108474731 372
1761834870567 0.5995380282402039 373
1761834870736 0.5994112491607666 374
1761834870905 0.5993000268936157 375
1761834871073 0.5991719961166382 376
1761834871239 0.5988858342170715 377
1761834871407 0.5987609624862671 378
1761834871576 0.5985394716262817 379
1761834871737 0.5982539653778076 380
1761834871905 0.598082959651947 381
1761834872073 0.5979549288749695 382
1761834872239 0.5979698300361633 383
1761834872405 0.5977230072021484 384
1761834872571 0.5975888967514038 385
1761834872737 0.5975508689880371 386
1761834872901 0.5974490642547607 387
1761834873069 0.597262978553772 388
1761834873235 0.597252607345581 389
1761834873401 0.5971238017082214 390
1761834873563 0.5970529913902283 391
1761834873726 0.5967998504638672 392
1761834873894 0.5966172218322754 393
1761834874061 0.5965925455093384 394
1761834874223 0.5965141654014587 395
1761834874390 0.5964486002922058 396
1761834874557 0.5962584018707275 397
1761834874722 0.5961821675300598 398
1761834874889 0.5960535407066345 399
1761834875050 0.596055269241333 400
