1761834806859 1.622455358505249 0
1761834807021 2.479964256286621 1
1761834807185 0.8127059936523438 2
1761834807352 2.324646472930908 3
1761834807517 1.7958472967147827 4
1761834807679 1.7188448905944824 5
1761834807842 1.1241958141326904 6
1761834808022 1.421648383140564 7
1761834808192 1.2305943965911865 8
1761834808361 1.7611504793167114 9
1761834808536 1.8281861543655396 10
1761834808708 1.9974274635314941 11
1761834808881 1.2716493606567383 12
1761834809050 1.1647804975509644 13
1761834809238 2.5513288974761963 14
1761834809411 0.9577762484550476 15
1761834809586 1.2922375202178955 16
1761834809767 1.4354389905929565 17
1761834809972 1.7195502519607544 18
1761834810156 1.4620839357376099 19
1761834810338 0.6229892373085022 20
1761834810501 0.7901086211204529 21
1761834810665 0.8604862689971924 22
1761834810826 0.5003609657287598 23
1761834810987 0.7687938213348389 24
1761834811149 0.6819488406181335 25
1761834811325 0.21887710690498352 26
1761834811505 0.8498285412788391 27
1761834811679 0.41467559337615967 28
1761834811860 0.6626878380775452 29
1761834812034 0.7035188674926758 30
1761834812210 1.691899061203003 31
1761834812374 0.3182602524757385 32
1761834812547 0.8775177001953125 33
1761834812718 1.5650525093078613 34
1761834812900 0.3145970404148102 35
1761834813068 1.0351238250732422 36
1761834813237 0.31774836778640747 37
1761834813397 1.3010401725769043 38
1761834813560 0.7338987588882446 39
1761834813721 0.5948654413223267 40
1761834813888 0.7525779604911804 41
1761834814050 1.014283299446106 42
1761834814212 1.6051045656204224 43
1761834814376 0.2795822024345398 44
1761834814537 1.1771631240844727 45
1761834814699 1.216142177581787 46
1761834814862 0.5530721545219421 47
1761834815022 0.5938537120819092 48
1761834815185 0.4063160717487335 49
1761834815347 1.0705634355545044 50
1761834815508 2.3804969787597656 51
1761834815669 0.27603453397750854 52
1761834815838 1.8040069341659546 53
1761834816014 0.18486981093883514 54
1761834816178 1.146328091621399 55
1761834816351 1.4812973737716675 56
1761834816515 0.978640615940094 57
1761834816678 0.7901167869567871 58
1761834816839 0.2709003686904907 59
1761834817001 0.8098725080490112 60
1761834817180 0.1050734668970108 61
1761834817350 1.3555034399032593 62
1761834817519 0.2634422183036804 63
1761834817687 0.4913850426673889 64
1761834817851 0.26343244314193726 65
1761834818025 0.3200515806674957 66
1761834818193 1.6060433387756348 67
1761834818361 0.4241922199726105 68
1761834818535 0.2781949043273926 69
1761834818706 1.4930987358093262 70
1761834818868 0.6881557106971741 71
1761834819041 1.2997736930847168 72
1761834819209 0.5770561099052429 73
1761834819377 0.6674503684043884 74
1761834819538 0.419825941324234 75
1761834819705 1.2157753705978394 76
1761834819872 1.8232991695404053 77
1761834820041 0.6350738406181335 78
1761834820227 0.511412501335144 79
1761834820389 1.5174291133880615 80
1761834820551 1.296526551246643 81
1761834820716 0.7270534038543701 82
1761834820879 0.8060175180435181 83
1761834821042 0.7054173350334167 84
1761834821206 1.1226212978363037 85
1761834821373 1.8897993564605713 86
1761834821538 0.258784681558609 87
1761834821701 0.6201850175857544 88
1761834821864 1.0695817470550537 89
1761834822027 0.9478448033332825 90
1761834822192 0.8627513647079468 91
1761834822358 0.4465958774089813 92
1761834822521 0.7171765565872192 93
1761834822684 0.47467556595802307 94
1761834822845 0.8391726016998291 95
1761834823007 0.1539376676082611 96
1761834823168 1.2093220949172974 97
1761834823335 1.0134966373443604 98
1761834823511 0.5216832756996155 99
1761834823682 0.38166946172714233 100
1761834823859 0.4509531557559967 101
1761834824041 0.5397934317588806 102
1761834824232 0.6737155914306641 103
1761834824407 1.4241721630096436 104
1761834824580 1.3926200866699219 105
1761834824744 0.6247764229774475 106
1761834824909 2.1203315258026123 107
1761834825072 1.4233429431915283 108
1761834825235 0.23853345215320587 109
1761834825400 1.2938897609710693 110
1761834825565 0.5533085465431213 111
1761834825729 1.4235790967941284 112
1761834825893 1.485244631767273 113
1761834826053 1.0517412424087524 114
1761834826219 1.0660594701766968 115
1761834826386 0.38057151436805725 116
1761834826550 0.5935051441192627 117
1761834826714 0.7633373737335205 118
1761834826876 1.3878527879714966 119
1761834827040 0.31245073676109314 120
1761834827206 0.1392013132572174 121
1761834827370 0.20204704999923706 122
1761834827546 2.1911916732788086 123
1761834827723 1.264260172843933 124
1761834827901 0.8594771027565002 125
1761834828066 1.8989770412445068 126
1761834828259 0.410309374332428 127
1761834828444 0.4307929277420044 128
1761834828626 0.7977367639541626 129
1761834828807 1.112229347229004 130
1761834828977 0.6672608256340027 131
1761834829147 0.7556073069572449 132
1761834829318 0.6433420181274414 133
1761834829480 1.3381150960922241 134
1761834829657 0.4661223292350769 135
1761834829827 0.9511090517044067 136
1761834829992 1.7407047748565674 137
1761834830162 0.44702404737472534 138
1761834830330 1.1397658586502075 139
1761834830497 0.3003210127353668 140
1761834830661 0.9770939350128174 141
1761834830825 0.6247085332870483 142
1761834830991 0.7308470010757446 143
1761834831156 1.2386643886566162 144
1761834831343 0.3166467547416687 145
1761834831511 1.37161386013031 146
1761834831676 0.955752432346344 147
1761834831848 0.5789940357208252 148
1761834832011 0.7590935230255127 149
1761834832178 0.953032374382019 150
1761834832355 0.679539680480957 151
1761834832552 1.747446894645691 152
1761834832721 0.8128336668014526 153
1761834832896 0.7635500431060791 154
1761834833060 0.5650196075439453 155
1761834833240 0.8928128480911255 156
1761834833404 1.3028491735458374 157
1761834833567 0.5045773983001709 158
1761834833731 2.021573066711426 159
1761834833895 1.0540937185287476 160
1761834834059 0.3243810832500458 161
1761834834224 0.27032962441444397 162
1761834834396 0.15759028494358063 163
1761834834565 0.13203267753124237 164
1761834834735 0.34718847274780273 165
1761834834909 1.0404421091079712 166
1761834835078 0.8892853260040283 167
1761834835242 0.24484674632549286 168
1761834835426 0.26542338728904724 169
1761834835627 0.5630982518196106 170
1761834835799 0.6170967817306519 171
1761834835980 0.5058812499046326 172
1761834836203 0.9286066889762878 173
1761834836428 0.8163189888000488 174
1761834836632 0.24141532182693481 175
1761834836860 0.8997908234596252 176
1761834837043 0.9970637559890747 177
1761834837230 0.9776588678359985 178
1761834837404 0.4092676043510437 179
1761834837577 0.42213863134384155 180
1761834837748 0.8986237645149231 181
1761834837920 0.19561435282230377 182
1761834838084 0.564401388168335 183
1761834838251 0.8541742563247681 184
1761834838414 1.3765809535980225 185
1761834838578 0.23021510243415833 186
1761834838746 0.42232322692871094 187
1761834838914 0.820641279220581 188
1761834839094 0.31806498765945435 189
1761834839293 0.41041627526283264 190
1761834839474 0.5833011269569397 191
1761834839649 1.8301266431808472 192
1761834839818 0.2245580554008484 193
1761834839984 0.8111118674278259 194
1761834840155 0.6570122838020325 195
1761834840319 1.0988929271697998 196
1761834840494 0.7326459884643555 197
1761834840680 0.26817142963409424 198
1761834840855 1.3380258083343506 199
1761834841022 0.45432785153388977 200
1761834841190 0.5897378325462341 201
1761834841358 0.23287683725357056 202
1761834841524 0.4488201141357422 203
1761834841688 0.6956524848937988 204
1761834841853 1.0056824684143066 205
1761834842019 1.0209494829177856 206
1761834842186 0.15545813739299774 207
1761834842349 0.9843416810035706 208
1761834842514 0.7229053378105164 209
1761834842679 1.6318498849868774 210
1761834842845 2.12833833694458 211
1761834843009 0.9539979696273804 212
1761834843173 1.0424444675445557 213
1761834843338 0.6193467974662781 214
1761834843503 0.19282862544059753 215
1761834843667 0.5607669353485107 216
1761834843835 1.0435465574264526 217
1761834844000 0.6394948363304138 218
1761834844166 1.5561394691467285 219
1761834844330 1.75141179561615 220
1761834844497 0.32220494747161865 221
1761834844667 0.49579739570617676 222
1761834844836 0.3738720417022705 223
1761834845006 0.7641118168830872 224
1761834845177 0.09502126276493073 225
1761834845353 0.8972112536430359 226
1761834845529 1.0305085182189941 227
1761834845696 0.9230806231498718 228
1761834845866 0.8308545351028442 229
1761834846040 0.27801957726478577 230
1761834846200 1.4120711088180542 231
1761834846364 0.9808636903762817 232
1761834846528 0.6807491779327393 233
1761834846696 0.3568350076675415 234
1761834846885 0.7886458039283752 235
1761834847043 0.37855637073516846 236
1761834847203 1.3182083368301392 237
1761834847367 0.5186839699745178 238
1761834847532 0.980230450630188 239
1761834847704 0.7367983460426331 240
1761834847882 0.14590954780578613 241
1761834848087 0.2074531763792038 242
1761834848260 1.1124013662338257 243
1761834848432 1.0109729766845703 244
1761834848606 0.6904723644256592 245
1761834848771 1.1956253051757812 246
1761834848937 0.5207884311676025 247
1761834849100 0.3954697549343109 248
1761834849283 1.4569668769836426 249
1761834849451 0.5758533477783203 250
1761834849609 0.9173824787139893 251
1761834849775 0.2759198248386383 252
1761834849941 0.8033701181411743 253
1761834850111 0.9343202114105225 254
1761834850277 1.9193572998046875 255
1761834850442 0.9503624439239502 256
1761834850607 0.8730893135070801 257
1761834850816 0.5538950562477112 258
1761834850990 0.6271402835845947 259
1761834851166 0.5279266238212585 260
1761834851345 0.9396462440490723 261
1761834851516 0.25499099493026733 262
1761834851695 0.853190541267395 263
1761834851862 0.7408086061477661 264
1761834852026 0.6309400200843811 265
1761834852209 0.7023265361785889 266
1761834852384 0.49272221326828003 267
1761834852558 0.9116597175598145 268
1761834852731 0.5209801197052002 269
1761834852893 0.8942528367042542 270
1761834853059 1.3652575016021729 271
1761834853256 1.4805066585540771 272
1761834853429 0.4993642270565033 273
1761834853595 1.6250874996185303 274
1761834853760 0.6974528431892395 275
1761834853926 0.5813118815422058 276
1761834854122 0.22345350682735443 277
1761834854295 0.7600341439247131 278
1761834854457 1.203343152999878 279
1761834854630 0.7747774720191956 280
1761834854808 0.9890007376670837 281
1761834854976 2.671591281890869 282
1761834855155 1.0136277675628662 283
1761834855331 1.034584403038025 284
1761834855495 0.3892575800418854 285
1761834855661 1.4978411197662354 286
1761834855826 1.1069456338882446 287
1761834856001 0.9283597469329834 288
1761834856183 0.9821909666061401 289
1761834856393 0.192136749625206 290
1761834856581 0.9745419025421143 291
1761834856758 0.34981444478034973 292
1761834856933 0.5589600801467896 293
1761834857112 1.351974368095398 294
1761834857300 0.9293577075004578 295
1761834857475 0.9341280460357666 296
1761834857640 1.0437352657318115 297
1761834857807 0.9278478026390076 298
1761834857972 0.4844365119934082 299
1761834858141 0.9475641250610352 300
1761834858310 0.33505910634994507 301
1761834858474 0.5851300358772278 302
1761834858638 0.47737181186676025 303
1761834858806 1.031567096710205 304
1761834858981 1.033320665359497 305
1761834859154 0.8526312112808228 306
1761834859320 0.7786230444908142 307
1761834859486 0.08768486976623535 308
1761834859652 0.5325518250465393 309
1761834859817 0.6200156807899475 310
1761834859984 0.4169306755065918 311
1761834860151 0.9101271629333496 312
1761834860318 0.5873644948005676 313
1761834860484 1.192387580871582 314
1761834860650 0.4656045734882355 315
1761834860816 0.37265607714653015 316
1761834860978 0.968004584312439 317
1761834861145 0.6000810861587524 318
1761834861319 1.0512211322784424 319
1761834861494 0.6338207125663757 320
1761834861672 3.0284900665283203 321
1761834861843 0.2755659222602844 322
1761834862023 0.6903819441795349 323
1761834862205 1.2341623306274414 324
1761834862375 0.9580080509185791 325
1761834862542 0.7454794049263 326
1761834862719 0.6795918941497803 327
1761834862891 0.5150755047798157 328
1761834863056 0.8463615775108337 329
1761834863220 1.1261481046676636 330
1761834863388 1.353746771812439 331
1761834863559 0.47920623421669006 332
1761834863727 0.3486989140510559 333
1761834863896 1.2893174886703491 334
1761834864065 0.7520338892936707 335
1761834864229 0.6991347074508667 336
1761834864426 1.4478307962417603 337
1761834864606 0.6727586984634399 338
1761834864788 1.712570309638977 339
1761834864958 0.7057176828384399 340
1761834865138 0.7363927960395813 341
1761834865319 0.9168691039085388 342
1761834865493 0.8705581426620483 343
1761834865683 0.4928770363330841 344
1761834865887 0.8479006886482239 345
1761834866056 0.5920941233634949 346
1761834866241 1.1098040342330933 347
1761834866407 1.290458083152771 348
1761834866573 0.8115919828414917 349
1761834866740 1.342252254486084 350
1761834866909 0.6698113679885864 351
1761834867078 0.36198195815086365 352
1761834867241 1.548180341720581 353
1761834867405 0.9143908619880676 354
1761834867570 0.7983929514884949 355
1761834867740 0.4036291241645813 356
1761834867910 1.050814151763916 357
1761834868077 2.1778531074523926 358
1761834868243 0.5455868244171143 359
1761834868411 1.449306607246399 360
1761834868578 1.1688696146011353 361
1761834868743 1.0166635513305664 362
1761834868908 1.1031160354614258 363
1761834869074 0.749539852142334 364
1761834869238 0.9223366379737854 365
1761834869402 0.9675047397613525 366
1761834869569 0.6061440706253052 367
1761834869736 0.31511807441711426 368
1761834869902 0.5483497977256775 369
1761834870071 1.4404596090316772 370
1761834870237 0.595887303352356 371
1761834870402 1.1235249042510986 372
1761834870567 1.1763927936553955 373
1761834870736 0.656248152256012 374
1761834870905 1.0940409898757935 375
1761834871073 0.7866320610046387 376
1761834871239 0.5925325751304626 377
1761834871407 0.6231015920639038 378
1761834871576 0.4630691111087799 379
1761834871737 1.127616047859192 380
1761834871905 1.287831425666809 381
1761834872073 0.7126268148422241 382
1761834872239 1.4835762977600098 383
1761834872405 1.4733469486236572 384
1761834872571 0.9679449796676636 385
1761834872737 0.3109654188156128 386
1761834872901 0.6319966316223145 387
1761834873069 0.5116156935691833 388
1761834873235 0.394161581993103 389
1761834873401 0.7937430739402771 390
1761834873563 0.18279990553855896 391
1761834873726 0.35074037313461304 392
1761834873894 1.1360427141189575 393
1761834874061 2.0354771614074707 394
1761834874223 1.4692769050598145 395
1761834874390 1.1329392194747925 396
1761834874557 1.2661031484603882 397
1761834874722 1.0554498434066772 398
1761834874889 0.40581461787223816 399
1761834875050 1.499860405921936 400
