1761838330466 1.678582787513733 0
1761838330516 1.4828999042510986 1
1761838330567 1.406100869178772 2
1761838330617 1.3323469161987305 3
1761838330666 1.287715196609497 4
1761838330718 1.2287318706512451 5
1761838330768 1.1723718643188477 6
1761838330817 1.1376270055770874 7
1761838330867 1.105586051940918 8
1761838330917 1.0755915641784668 9
1761838330966 1.0394995212554932 10
1761838331015 1.0139718055725098 11
1761838331064 0.9924494028091431 12
1761838331114 0.9666789174079895 13
1761838331162 0.9439949989318848 14
1761838331211 0.9301320910453796 15
1761838331260 0.9196851849555969 16
1761838331308 0.9038209915161133 17
1761838331357 0.8923309445381165 18
1761838331406 0.8760882019996643 19
1761838331454 0.866514265537262 20
1761838331507 0.8538527488708496 21
1761838331558 0.8408619165420532 22
1761838331608 0.8302879333496094 23
1761838331658 0.8202377557754517 24
1761838331707 0.8110371828079224 25
1761838331755 0.7993789911270142 26
1761838331804 0.7880961298942566 27
1761838331852 0.7797045111656189 28
1761838331900 0.77162766456604 29
1761838331948 0.7639043927192688 30
1761838331996 0.7555962204933167 31
1761838332044 0.7472084164619446 32
1761838332093 0.7404663562774658 33
1761838332141 0.7335451245307922 34
1761838332190 0.7259864807128906 35
1761838332239 0.7181863784790039 36
1761838332291 0.708624541759491 37
1761838332344 0.7003118395805359 38
1761838332396 0.6915148496627808 39
1761838332446 0.6859070658683777 40
1761838332496 0.6773667931556702 41
1761838332546 0.6699422001838684 42
1761838332596 0.6620766520500183 43
1761838332646 0.6541990637779236 44
1761838332697 0.6473383903503418 45
1761838332745 0.6397270560264587 46
1761838332794 0.6327283382415771 47
1761838332843 0.6257895827293396 48
1761838332892 0.6188216805458069 49
1761838332943 0.6117515563964844 50
1761838332994 0.6061875224113464 51
1761838333043 0.6012580990791321 52
1761838333094 0.59598308801651 53
1761838333145 0.590388834476471 54
1761838333198 0.5856689214706421 55
1761838333247 0.5806725025177002 56
1761838333296 0.5758605003356934 57
1761838333346 0.5710983276367188 58
1761838333394 0.5659440159797668 59
1761838333444 0.5616379976272583 60
1761838333492 0.5581746101379395 61
1761838333540 0.5535470843315125 62
1761838333589 0.5502393841743469 63
1761838333639 0.5463603138923645 64
1761838333687 0.5424200296401978 65
1761838333738 0.5395310521125793 66
1761838333789 0.5363735556602478 67
1761838333841 0.5331036448478699 68
1761838333891 0.5304511189460754 69
1761838333942 0.5270849466323853 70
1761838333991 0.523764431476593 71
1761838334042 0.5201783776283264 72
1761838334092 0.5172741413116455 73
1761838334140 0.5143714547157288 74
1761838334190 0.5113446116447449 75
1761838334238 0.5093295574188232 76
1761838334287 0.5065396428108215 77
1761838334336 0.5039329528808594 78
1761838334385 0.5015535354614258 79
1761838334433 0.49909746646881104 80
1761838334483 0.4965519309043884 81
1761838334532 0.4935949444770813 82
1761838334582 0.4911130368709564 83
1761838334632 0.4883556365966797 84
1761838334696 0.48625171184539795 85
1761838334754 0.48452380299568176 86
1761838334806 0.4823194742202759 87
1761838334856 0.48041099309921265 88
1761838334905 0.47860032320022583 89
1761838334959 0.47633659839630127 90
1761838335012 0.47443193197250366 91
1761838335062 0.4723084568977356 92
1761838335114 0.4706851840019226 93
1761838335165 0.46901005506515503 94
1761838335215 0.4680420160293579 95
1761838335266 0.4659424424171448 96
1761838335315 0.46415257453918457 97
1761838335364 0.46228817105293274 98
1761838335413 0.4612172842025757 99
1761838335463 0.460006445646286 100
1761838335515 0.45906269550323486 101
1761838335566 0.45732954144477844 102
1761838335620 0.4559440016746521 103
1761838335671 0.4542642831802368 104
1761838335724 0.45261162519454956 105
1761838335774 0.45102062821388245 106
1761838335824 0.44931143522262573 107
1761838335873 0.44773274660110474 108
1761838335922 0.4465057849884033 109
1761838335972 0.4451892077922821 110
1761838336022 0.4436619281768799 111
1761838336072 0.4423098862171173 112
1761838336123 0.4411338269710541 113
1761838336172 0.44024986028671265 114
1761838336222 0.4388921856880188 115
1761838336271 0.43817049264907837 116
1761838336320 0.436227411031723 117
1761838336371 0.4350946545600891 118
1761838336420 0.4344792366027832 119
1761838336470 0.4333900213241577 120
1761838336521 0.43207788467407227 121
1761838336573 0.4311300814151764 122
1761838336625 0.430309921503067 123
1761838336676 0.42921745777130127 124
1761838336726 0.42840316891670227 125
1761838336777 0.42717885971069336 126
1761838336827 0.42589297890663147 127
1761838336876 0.42472270131111145 128
1761838336926 0.4239844083786011 129
1761838336976 0.4229198396205902 130
1761838337027 0.42190006375312805 131
1761838337077 0.4206859767436981 132
1761838337128 0.4198739230632782 133
1761838337177 0.41888338327407837 134
1761838337227 0.4179784953594208 135
1761838337278 0.4170852303504944 136
1761838337327 0.4161432683467865 137
1761838337376 0.41535449028015137 138
1761838337425 0.4144105315208435 139
1761838337475 0.4135674834251404 140
1761838337526 0.41284486651420593 141
1761838337575 0.4120940864086151 142
1761838337625 0.41110554337501526 143
1761838337674 0.4099768400192261 144
1761838337724 0.4094005823135376 145
1761838337773 0.4090145528316498 146
1761838337824 0.4084092676639557 147
1761838337874 0.4078039228916168 148
1761838337923 0.40709078311920166 149
1761838337974 0.4062746465206146 150
1761838338025 0.4055059850215912 151
1761838338076 0.40480804443359375 152
1761838338128 0.40394529700279236 153
1761838338178 0.40343403816223145 154
1761838338229 0.40287646651268005 155
1761838338278 0.40226036310195923 156
1761838338329 0.40159183740615845 157
1761838338379 0.40089842677116394 158
1761838338429 0.40005066990852356 159
1761838338479 0.39934930205345154 160
1761838338530 0.39875176548957825 161
1761838338580 0.39810362458229065 162
1761838338631 0.39769721031188965 163
1761838338681 0.3971351683139801 164
1761838338731 0.39667654037475586 165
1761838338781 0.3959296941757202 166
1761838338830 0.39534419775009155 167
1761838338880 0.39473721385002136 168
1761838338930 0.3941602110862732 169
1761838338980 0.39340484142303467 170
1761838339031 0.39271804690361023 171
1761838339081 0.39194920659065247 172
1761838339131 0.391383558511734 173
1761838339181 0.39084330201148987 174
1761838339231 0.3904344141483307 175
1761838339281 0.38975051045417786 176
1761838339331 0.3893929123878479 177
1761838339381 0.38900724053382874 178
1761838339431 0.38847213983535767 179
1761838339482 0.3881165087223053 180
1761838339532 0.3875074088573456 181
1761838339582 0.38695886731147766 182
1761838339632 0.3864358365535736 183
1761838339682 0.3857758045196533 184
1761838339732 0.38556399941444397 185
1761838339783 0.3851662576198578 186
1761838339834 0.3844970166683197 187
1761838339884 0.3837776482105255 188
1761838339933 0.38343995809555054 189
1761838339984 0.38274869322776794 190
1761838340035 0.382316529750824 191
1761838340085 0.3817901909351349 192
1761838340136 0.38135963678359985 193
1761838340186 0.3810408115386963 194
1761838340237 0.38067352771759033 195
1761838340287 0.3803388774394989 196
1761838340337 0.37978270649909973 197
1761838340387 0.3792527914047241 198
1761838340436 0.37899959087371826 199
1761838340487 0.3786223530769348 200
1761838340538 0.37814995646476746 201
1761838340589 0.37786245346069336 202
1761838340640 0.3775353729724884 203
1761838340690 0.37706437706947327 204
1761838340742 0.3766869306564331 205
1761838340793 0.37634533643722534 206
1761838340843 0.3758496046066284 207
1761838340893 0.3754896819591522 208
1761838340944 0.37528857588768005 209
1761838340995 0.3748947083950043 210
1761838341045 0.3744582533836365 211
1761838341096 0.37414005398750305 212
1761838341147 0.37377938628196716 213
1761838341197 0.37359002232551575 214
1761838341247 0.3732498586177826 215
1761838341297 0.37294435501098633 216
1761838341349 0.37247374653816223 217
1761838341400 0.3719710111618042 218
1761838341451 0.37165749073028564 219
1761838341515 0.3711809813976288 220
1761838341567 0.370890736579895 221
1761838341618 0.3704645037651062 222
1761838341669 0.3702024817466736 223
1761838341720 0.369774729013443 224
1761838341771 0.3696119487285614 225
1761838341822 0.3692837655544281 226
1761838341873 0.36908453702926636 227
1761838341924 0.36868414282798767 228
1761838341974 0.36838746070861816 229
1761838342025 0.3681526184082031 230
1761838342075 0.36778390407562256 231
1761838342126 0.36743462085723877 232
1761838342177 0.3673148453235626 233
1761838342227 0.36700406670570374 234
1761838342277 0.36680543422698975 235
1761838342328 0.3663613200187683 236
1761838342379 0.36612579226493835 237
1761838342430 0.3659386932849884 238
1761838342481 0.3657085597515106 239
1761838342532 0.365327388048172 240
1761838342584 0.364836186170578 241
1761838342636 0.36458420753479004 242
1761838342689 0.3642815053462982 243
1761838342742 0.3638569116592407 244
1761838342792 0.3636108338832855 245
1761838342843 0.3634282052516937 246
1761838342896 0.3629648685455322 247
1761838342947 0.36274996399879456 248
1761838342997 0.36253830790519714 249
1761838343049 0.3623720109462738 250
1761838343100 0.3621487617492676 251
1761838343150 0.3620702922344208 252
1761838343202 0.36190420389175415 253
1761838343253 0.3615417182445526 254
1761838343304 0.3613511621952057 255
1761838343355 0.36106178164482117 256
1761838343406 0.36084824800491333 257
1761838343456 0.36074841022491455 258
1761838343507 0.36064279079437256 259
1761838343558 0.36048340797424316 260
1761838343609 0.3603471517562866 261
1761838343660 0.36006268858909607 262
1761838343711 0.35967838764190674 263
1761838343763 0.35954251885414124 264
1761838343814 0.3593878149986267 265
1761838343866 0.3590169847011566 266
1761838343917 0.3588932454586029 267
1761838343969 0.3585697412490845 268
1761838344021 0.358425110578537 269
1761838344074 0.35841482877731323 270
1761838344124 0.3581092357635498 271
1761838344174 0.3579411208629608 272
1761838344225 0.3576498329639435 273
1761838344276 0.3574804961681366 274
1761838344328 0.3575771749019623 275
1761838344379 0.3572165369987488 276
1761838344430 0.3570251166820526 277
1761838344481 0.35675302147865295 278
1761838344533 0.35659152269363403 279
1761838344584 0.3562473952770233 280
1761838344636 0.3561106026172638 281
1761838344688 0.35573047399520874 282
1761838344739 0.3553098142147064 283
1761838344790 0.35524338483810425 284
1761838344842 0.3550606966018677 285
1761838344893 0.3549842834472656 286
1761838344945 0.35496553778648376 287
1761838344996 0.3547004759311676 288
1761838345049 0.3545466959476471 289
1761838345100 0.35420671105384827 290
1761838345151 0.3540472388267517 291
1761838345201 0.35380658507347107 292
1761838345253 0.35354408621788025 293
1761838345306 0.3535989820957184 294
1761838345357 0.35350272059440613 295
1761838345408 0.35327649116516113 296
1761838345459 0.35311827063560486 297
1761838345510 0.3529348075389862 298
1761838345562 0.35272273421287537 299
1761838345614 0.3526131212711334 300
1761838345665 0.3523820638656616 301
1761838345716 0.35235729813575745 302
1761838345767 0.35220932960510254 303
1761838345819 0.35196855664253235 304
1761838345880 0.35170552134513855 305
1761838345933 0.3514762818813324 306
1761838345986 0.3512003719806671 307
1761838346037 0.35110023617744446 308
1761838346089 0.350858598947525 309
1761838346140 0.35066819190979004 310
1761838346190 0.3506524860858917 311
1761838346242 0.35042163729667664 312
1761838346294 0.3502868711948395 313
1761838346346 0.34999722242355347 314
1761838346396 0.3499011695384979 315
1761838346448 0.34964168071746826 316
1761838346499 0.349538654088974 317
1761838346550 0.34934568405151367 318
1761838346602 0.34904929995536804 319
1761838346653 0.3488958179950714 320
1761838346705 0.34868285059928894 321
1761838346756 0.34834229946136475 322
1761838346807 0.34831005334854126 323
1761838346859 0.3482425808906555 324
1761838346909 0.34810546040534973 325
1761838346961 0.34795552492141724 326
1761838347014 0.34777331352233887 327
1761838347066 0.3476034104824066 328
1761838347117 0.347555935382843 329
1761838347168 0.3473810851573944 330
1761838347221 0.3472480773925781 331
1761838347275 0.34715038537979126 332
1761838347328 0.34702199697494507 333
1761838347381 0.3469310402870178 334
1761838347432 0.34685075283050537 335
1761838347484 0.3467709720134735 336
1761838347536 0.346642404794693 337
1761838347587 0.34647291898727417 338
1761838347638 0.34629589319229126 339
1761838347690 0.3462080657482147 340
1761838347742 0.3460553288459778 341
1761838347793 0.3459014594554901 342
1761838347844 0.345800518989563 343
1761838347895 0.345649778842926 344
1761838347946 0.3455628454685211 345
1761838347997 0.3453449606895447 346
1761838348051 0.3451124131679535 347
1761838348103 0.3449798822402954 348
1761838348156 0.34489181637763977 349
1761838348206 0.3448728621006012 350
1761838348258 0.3446132242679596 351
1761838348310 0.3444783091545105 352
1761838348362 0.3442767858505249 353
1761838348413 0.344126433134079 354
1761838348464 0.3439311981201172 355
1761838348516 0.34390220046043396 356
1761838348567 0.3438977599143982 357
1761838348619 0.34379830956459045 358
1761838348671 0.3437252640724182 359
1761838348723 0.3436398506164551 360
1761838348776 0.34348246455192566 361
1761838348827 0.3433475196361542 362
1761838348879 0.34325653314590454 363
1761838348930 0.3432619571685791 364
1761838348981 0.34309375286102295 365
1761838349033 0.3429867923259735 366
1761838349086 0.34289178252220154 367
1761838349137 0.34261059761047363 368
1761838349187 0.34254130721092224 369
1761838349238 0.34231263399124146 370
1761838349291 0.3422375023365021 371
1761838349343 0.34216251969337463 372
1761838349394 0.34202083945274353 373
1761838349446 0.341937780380249 374
1761838349496 0.34181052446365356 375
1761838349549 0.3417297303676605 376
1761838349602 0.3415643274784088 377
1761838349655 0.3414677083492279 378
1761838349707 0.34123164415359497 379
1761838349760 0.34111711382865906 380
1761838349812 0.34101223945617676 381
1761838349864 0.34085285663604736 382
1761838349916 0.34079426527023315 383
1761838349967 0.34077584743499756 384
1761838350019 0.3407534062862396 385
1761838350073 0.3407193124294281 386
1761838350125 0.34062638878822327 387
1761838350177 0.34050360321998596 388
1761838350228 0.3403770327568054 389
1761838350282 0.3403773605823517 390
1761838350333 0.34023237228393555 391
1761838350385 0.34002384543418884 392
1761838350437 0.3400287926197052 393
1761838350488 0.3398727476596832 394
1761838350541 0.33981046080589294 395
1761838350595 0.33969447016716003 396
1761838350647 0.3395426571369171 397
1761838350701 0.33945614099502563 398
1761838350754 0.33938613533973694 399
1761838350807 0.3392767608165741 400
