1761838330466 2.4025211334228516 0
1761838330516 1.1931216716766357 1
1761838330567 2.241442918777466 2
1761838330617 1.0312018394470215 3
1761838330666 1.384023666381836 4
1761838330718 1.044472098350525 5
1761838330768 1.1962459087371826 6
1761838330817 1.7901830673217773 7
1761838330867 1.2657147645950317 8
1761838330917 1.2489550113677979 9
1761838330966 1.3254048824310303 10
1761838331015 1.3247690200805664 11
1761838331064 1.3992691040039062 12
1761838331114 1.525989055633545 13
1761838331162 0.5037349462509155 14
1761838331211 0.8936163783073425 15
1761838331260 2.6633310317993164 16
1761838331308 0.30680951476097107 17
1761838331357 2.118525743484497 18
1761838331406 0.9994919896125793 19
1761838331454 1.420719861984253 20
1761838331507 1.3838800191879272 21
1761838331558 0.46378466486930847 22
1761838331608 0.227413609623909 23
1761838331658 1.4930802583694458 24
1761838331707 0.44955694675445557 25
1761838331755 0.2140384018421173 26
1761838331804 0.32094934582710266 27
1761838331852 0.46810027956962585 28
1761838331900 0.5052215456962585 29
1761838331948 1.1433285474777222 30
1761838331996 1.3268052339553833 31
1761838332044 0.2039240002632141 32
1761838332093 0.21411342918872833 33
1761838332141 1.3353513479232788 34
1761838332190 0.6216409206390381 35
1761838332239 0.2530753016471863 36
1761838332291 0.380361944437027 37
1761838332344 0.9365735054016113 38
1761838332396 0.9269051551818848 39
1761838332446 2.5272693634033203 40
1761838332496 0.7870049476623535 41
1761838332546 0.7780896425247192 42
1761838332596 0.5666667819023132 43
1761838332646 0.2769480049610138 44
1761838332697 0.41760554909706116 45
1761838332745 0.4268782436847687 46
1761838332794 0.49187925457954407 47
1761838332843 0.10693354159593582 48
1761838332892 0.04834266006946564 49
1761838332943 0.4094049632549286 50
1761838332994 0.5364256501197815 51
1761838333043 0.6714514493942261 52
1761838333094 1.8125009536743164 53
1761838333145 0.44971534609794617 54
1761838333198 0.2409750372171402 55
1761838333247 0.14283916354179382 56
1761838333296 1.047372579574585 57
1761838333346 0.4488009512424469 58
1761838333394 0.6069409847259521 59
1761838333444 0.20764978229999542 60
1761838333492 0.8402557969093323 61
1761838333540 0.054086845368146896 62
1761838333589 0.3613235652446747 63
1761838333639 0.8294887542724609 64
1761838333687 0.5896109342575073 65
1761838333738 0.3941662907600403 66
1761838333789 0.14885902404785156 67
1761838333841 0.15028569102287292 68
1761838333891 1.658707857131958 69
1761838333942 0.14135131239891052 70
1761838333991 0.23259449005126953 71
1761838334042 0.27836960554122925 72
1761838334092 0.09756390005350113 73
1761838334140 0.4343775510787964 74
1761838334190 0.3577020466327667 75
1761838334238 1.682034969329834 76
1761838334287 1.0628548860549927 77
1761838334336 0.10032633692026138 78
1761838334385 0.36027055978775024 79
1761838334433 0.23338213562965393 80
1761838334483 0.4190264940261841 81
1761838334532 0.09488287568092346 82
1761838334582 0.13215415179729462 83
1761838334632 0.29103371500968933 84
1761838334696 0.4448847472667694 85
1761838334754 1.139442801475525 86
1761838334806 0.34055331349372864 87
1761838334856 0.533623456954956 88
1761838334905 0.26378387212753296 89
1761838334959 0.25023406744003296 90
1761838335012 0.536846399307251 91
1761838335062 0.34997326135635376 92
1761838335114 0.41431427001953125 93
1761838335165 0.3330284357070923 94
1761838335215 1.4607493877410889 95
1761838335266 0.2069186568260193 96
1761838335315 0.23575298488140106 97
1761838335364 0.05628214776515961 98
1761838335413 0.554867148399353 99
1761838335463 0.2604089677333832 100
1761838335515 1.5308133363723755 101
1761838335566 0.25720909237861633 102
1761838335620 0.20003679394721985 103
1761838335671 1.1840765476226807 104
1761838335724 0.2464568316936493 105
1761838335774 0.6068102121353149 106
1761838335824 0.2539297342300415 107
1761838335873 0.2841847836971283 108
1761838335922 0.24804499745368958 109
1761838335972 0.5536295771598816 110
1761838336022 0.3243379294872284 111
1761838336072 0.6120302081108093 112
1761838336123 0.3996913731098175 113
1761838336172 0.2470732033252716 114
1761838336222 0.12064499408006668 115
1761838336271 0.9818634986877441 116
1761838336320 0.12153051048517227 117
1761838336371 1.4841171503067017 118
1761838336420 0.6027624607086182 119
1761838336470 0.358415812253952 120
1761838336521 0.3549927771091461 121
1761838336573 0.5844308733940125 122
1761838336625 0.7674444913864136 123
1761838336676 0.2154817134141922 124
1761838336726 0.9076442718505859 125
1761838336777 0.41613635420799255 126
1761838336827 0.14483016729354858 127
1761838336876 0.10873296111822128 128
1761838336926 0.32727473974227905 129
1761838336976 0.17493513226509094 130
1761838337027 0.06432461738586426 131
1761838337077 0.56732177734375 132
1761838337128 0.3760642409324646 133
1761838337177 0.702476441860199 134
1761838337227 0.6591081023216248 135
1761838337278 0.11624280363321304 136
1761838337327 0.0174882709980011 137
1761838337376 0.36258095502853394 138
1761838337425 0.6806987524032593 139
1761838337475 0.14115764200687408 140
1761838337526 0.465315043926239 141
1761838337575 1.285834550857544 142
1761838337625 0.28609639406204224 143
1761838337674 0.5444203019142151 144
1761838337724 0.5362107157707214 145
1761838337773 0.8000621795654297 146
1761838337824 0.09027367830276489 147
1761838337874 1.000497817993164 148
1761838337923 1.2872037887573242 149
1761838337974 0.2747804820537567 150
1761838338025 0.04776117205619812 151
1761838338076 0.44820454716682434 152
1761838338128 0.14273543655872345 153
1761838338178 0.5839856863021851 154
1761838338229 1.1792538166046143 155
1761838338278 0.12944795191287994 156
1761838338329 0.20995676517486572 157
1761838338379 0.8602270483970642 158
1761838338429 0.24113528430461884 159
1761838338479 0.2726109027862549 160
1761838338530 1.3944724798202515 161
1761838338580 0.37261515855789185 162
1761838338631 1.0776567459106445 163
1761838338681 0.38719168305397034 164
1761838338731 0.19221048057079315 165
1761838338781 0.12993349134922028 166
1761838338830 0.4051516652107239 167
1761838338880 0.16179987788200378 168
1761838338930 0.028788110241293907 169
1761838338980 0.32595646381378174 170
1761838339031 0.26268577575683594 171
1761838339081 0.038622137159109116 172
1761838339131 0.42972514033317566 173
1761838339181 0.47868403792381287 174
1761838339231 1.2157621383666992 175
1761838339281 0.451094388961792 176
1761838339331 0.82905113697052 177
1761838339381 0.08432803303003311 178
1761838339431 0.11008426547050476 179
1761838339482 0.29163798689842224 180
1761838339532 0.033789560198783875 181
1761838339582 0.46340203285217285 182
1761838339632 0.21165919303894043 183
1761838339682 0.10241028666496277 184
1761838339732 1.21224045753479 185
1761838339783 0.5676616430282593 186
1761838339834 0.2844046950340271 187
1761838339884 0.2566840946674347 188
1761838339933 0.5497244596481323 189
1761838339984 0.34387120604515076 190
1761838340035 0.5251941084861755 191
1761838340085 0.20503413677215576 192
1761838340136 0.6702312231063843 193
1761838340186 0.9123249650001526 194
1761838340237 1.069321632385254 195
1761838340287 0.4972899258136749 196
1761838340337 0.373237669467926 197
1761838340387 0.18657056987285614 198
1761838340436 0.2839345932006836 199
1761838340487 0.14464260637760162 200
1761838340538 0.13514018058776855 201
1761838340589 0.6582447290420532 202
1761838340640 0.04520704224705696 203
1761838340690 1.0222421884536743 204
1761838340742 0.20031002163887024 205
1761838340793 0.30373403429985046 206
1761838340843 0.3370339870452881 207
1761838340893 0.4471745193004608 208
1761838340944 0.4333736300468445 209
1761838340995 0.23667284846305847 210
1761838341045 0.5679869651794434 211
1761838341096 0.49377915263175964 212
1761838341147 0.5203891396522522 213
1761838341197 1.7187223434448242 214
1761838341247 0.10569653660058975 215
1761838341297 0.25290414690971375 216
1761838341349 0.0890391394495964 217
1761838341400 0.05656490847468376 218
1761838341451 0.12119866907596588 219
1761838341515 0.06488942354917526 220
1761838341567 0.26441118121147156 221
1761838341618 0.8878530859947205 222
1761838341669 0.46750307083129883 223
1761838341720 0.09314224869012833 224
1761838341771 1.5211024284362793 225
1761838341822 0.3382052779197693 226
1761838341873 0.2919039726257324 227
1761838341924 0.4581994116306305 228
1761838341974 0.1655423939228058 229
1761838342025 0.06659658253192902 230
1761838342075 0.1431451439857483 231
1761838342126 0.09810098260641098 232
1761838342177 1.1692935228347778 233
1761838342227 0.4904085397720337 234
1761838342277 0.527070164680481 235
1761838342328 0.8278235197067261 236
1761838342379 0.04189472272992134 237
1761838342430 0.6506291627883911 238
1761838342481 0.4622056484222412 239
1761838342532 0.0324694849550724 240
1761838342584 0.05802437290549278 241
1761838342636 0.14775297045707703 242
1761838342689 0.2599887251853943 243
1761838342742 0.10501385480165482 244
1761838342792 0.36416327953338623 245
1761838342843 0.6505144834518433 246
1761838342896 0.16023768484592438 247
1761838342947 0.11620280891656876 248
1761838342997 0.1348106563091278 249
1761838343049 0.511898398399353 250
1761838343100 0.2868942618370056 251
1761838343150 1.9855835437774658 252
1761838343202 1.0987647771835327 253
1761838343253 0.5233052372932434 254
1761838343304 0.7961059212684631 255
1761838343355 0.4341532289981842 256
1761838343406 0.7429655194282532 257
1761838343456 0.42751380801200867 258
1761838343507 0.3583044409751892 259
1761838343558 0.537487804889679 260
1761838343609 0.13630302250385284 261
1761838343660 0.5278234481811523 262
1761838343711 0.2998473346233368 263
1761838343763 0.14802449941635132 264
1761838343814 0.8459739089012146 265
1761838343866 0.33247512578964233 266
1761838343917 0.5015455484390259 267
1761838343969 0.21635083854198456 268
1761838344021 0.045669808983802795 269
1761838344074 0.17841044068336487 270
1761838344124 0.20872898399829865 271
1761838344174 0.7324411273002625 272
1761838344225 0.7310217618942261 273
1761838344276 0.10735215991735458 274
1761838344328 1.321267008781433 275
1761838344379 0.267440527677536 276
1761838344430 0.5805984735488892 277
1761838344481 0.6121820211410522 278
1761838344533 0.8601301908493042 279
1761838344584 0.10696552693843842 280
1761838344636 0.3923071622848511 281
1761838344688 0.12093518674373627 282
1761838344739 0.16434228420257568 283
1761838344790 1.7729053497314453 284
1761838344842 0.503719687461853 285
1761838344893 0.01525354664772749 286
1761838344945 0.05446520447731018 287
1761838344996 0.8713153004646301 288
1761838345049 0.7511319518089294 289
1761838345100 0.15160463750362396 290
1761838345151 0.5888795852661133 291
1761838345201 0.17231430113315582 292
1761838345253 0.045934487134218216 293
1761838345306 0.8911341428756714 294
1761838345357 0.843475341796875 295
1761838345408 0.5912798047065735 296
1761838345459 0.382262647151947 297
1761838345510 0.1775294691324234 298
1761838345562 0.24552184343338013 299
1761838345614 0.6749240756034851 300
1761838345665 0.26802563667297363 301
1761838345716 0.5436089634895325 302
1761838345767 0.41682669520378113 303
1761838345819 0.19815011322498322 304
1761838345880 0.26508617401123047 305
1761838345933 0.4084072709083557 306
1761838345986 0.1896737664937973 307
1761838346037 0.48822930455207825 308
1761838346089 0.018420185893774033 309
1761838346140 0.4543234705924988 310
1761838346190 0.36024707555770874 311
1761838346242 0.37047040462493896 312
1761838346294 0.35600152611732483 313
1761838346346 0.12537771463394165 314
1761838346396 1.3297076225280762 315
1761838346448 0.5940024256706238 316
1761838346499 0.8038467168807983 317
1761838346550 0.5275277495384216 318
1761838346602 0.23838301002979279 319
1761838346653 0.09322758764028549 320
1761838346705 0.42267167568206787 321
1761838346756 0.264862596988678 322
1761838346807 0.6385824084281921 323
1761838346859 0.8425680994987488 324
1761838346909 0.3339940309524536 325
1761838346961 0.034080445766448975 326
1761838347014 0.342040479183197 327
1761838347066 0.03714386373758316 328
1761838347117 0.828995406627655 329
1761838347168 0.22177070379257202 330
1761838347221 1.5093026161193848 331
1761838347275 0.24423626065254211 332
1761838347328 0.7863608002662659 333
1761838347381 0.5168721675872803 334
1761838347432 0.9150015115737915 335
1761838347484 0.39666512608528137 336
1761838347536 0.20410674810409546 337
1761838347587 0.3522430956363678 338
1761838347638 0.6884047985076904 339
1761838347690 0.05309975519776344 340
1761838347742 0.40714672207832336 341
1761838347793 0.06171715259552002 342
1761838347844 0.6821556091308594 343
1761838347895 0.43846383690834045 344
1761838347946 1.4479737281799316 345
1761838347997 0.44625598192214966 346
1761838348051 0.13272841274738312 347
1761838348103 0.5671272277832031 348
1761838348156 0.252890944480896 349
1761838348206 0.4889998733997345 350
1761838348258 0.12961260974407196 351
1761838348310 0.4350196123123169 352
1761838348362 0.35271331667900085 353
1761838348413 1.1961804628372192 354
1761838348464 0.16548895835876465 355
1761838348516 0.3942486047744751 356
1761838348567 1.898410677909851 357
1761838348619 0.08730977773666382 358
1761838348671 0.2956724166870117 359
1761838348723 0.028622008860111237 360
1761838348776 0.807232677936554 361
1761838348827 0.042275115847587585 362
1761838348879 0.17040179669857025 363
1761838348930 1.5605331659317017 364
1761838348981 0.4723894000053406 365
1761838349033 0.5581579804420471 366
1761838349086 0.2780075967311859 367
1761838349137 0.27221354842185974 368
1761838349187 0.39670154452323914 369
1761838349238 0.19358137249946594 370
1761838349291 0.5733838677406311 371
1761838349343 0.36246466636657715 372
1761838349394 0.8940616250038147 373
1761838349446 0.735194206237793 374
1761838349496 0.8223429918289185 375
1761838349549 0.8707505464553833 376
1761838349602 0.22028815746307373 377
1761838349655 0.2954935133457184 378
1761838349707 0.05792795494198799 379
1761838349760 0.27276891469955444 380
1761838349812 0.0537387877702713 381
1761838349864 0.48939085006713867 382
1761838349916 0.6225800514221191 383
1761838349967 1.3554673194885254 384
1761838350019 0.2516084611415863 385
1761838350073 0.11543750017881393 386
1761838350125 0.15024247765541077 387
1761838350177 1.1498584747314453 388
1761838350228 0.1699175387620926 389
1761838350282 1.023294448852539 390
1761838350333 0.13829076290130615 391
1761838350385 0.19321753084659576 392
1761838350437 0.20070837438106537 393
1761838350488 0.8384498357772827 394
1761838350541 0.42702287435531616 395
1761838350595 0.07709138095378876 396
1761838350647 0.13902655243873596 397
1761838350701 0.6230884790420532 398
1761838350754 0.24758732318878174 399
1761838350807 0.2642165422439575 400
