1761837851898 1.6316843032836914 0
1761837851923 1.2787597179412842 1
1761837851948 1.0877305269241333 2
1761837851969 0.9619150757789612 3
1761837851987 0.861766517162323 4
1761837852006 0.7742837071418762 5
1761837852027 0.6972315907478333 6
1761837852047 0.6349765658378601 7
1761837852065 0.5818198919296265 8
1761837852085 0.5358287692070007 9
1761837852106 0.49636292457580566 10
1761837852128 0.46199995279312134 11
1761837852152 0.43376195430755615 12
1761837852174 0.40673956274986267 13
1761837852195 0.3825841546058655 14
1761837852216 0.3611455261707306 15
1761837852236 0.3419116735458374 16
1761837852256 0.3240721821784973 17
1761837852275 0.3078654408454895 18
1761837852295 0.2931888699531555 19
