1761837851898 1.7188512086868286 0
1761837851923 0.5468004941940308 1
1761837851948 1.001739740371704 2
1761837851969 0.37676921486854553 3
1761837851987 0.3342244327068329 4
1761837852006 0.19459976255893707 5
1761837852027 0.464112788438797 6
1761837852047 0.1384502351284027 7
1761837852065 0.15044638514518738 8
1761837852085 0.14596855640411377 9
1761837852106 0.15643072128295898 10
1761837852128 0.1306183934211731 11
1761837852152 0.10195756703615189 12
1761837852174 0.024686245247721672 13
1761837852195 0.029921993613243103 14
1761837852216 0.018885187804698944 15
1761837852236 0.04686660319566727 16
1761837852256 0.01876932941377163 17
1761837852275 0.009312317706644535 18
1761837852295 0.007969323545694351 19
