1762792461738 1.6959887742996216 0
1762792461834 1.535502314567566 1
1762792461928 1.4026737213134766 2
1762792462020 1.3177136182785034 3
1762792462113 1.2437539100646973 4
1762792462206 1.1854952573776245 5
1762792462298 1.1290397644042969 6
1762792462389 1.0871926546096802 7
1762792462479 1.0532772541046143 8
1762792462570 1.0236855745315552 9
1762792462663 0.9964832663536072 10
1762792462755 0.9697080254554749 11
1762792462846 0.9445545077323914 12
1762792462937 0.9247408509254456 13
1762792463027 0.9038167595863342 14
1762792463119 0.8860532641410828 15
1762792463209 0.8688932061195374 16
1762792463301 0.8566322326660156 17
1762792463392 0.8381133079528809 18
1762792463484 0.8265956044197083 19
1762792463576 0.8137579560279846 20
