1762792461738 1.1382261514663696 0
1762792461834 1.6202901601791382 1
1762792461928 0.8868798017501831 2
1762792462020 0.8971260786056519 3
1762792462113 0.6910349726676941 4
1762792462206 0.659241795539856 5
1762792462298 1.3598008155822754 6
1762792462389 0.8964331150054932 7
1762792462479 0.7266950607299805 8
1762792462570 0.9133025407791138 9
1762792462663 0.5960738062858582 10
1762792462755 0.45903849601745605 11
1762792462846 0.7053264379501343 12
1762792462937 0.8014208078384399 13
1762792463027 1.082846760749817 14
1762792463119 0.45079490542411804 15
1762792463209 0.419117271900177 16
1762792463301 0.2704162895679474 17
1762792463392 0.6402167677879333 18
1762792463484 0.4052206575870514 19
1762792463576 0.19623927772045135 20
