1761834247488 2.035027265548706 0
1761834247652 1.8608932495117188 1
1761834247819 1.7583082914352417 2
1761834247985 1.6849288940429688 3
1761834248150 1.6206754446029663 4
1761834248312 1.5684864521026611 5
1761834248475 1.5390195846557617 6
1761834248638 1.498616337776184 7
1761834248800 1.465458631515503 8
1761834248969 1.4335517883300781 9
1761834249146 1.4058833122253418 10
1761834249316 1.3781698942184448 11
1761834249490 1.3518197536468506 12
1761834249668 1.3265327215194702 13
1761834249838 1.3078045845031738 14
1761834250009 1.2917298078536987 15
1761834250207 1.2665033340454102 16
1761834250372 1.2495150566101074 17
1761834250535 1.2339351177215576 18
1761834250701 1.216451644897461 19
1761834250887 1.202030062675476 20
1761834251112 1.1841033697128296 21
1761834251301 1.1679209470748901 22
1761834251486 1.1499797105789185 23
1761834251662 1.1329444646835327 24
1761834251840 1.116141676902771 25
1761834252009 1.0993473529815674 26
1761834252211 1.0841227769851685 27
1761834252392 1.0708417892456055 28
1761834252568 1.0560944080352783 29
1761834252733 1.0420500040054321 30
1761834252896 1.0301004648208618 31
1761834253062 1.016294002532959 32
1761834253235 1.0071091651916504 33
1761834253402 0.9977273941040039 34
1761834253582 0.9879053235054016 35
1761834253752 0.9779307246208191 36
1761834253915 0.9668549299240112 37
1761834254079 0.9563511610031128 38
1761834254245 0.9478631019592285 39
1761834254409 0.9390411376953125 40
1761834254574 0.9324964880943298 41
1761834254744 0.9256971478462219 42
1761834254927 0.9192346334457397 43
1761834255107 0.9140122532844543 44
1761834255301 0.9082596898078918 45
1761834255465 0.9016271829605103 46
1761834255628 0.8960675597190857 47
1761834255794 0.8912901878356934 48
1761834255959 0.8852577805519104 49
1761834256124 0.8792948722839355 50
1761834256295 0.8732998967170715 51
1761834256461 0.8676774501800537 52
1761834256633 0.8626710176467896 53
1761834256806 0.8578650951385498 54
1761834256980 0.8531141877174377 55
1761834257153 0.8489534854888916 56
1761834257321 0.845322847366333 57
1761834257489 0.8414925336837769 58
1761834257659 0.8378055095672607 59
1761834257830 0.834495484828949 60
1761834257994 0.8309222459793091 61
1761834258163 0.8271540403366089 62
1761834258327 0.8230608105659485 63
1761834258492 0.8201063871383667 64
1761834258656 0.8161168694496155 65
1761834258820 0.8132834434509277 66
1761834258985 0.8094903826713562 67
1761834259148 0.8064579367637634 68
1761834259312 0.8025476932525635 69
1761834259478 0.800101101398468 70
1761834259642 0.7972260117530823 71
1761834259807 0.7942991256713867 72
1761834259968 0.7918211221694946 73
1761834260132 0.7889142036437988 74
1761834260303 0.7860264778137207 75
1761834260479 0.7837114334106445 76
1761834260647 0.7820935249328613 77
1761834260812 0.7797164916992188 78
1761834260975 0.7772430181503296 79
1761834261137 0.7752915620803833 80
1761834261324 0.7732809782028198 81
1761834261516 0.771632194519043 82
1761834261688 0.7703859210014343 83
1761834261855 0.768883228302002 84
1761834262017 0.7673572897911072 85
1761834262182 0.7657619118690491 86
1761834262344 0.7642529606819153 87
1761834262510 0.7628809213638306 88
1761834262672 0.7612890601158142 89
1761834262835 0.7595213651657104 90
1761834262998 0.7574002742767334 91
1761834263163 0.7554774880409241 92
1761834263328 0.754155695438385 93
1761834263493 0.752301812171936 94
1761834263680 0.7505218982696533 95
1761834263874 0.7492614984512329 96
1761834264043 0.7474269270896912 97
1761834264209 0.7465579509735107 98
1761834264375 0.7455899119377136 99
1761834264539 0.7438917756080627 100
1761834264724 0.7424068450927734 101
1761834264927 0.7406880259513855 102
1761834265111 0.7393797039985657 103
1761834265294 0.7384883761405945 104
1761834265459 0.7373985648155212 105
1761834265626 0.7358202338218689 106
1761834265796 0.7342216968536377 107
1761834265960 0.7326961755752563 108
1761834266126 0.731539785861969 109
1761834266290 0.7306385636329651 110
1761834266453 0.7295606732368469 111
1761834266619 0.7285544872283936 112
1761834266789 0.7278677225112915 113
1761834266968 0.7272728085517883 114
1761834267147 0.7257771492004395 115
1761834267324 0.7248086929321289 116
1761834267498 0.7237405180931091 117
1761834267677 0.7230426073074341 118
1761834267858 0.7222971320152283 119
1761834268023 0.720818817615509 120
1761834268193 0.7199289202690125 121
1761834268372 0.7197278738021851 122
1761834268547 0.7188034653663635 123
1761834268730 0.7178892493247986 124
1761834268906 0.7177252173423767 125
1761834269092 0.7176932096481323 126
1761834269276 0.7169969081878662 127
1761834269457 0.716904878616333 128
1761834269624 0.7161884307861328 129
1761834269801 0.7154248356819153 130
1761834269977 0.7148312330245972 131
1761834270154 0.7146865725517273 132
1761834270323 0.7139157056808472 133
1761834270489 0.7133023142814636 134
1761834270671 0.7123333811759949 135
1761834270852 0.7116580009460449 136
1761834271034 0.7107649445533752 137
1761834271233 0.7101716995239258 138
1761834271410 0.7093557119369507 139
1761834271581 0.7089466452598572 140
1761834271763 0.708332359790802 141
1761834271933 0.7074308395385742 142
1761834272100 0.707011342048645 143
1761834272265 0.7062922120094299 144
1761834272438 0.7055333852767944 145
1761834272608 0.7048534750938416 146
1761834272777 0.7041283249855042 147
1761834272943 0.703673243522644 148
1761834273108 0.7030625343322754 149
1761834273277 0.7026519775390625 150
1761834273451 0.7017515897750854 151
1761834273621 0.7010036110877991 152
1761834273788 0.7000131011009216 153
1761834273974 0.6990435123443604 154
1761834274162 0.698620617389679 155
1761834274344 0.6979396343231201 156
1761834274520 0.6974614858627319 157
1761834274702 0.6969983577728271 158
1761834274872 0.6962243318557739 159
1761834275042 0.6956816911697388 160
1761834275207 0.6952127814292908 161
1761834275371 0.6944732069969177 162
1761834275536 0.6938432455062866 163
1761834275718 0.6935496926307678 164
1761834275889 0.6930608749389648 165
1761834276071 0.6925172805786133 166
1761834276245 0.691992461681366 167
1761834276414 0.691868782043457 168
1761834276587 0.6913862228393555 169
1761834276764 0.690787672996521 170
1761834276934 0.6902096271514893 171
1761834277100 0.689532458782196 172
1761834277294 0.6890698671340942 173
1761834277479 0.6887006759643555 174
1761834277678 0.6885665655136108 175
1761834277849 0.6883893013000488 176
1761834278023 0.6879444718360901 177
1761834278190 0.6878845691680908 178
1761834278360 0.6873263716697693 179
1761834278528 0.687115490436554 180
1761834278694 0.6867338418960571 181
1761834278863 0.6862722635269165 182
1761834279034 0.6859135031700134 183
1761834279224 0.6852424740791321 184
1761834279404 0.6851946711540222 185
1761834279574 0.6850882768630981 186
1761834279750 0.6847063302993774 187
1761834279926 0.6842886209487915 188
1761834280091 0.6838378310203552 189
1761834280256 0.6834890842437744 190
1761834280421 0.683159589767456 191
1761834280585 0.6830686330795288 192
1761834280750 0.6826570630073547 193
1761834280915 0.6822031140327454 194
1761834281076 0.6818530559539795 195
1761834281241 0.6815288066864014 196
1761834281407 0.6813758015632629 197
1761834281571 0.681175708770752 198
1761834281741 0.6807321906089783 199
1761834281918 0.6801342368125916 200
1761834282094 0.6793705821037292 201
1761834282268 0.6790446639060974 202
1761834282453 0.6791571378707886 203
1761834282621 0.678838312625885 204
1761834282800 0.6783508658409119 205
1761834282970 0.6780794858932495 206
1761834283143 0.677872896194458 207
1761834283346 0.6778029203414917 208
1761834283512 0.6773728728294373 209
1761834283677 0.6770251393318176 210
1761834283841 0.6765715479850769 211
1761834284011 0.676442563533783 212
1761834284180 0.676250696182251 213
1761834284346 0.6757445931434631 214
1761834284514 0.6751583814620972 215
1761834284688 0.6749932169914246 216
1761834284867 0.6748688220977783 217
1761834285033 0.6744794249534607 218
1761834285198 0.6745478510856628 219
1761834285363 0.6740928292274475 220
1761834285528 0.6739065051078796 221
1761834285697 0.6735123991966248 222
1761834285875 0.6731504201889038 223
1761834286045 0.6726776361465454 224
1761834286221 0.6726044416427612 225
1761834286387 0.6721760034561157 226
1761834286556 0.6719763278961182 227
1761834286721 0.6718690395355225 228
1761834286905 0.6719353199005127 229
1761834287072 0.6718137264251709 230
1761834287236 0.6718246936798096 231
1761834287404 0.6715676784515381 232
1761834287577 0.6712647080421448 233
1761834287741 0.6709421277046204 234
1761834287908 0.6705900430679321 235
1761834288076 0.6705555319786072 236
1761834288245 0.6703484058380127 237
1761834288413 0.6700907945632935 238
1761834288581 0.6694382429122925 239
1761834288746 0.6690788865089417 240
1761834288912 0.669014573097229 241
1761834289080 0.6687964200973511 242
1761834289253 0.6686459183692932 243
1761834289421 0.6685051918029785 244
1761834289589 0.6685057878494263 245
1761834289757 0.6682022213935852 246
1761834289921 0.6678673028945923 247
1761834290091 0.6675453782081604 248
1761834290252 0.6674068570137024 249
1761834290418 0.6670293807983398 250
1761834290586 0.6668566465377808 251
1761834290754 0.6669625043869019 252
1761834290919 0.6666253805160522 253
1761834291087 0.6664265394210815 254
1761834291251 0.6658757925033569 255
1761834291416 0.6655755639076233 256
1761834291589 0.6652973890304565 257
1761834291764 0.6649581789970398 258
1761834291936 0.6648620367050171 259
1761834292111 0.6645592451095581 260
1761834292285 0.6644784212112427 261
1761834292457 0.6641880869865417 262
1761834292627 0.663763165473938 263
1761834292804 0.6636078953742981 264
1761834292966 0.6632217764854431 265
1761834293140 0.6631056666374207 266
1761834293324 0.6628067493438721 267
1761834293495 0.6627892255783081 268
1761834293666 0.6624945402145386 269
1761834293834 0.6623635292053223 270
1761834293999 0.6623372435569763 271
1761834294169 0.6621014475822449 272
1761834294333 0.6619760394096375 273
1761834294500 0.6618219614028931 274
1761834294679 0.6615592837333679 275
1761834294860 0.6614965796470642 276
1761834295071 0.6614109873771667 277
1761834295283 0.6612918972969055 278
1761834295451 0.6611678600311279 279
1761834295614 0.6609683632850647 280
1761834295781 0.660945475101471 281
1761834295947 0.6605678200721741 282
1761834296114 0.6604646444320679 283
1761834296284 0.6603367328643799 284
1761834296452 0.6601386666297913 285
1761834296621 0.6597568392753601 286
1761834296787 0.659738302230835 287
1761834296953 0.6597142815589905 288
1761834297122 0.6593799591064453 289
1761834297291 0.6588765382766724 290
1761834297470 0.658881664276123 291
1761834297636 0.6587081551551819 292
1761834297801 0.6588425040245056 293
1761834297968 0.6587483286857605 294
1761834298141 0.658473551273346 295
1761834298333 0.6583981513977051 296
1761834298502 0.6580298542976379 297
1761834298671 0.6579345464706421 298
1761834298842 0.6578289866447449 299
1761834299021 0.6578114032745361 300
1761834299213 0.6577529907226562 301
1761834299390 0.6577546000480652 302
1761834299573 0.6574460864067078 303
1761834299791 0.6575230956077576 304
1761834299991 0.6574974060058594 305
1761834300207 0.6573633551597595 306
1761834300409 0.6571169495582581 307
1761834300579 0.6570417881011963 308
1761834300744 0.6569666862487793 309
1761834300915 0.656854510307312 310
1761834301086 0.6566936373710632 311
1761834301248 0.6566129922866821 312
1761834301410 0.6566632986068726 313
1761834301577 0.6566566824913025 314
1761834301759 0.6566897034645081 315
1761834301931 0.6568383574485779 316
1761834302102 0.6568250060081482 317
1761834302289 0.6566154360771179 318
1761834302476 0.6565641164779663 319
1761834302658 0.6564578413963318 320
1761834302829 0.6566200256347656 321
1761834303003 0.6566007137298584 322
1761834303170 0.6565124988555908 323
1761834303339 0.6563937067985535 324
1761834303511 0.6562907099723816 325
1761834303679 0.6560701727867126 326
1761834303841 0.6559156179428101 327
1761834304011 0.6558930277824402 328
1761834304182 0.65580815076828 329
1761834304351 0.6558608412742615 330
1761834304519 0.6558985114097595 331
1761834304685 0.6559014916419983 332
1761834304852 0.655785858631134 333
1761834305018 0.6555001139640808 334
1761834305186 0.6553378105163574 335
1761834305352 0.6552871465682983 336
1761834305518 0.6552049517631531 337
1761834305682 0.6550795435905457 338
1761834305852 0.6550533175468445 339
1761834306021 0.6549471020698547 340
1761834306193 0.6548518538475037 341
1761834306367 0.6545009613037109 342
1761834306537 0.6542965769767761 343
1761834306704 0.6540498733520508 344
1761834306872 0.6539948582649231 345
1761834307042 0.6541360020637512 346
1761834307210 0.6538522243499756 347
1761834307412 0.6537335515022278 348
1761834307580 0.653592586517334 349
1761834307746 0.6536983847618103 350
1761834307913 0.6535705327987671 351
1761834308080 0.6535772085189819 352
1761834308254 0.6534485816955566 353
1761834308430 0.6532811522483826 354
1761834308600 0.6531605124473572 355
1761834308770 0.6529962420463562 356
1761834308953 0.6527750492095947 357
1761834309133 0.6525923013687134 358
1761834309312 0.6523951292037964 359
1761834309490 0.6523407101631165 360
1761834309677 0.6520907282829285 361
1761834309850 0.6520566940307617 362
1761834310019 0.6519363522529602 363
1761834310234 0.6518194079399109 364
1761834310418 0.651604950428009 365
1761834310594 0.6516342759132385 366
1761834310766 0.6513770818710327 367
1761834310936 0.6513651013374329 368
1761834311108 0.651057779788971 369
1761834311277 0.6508822441101074 370
1761834311446 0.6508121490478516 371
1761834311627 0.650898814201355 372
1761834311797 0.6509582996368408 373
1761834311967 0.650764524936676 374
1761834312133 0.6505534052848816 375
1761834312303 0.6504619121551514 376
1761834312473 0.650334358215332 377
1761834312642 0.6502707004547119 378
1761834312810 0.6502201557159424 379
1761834312979 0.6501631736755371 380
1761834313165 0.6498485207557678 381
1761834313334 0.6498507261276245 382
1761834313503 0.6497499346733093 383
1761834313673 0.6496864557266235 384
1761834313852 0.6496762037277222 385
1761834314023 0.6496347784996033 386
1761834314195 0.6495797634124756 387
1761834314365 0.6496108174324036 388
1761834314537 0.6494373083114624 389
1761834314705 0.6494877934455872 390
1761834314882 0.6493846774101257 391
1761834315048 0.6492559313774109 392
1761834315218 0.6492113471031189 393
1761834315390 0.6491100788116455 394
1761834315562 0.6491127610206604 395
1761834315764 0.6490625739097595 396
1761834315937 0.6489078402519226 397
1761834316109 0.6487096548080444 398
1761834316315 0.64862060546875 399
1761834316488 0.6485465168952942 400
