1761834247488 1.930902123451233 0
1761834247652 2.3580801486968994 1
1761834247819 2.213073492050171 2
1761834247985 2.581942081451416 3
1761834248150 1.4732787609100342 4
1761834248312 1.4226492643356323 5
1761834248475 1.0910923480987549 6
1761834248638 0.8372325897216797 7
1761834248800 1.4806504249572754 8
1761834248969 0.7410053014755249 9
1761834249146 1.5097650289535522 10
1761834249316 1.426156759262085 11
1761834249490 1.4901914596557617 12
1761834249668 1.0545130968093872 13
1761834249838 1.0519932508468628 14
1761834250009 1.9284172058105469 15
1761834250207 1.078077793121338 16
1761834250372 0.8593625426292419 17
1761834250535 1.789204478263855 18
1761834250701 1.6074016094207764 19
1761834250887 0.812476634979248 20
1761834251112 1.8644148111343384 21
1761834251301 1.1606584787368774 22
1761834251486 0.8795872926712036 23
1761834251662 0.7400168776512146 24
1761834251840 0.48554661870002747 25
1761834252009 0.6467177867889404 26
1761834252211 2.0264973640441895 27
1761834252392 0.986484944820404 28
1761834252568 0.762706458568573 29
1761834252733 0.32254844903945923 30
1761834252896 1.6606861352920532 31
1761834253062 0.1896001398563385 32
1761834253235 0.7520755529403687 33
1761834253402 1.382029414176941 34
1761834253582 1.334995985031128 35
1761834253752 0.20424535870552063 36
1761834253915 0.28576940298080444 37
1761834254079 1.0235074758529663 38
1761834254245 1.7602558135986328 39
1761834254409 0.9600492715835571 40
1761834254574 1.5405117273330688 41
1761834254744 0.38562116026878357 42
1761834254927 0.9855846166610718 43
1761834255107 1.48626708984375 44
1761834255301 0.5450554490089417 45
1761834255465 2.161257266998291 46
1761834255628 1.8448123931884766 47
1761834255794 0.3321760594844818 48
1761834255959 0.408760130405426 49
1761834256124 0.46674472093582153 50
1761834256295 1.206506371498108 51
1761834256461 0.8832958340644836 52
1761834256633 0.40968069434165955 53
1761834256806 0.6949436068534851 54
1761834256980 0.7233025431632996 55
1761834257153 0.7877551913261414 56
1761834257321 0.6447362899780273 57
1761834257489 1.4618464708328247 58
1761834257659 1.622192621231079 59
1761834257830 0.893792986869812 60
1761834257994 1.3655598163604736 61
1761834258163 0.9911826848983765 62
1761834258327 0.6968174576759338 63
1761834258492 1.1759470701217651 64
1761834258656 0.863460123538971 65
1761834258820 0.32640746235847473 66
1761834258985 0.732940137386322 67
1761834259148 1.3413559198379517 68
1761834259312 0.5402925610542297 69
1761834259478 1.4546021223068237 70
1761834259642 0.6276158094406128 71
1761834259807 1.237788200378418 72
1761834259968 1.4286940097808838 73
1761834260132 0.4965392053127289 74
1761834260303 0.8718767762184143 75
1761834260479 0.37925294041633606 76
1761834260647 0.5647023320198059 77
1761834260812 0.8637140989303589 78
1761834260975 0.1573263257741928 79
1761834261137 0.4111442267894745 80
1761834261324 0.12981046736240387 81
1761834261516 1.4496817588806152 82
1761834261688 1.0063172578811646 83
1761834261855 0.3587333559989929 84
1761834262017 1.4782153367996216 85
1761834262182 1.0717967748641968 86
1761834262344 0.6145983338356018 87
1761834262510 0.9918010830879211 88
1761834262672 1.111875295639038 89
1761834262835 0.41863957047462463 90
1761834262998 0.2909267842769623 91
1761834263163 0.4981350600719452 92
1761834263328 0.9403533935546875 93
1761834263493 0.7830536365509033 94
1761834263680 0.7881092429161072 95
1761834263874 1.2284516096115112 96
1761834264043 0.8053555488586426 97
1761834264209 0.6133710145950317 98
1761834264375 1.176497220993042 99
1761834264539 0.4733562469482422 100
1761834264724 0.2815820574760437 101
1761834264927 0.929772138595581 102
1761834265111 0.21548333764076233 103
1761834265294 1.3962031602859497 104
1761834265459 1.8544546365737915 105
1761834265626 0.15571103990077972 106
1761834265796 1.2068418264389038 107
1761834265960 0.46854305267333984 108
1761834266126 1.4499900341033936 109
1761834266290 0.8309839367866516 110
1761834266453 0.9743623733520508 111
1761834266619 0.24580129981040955 112
1761834266789 1.710272192955017 113
1761834266968 2.0035135746002197 114
1761834267147 1.3962018489837646 115
1761834267324 0.5002597570419312 116
1761834267498 0.2078273594379425 117
1761834267677 1.205113410949707 118
1761834267858 1.0665476322174072 119
1761834268023 0.33191001415252686 120
1761834268193 0.5829408764839172 121
1761834268372 1.2034832239151 122
1761834268547 0.7751972079277039 123
1761834268730 0.28440287709236145 124
1761834268906 1.578062653541565 125
1761834269092 0.6422405242919922 126
1761834269276 2.2622478008270264 127
1761834269457 1.2042996883392334 128
1761834269624 2.166138172149658 129
1761834269801 0.4964056611061096 130
1761834269977 0.6443666815757751 131
1761834270154 0.7565442323684692 132
1761834270323 0.6005509495735168 133
1761834270489 0.4977707266807556 134
1761834270671 2.1967313289642334 135
1761834270852 1.483381748199463 136
1761834271034 0.4079722762107849 137
1761834271233 0.5532751083374023 138
1761834271410 0.8747930526733398 139
1761834271581 0.9675328135490417 140
1761834271763 1.2178422212600708 141
1761834271933 0.712968647480011 142
1761834272100 0.6888036727905273 143
1761834272265 1.7606114149093628 144
1761834272438 1.8762294054031372 145
1761834272608 0.4867614507675171 146
1761834272777 0.6668884754180908 147
1761834272943 0.7949128746986389 148
1761834273108 1.9198229312896729 149
1761834273277 1.3649717569351196 150
1761834273451 1.2429379224777222 151
1761834273621 0.5889914631843567 152
1761834273788 0.6057098507881165 153
1761834273974 0.193490132689476 154
1761834274162 0.7202048301696777 155
1761834274344 0.3146950602531433 156
1761834274520 0.9446073174476624 157
1761834274702 1.1551194190979004 158
1761834274872 0.6868165731430054 159
1761834275042 1.9346269369125366 160
1761834275207 0.8314011096954346 161
1761834275371 1.0561572313308716 162
1761834275536 1.1205739974975586 163
1761834275718 0.4052826762199402 164
1761834275889 0.5034487247467041 165
1761834276071 1.096828579902649 166
1761834276245 1.3375420570373535 167
1761834276414 1.6684119701385498 168
1761834276587 1.3456313610076904 169
1761834276764 0.40837424993515015 170
1761834276934 0.9644194841384888 171
1761834277100 0.1760760098695755 172
1761834277294 0.3659234046936035 173
1761834277479 0.9479848742485046 174
1761834277678 1.0871069431304932 175
1761834277849 1.1174952983856201 176
1761834278023 1.1394703388214111 177
1761834278190 1.878774642944336 178
1761834278360 1.0973775386810303 179
1761834278528 0.6631996035575867 180
1761834278694 1.8643567562103271 181
1761834278863 0.6096310615539551 182
1761834279034 0.6253675818443298 183
1761834279224 0.49754223227500916 184
1761834279404 1.4972710609436035 185
1761834279574 1.156224012374878 186
1761834279750 0.8281089067459106 187
1761834279926 1.7421226501464844 188
1761834280091 0.3076033890247345 189
1761834280256 1.1020970344543457 190
1761834280421 0.306151807308197 191
1761834280585 0.9291477203369141 192
1761834280750 0.31293725967407227 193
1761834280915 1.463912010192871 194
1761834281076 0.6138362288475037 195
1761834281241 1.012951374053955 196
1761834281407 1.0328596830368042 197
1761834281571 0.7797976732254028 198
1761834281741 1.0425885915756226 199
1761834281918 1.959623098373413 200
1761834282094 0.8164230585098267 201
1761834282268 1.452892780303955 202
1761834282453 1.2983930110931396 203
1761834282621 1.9623810052871704 204
1761834282800 0.21302874386310577 205
1761834282970 0.551740288734436 206
1761834283143 1.732782244682312 207
1761834283346 0.5703542232513428 208
1761834283512 0.44510677456855774 209
1761834283677 1.103693962097168 210
1761834283841 0.6857718229293823 211
1761834284011 0.5957161784172058 212
1761834284180 0.5094315409660339 213
1761834284346 0.8310350775718689 214
1761834284514 0.4199489951133728 215
1761834284688 1.3456623554229736 216
1761834284867 0.4152107536792755 217
1761834285033 0.8609575629234314 218
1761834285198 0.8574550747871399 219
1761834285363 0.17103311419487 220
1761834285528 0.8824560046195984 221
1761834285697 1.720545768737793 222
1761834285875 0.5804116129875183 223
1761834286045 0.7849815487861633 224
1761834286221 0.7136025428771973 225
1761834286387 0.9932121634483337 226
1761834286556 0.9715510010719299 227
1761834286721 0.7983209490776062 228
1761834286905 1.1398509740829468 229
1761834287072 0.2448049634695053 230
1761834287236 0.18122796714305878 231
1761834287404 0.8584990501403809 232
1761834287577 0.4006015956401825 233
1761834287741 0.6901790499687195 234
1761834287908 0.8848998546600342 235
1761834288076 1.1519935131072998 236
1761834288245 0.34944209456443787 237
1761834288413 0.9269815683364868 238
1761834288581 0.5142399668693542 239
1761834288746 1.256624460220337 240
1761834288912 0.7127012014389038 241
1761834289080 1.6922111511230469 242
1761834289253 0.4000103175640106 243
1761834289421 1.0455479621887207 244
1761834289589 0.9754538536071777 245
1761834289757 0.42893946170806885 246
1761834289921 0.8767502307891846 247
1761834290091 1.0352039337158203 248
1761834290252 0.8605066537857056 249
1761834290418 0.42394861578941345 250
1761834290586 0.5930487513542175 251
1761834290754 0.9257745742797852 252
1761834290919 0.507196307182312 253
1761834291087 0.9889812469482422 254
1761834291251 0.7438531517982483 255
1761834291416 0.8624030351638794 256
1761834291589 0.6496691703796387 257
1761834291764 1.2182186841964722 258
1761834291936 0.742023766040802 259
1761834292111 0.6083130240440369 260
1761834292285 1.0078003406524658 261
1761834292457 1.534291386604309 262
1761834292627 0.3074686527252197 263
1761834292804 0.47689089179039 264
1761834292966 0.3783496022224426 265
1761834293140 0.4812018871307373 266
1761834293324 0.5539296865463257 267
1761834293495 0.7969610095024109 268
1761834293666 0.971717357635498 269
1761834293834 1.234329342842102 270
1761834293999 0.9429041147232056 271
1761834294169 0.33552026748657227 272
1761834294333 1.0782009363174438 273
1761834294500 0.9597137570381165 274
1761834294679 1.7820007801055908 275
1761834294860 0.5197458267211914 276
1761834295071 0.8287187814712524 277
1761834295283 1.0575437545776367 278
1761834295451 1.0903486013412476 279
1761834295614 0.5817059874534607 280
1761834295781 0.7355681657791138 281
1761834295947 1.0443599224090576 282
1761834296114 0.720450222492218 283
1761834296284 0.9661463499069214 284
1761834296452 1.0043346881866455 285
1761834296621 1.2524563074111938 286
1761834296787 0.4512033760547638 287
1761834296953 0.5432352423667908 288
1761834297122 1.163075566291809 289
1761834297291 0.17551302909851074 290
1761834297470 1.7194955348968506 291
1761834297636 0.5005185604095459 292
1761834297801 0.20445309579372406 293
1761834297968 0.7304204702377319 294
1761834298141 1.0326855182647705 295
1761834298333 0.6429088115692139 296
1761834298502 1.1945405006408691 297
1761834298671 0.6216566562652588 298
1761834298842 1.3093345165252686 299
1761834299021 0.7308961153030396 300
1761834299213 0.8076800107955933 301
1761834299390 1.4155229330062866 302
1761834299573 1.6545907258987427 303
1761834299791 0.7016685009002686 304
1761834299991 1.537158727645874 305
1761834300207 0.9204224944114685 306
1761834300409 0.43539032340049744 307
1761834300579 1.1417055130004883 308
1761834300744 0.9379616975784302 309
1761834300915 0.9341915845870972 310
1761834301086 0.629613995552063 311
1761834301248 0.8116804957389832 312
1761834301410 0.2794627845287323 313
1761834301577 1.4510087966918945 314
1761834301759 0.9269594550132751 315
1761834301931 1.5825107097625732 316
1761834302102 0.9816296100616455 317
1761834302289 0.7124607563018799 318
1761834302476 1.622941255569458 319
1761834302658 1.974045753479004 320
1761834302829 1.7567778825759888 321
1761834303003 1.9035820960998535 322
1761834303170 0.4566803276538849 323
1761834303339 0.9047417640686035 324
1761834303511 0.509533166885376 325
1761834303679 0.27112501859664917 326
1761834303841 0.8692935705184937 327
1761834304011 0.7146450281143188 328
1761834304182 0.2699073553085327 329
1761834304351 0.5930191874504089 330
1761834304519 0.5418173670768738 331
1761834304685 0.825860857963562 332
1761834304852 0.8260670304298401 333
1761834305018 1.1568535566329956 334
1761834305186 1.6791636943817139 335
1761834305352 0.3513481616973877 336
1761834305518 0.158286452293396 337
1761834305682 0.5767287015914917 338
1761834305852 1.2537131309509277 339
1761834306021 0.6150828003883362 340
1761834306193 0.9769508838653564 341
1761834306367 0.691557765007019 342
1761834306537 0.9320778250694275 343
1761834306704 0.41632765531539917 344
1761834306872 1.5758119821548462 345
1761834307042 1.3641180992126465 346
1761834307210 0.6214427351951599 347
1761834307412 1.3309181928634644 348
1761834307580 0.5824940800666809 349
1761834307746 0.4215403199195862 350
1761834307913 0.15765157341957092 351
1761834308080 0.8772167563438416 352
1761834308254 0.6000462174415588 353
1761834308430 1.3582872152328491 354
1761834308600 0.5458071231842041 355
1761834308770 0.8656067848205566 356
1761834308953 0.804533064365387 357
1761834309133 0.4431080222129822 358
1761834309312 0.9133872985839844 359
1761834309490 0.9514287710189819 360
1761834309677 0.15852932631969452 361
1761834309850 1.0757969617843628 362
1761834310019 1.9068737030029297 363
1761834310234 0.9578050374984741 364
1761834310418 0.5432395339012146 365
1761834310594 0.7733256816864014 366
1761834310766 1.5189709663391113 367
1761834310936 0.9300832152366638 368
1761834311108 0.6221685409545898 369
1761834311277 0.5635067820549011 370
1761834311446 1.2674773931503296 371
1761834311627 0.5181735157966614 372
1761834311797 2.0227103233337402 373
1761834311967 1.1533379554748535 374
1761834312133 0.5784959197044373 375
1761834312303 0.6093623638153076 376
1761834312473 0.21929313242435455 377
1761834312642 1.0885778665542603 378
1761834312810 0.9668856263160706 379
1761834312979 0.8052096366882324 380
1761834313165 0.1369614601135254 381
1761834313334 1.043068528175354 382
1761834313503 0.48367923498153687 383
1761834313673 0.3227933645248413 384
1761834313852 0.8594953417778015 385
1761834314023 1.7367851734161377 386
1761834314195 0.6905185580253601 387
1761834314365 0.9142910242080688 388
1761834314537 0.6732004880905151 389
1761834314705 0.46705153584480286 390
1761834314882 0.9204481244087219 391
1761834315048 2.695692539215088 392
1761834315218 1.4274346828460693 393
1761834315390 0.5943114757537842 394
1761834315562 1.2277284860610962 395
1761834315764 0.9305586814880371 396
1761834315937 0.30861130356788635 397
1761834316109 0.6301193237304688 398
1761834316315 2.3961093425750732 399
1761834316488 2.047775983810425 400
