1761840741717 1.6937599182128906 0
1761840741800 1.5028185844421387 1
1761840741879 1.3875179290771484 2
1761840741962 1.3141276836395264 3
1761840742042 1.2563518285751343 4
1761840742124 1.2000324726104736 5
1761840742206 1.1568413972854614 6
1761840742286 1.1142078638076782 7
1761840742368 1.0746351480484009 8
1761840742449 1.048101782798767 9
1761840742530 1.0191973447799683 10
1761840742611 0.9942423701286316 11
1761840742691 0.9717379212379456 12
1761840742771 0.9520655274391174 13
1761840742853 0.9304119944572449 14
1761840742931 0.9080260992050171 15
1761840743013 0.8837831616401672 16
1761840743094 0.8613793849945068 17
1761840743174 0.8423359990119934 18
1761840743254 0.8248966336250305 19
1761840743335 0.8075690865516663 20
1761840743416 0.7910249829292297 21
1761840743495 0.7771711349487305 22
1761840743575 0.7631428837776184 23
1761840743655 0.7495303153991699 24
1761840743737 0.7376810312271118 25
1761840743832 0.7267848253250122 26
1761840743916 0.7143080234527588 27
1761840743998 0.7041836380958557 28
1761840744080 0.694840669631958 29
1761840744161 0.6857185959815979 30
1761840744242 0.6772800087928772 31
1761840744323 0.6698749661445618 32
1761840744403 0.6616453528404236 33
1761840744484 0.6540402770042419 34
1761840744565 0.6458855271339417 35
1761840744651 0.6381884217262268 36
1761840744733 0.6319661140441895 37
1761840744815 0.6254141330718994 38
1761840744900 0.6196327805519104 39
1761840744980 0.61332106590271 40
1761840745061 0.6072894930839539 41
1761840745143 0.601604700088501 42
1761840745223 0.5963801741600037 43
1761840745301 0.5917329788208008 44
1761840745384 0.5871618390083313 45
1761840745462 0.5827885270118713 46
1761840745539 0.5783208608627319 47
1761840745617 0.5738003253936768 48
1761840745697 0.5709759593009949 49
1761840745778 0.5676719546318054 50
1761840745859 0.5637316703796387 51
1761840745940 0.5608271956443787 52
1761840746021 0.5575736165046692 53
1761840746103 0.5548410415649414 54
1761840746185 0.5512130260467529 55
1761840746264 0.5486341118812561 56
1761840746349 0.545067310333252 57
1761840746433 0.5423542857170105 58
1761840746514 0.5405092835426331 59
1761840746595 0.5381962656974792 60
1761840746676 0.5353448390960693 61
1761840746756 0.5335375666618347 62
1761840746835 0.530370831489563 63
1761840746915 0.5278156995773315 64
1761840746996 0.5256231427192688 65
1761840747078 0.5238548517227173 66
1761840747159 0.5216450095176697 67
1761840747241 0.5195687413215637 68
1761840747322 0.5172591805458069 69
1761840747404 0.5157302021980286 70
1761840747482 0.5144456624984741 71
1761840747564 0.5126138925552368 72
1761840747645 0.5109887719154358 73
1761840747727 0.5095422267913818 74
1761840747806 0.5079043507575989 75
1761840747888 0.5063401460647583 76
1761840747970 0.5042556524276733 77
1761840748052 0.5026839971542358 78
1761840748132 0.5014605522155762 79
1761840748212 0.4996531009674072 80
1761840748293 0.4984701871871948 81
1761840748374 0.4975391924381256 82
1761840748454 0.4960609972476959 83
1761840748535 0.4947341978549957 84
1761840748615 0.49371519684791565 85
1761840748697 0.49194398522377014 86
1761840748777 0.4907642900943756 87
1761840748859 0.4899395704269409 88
1761840748939 0.4884922206401825 89
1761840749021 0.4877873659133911 90
1761840749104 0.48655858635902405 91
1761840749185 0.4853968322277069 92
1761840749265 0.4844707250595093 93
1761840749348 0.48341643810272217 94
1761840749428 0.4822995364665985 95
1761840749510 0.4812959134578705 96
1761840749590 0.48035353422164917 97
1761840749670 0.4788997769355774 98
1761840749757 0.47789663076400757 99
1761840749842 0.4773731529712677 100
1761840749926 0.4764152467250824 101
1761840750008 0.47580379247665405 102
1761840750095 0.47501468658447266 103
1761840750179 0.4741698205471039 104
1761840750261 0.4731285274028778 105
1761840750343 0.47269389033317566 106
1761840750424 0.47187963128089905 107
1761840750505 0.4710097312927246 108
1761840750587 0.47019365429878235 109
1761840750668 0.4697919487953186 110
1761840750750 0.4690971374511719 111
1761840750831 0.46828901767730713 112
1761840750912 0.46723121404647827 113
1761840750993 0.4664653539657593 114
1761840751076 0.4659523367881775 115
1761840751157 0.46508702635765076 116
1761840751239 0.4643130600452423 117
1761840751320 0.4634198546409607 118
1761840751402 0.4630112946033478 119
1761840751483 0.4624406695365906 120
1761840751564 0.46204203367233276 121
1761840751646 0.46140366792678833 122
1761840751729 0.4608258605003357 123
1761840751810 0.460228830575943 124
1761840751889 0.46000850200653076 125
1761840751970 0.4596344828605652 126
1761840752050 0.45901739597320557 127
1761840752133 0.4584459364414215 128
1761840752216 0.4579680263996124 129
1761840752295 0.45763829350471497 130
1761840752376 0.4568820297718048 131
1761840752457 0.4566171169281006 132
1761840752540 0.4562143087387085 133
1761840752621 0.4555602967739105 134
1761840752701 0.45539578795433044 135
1761840752781 0.4545115530490875 136
1761840752864 0.4543498754501343 137
1761840752944 0.4540807902812958 138
1761840753026 0.4535859227180481 139
1761840753108 0.4531306028366089 140
1761840753189 0.4526786506175995 141
1761840753270 0.45237070322036743 142
1761840753351 0.4520404040813446 143
1761840753431 0.4516769051551819 144
1761840753513 0.4513821303844452 145
1761840753593 0.450976699590683 146
1761840753673 0.4507853388786316 147
1761840753755 0.45038658380508423 148
1761840753835 0.44987592101097107 149
1761840753916 0.449542373418808 150
1761840753998 0.449099063873291 151
1761840754079 0.44864755868911743 152
1761840754161 0.4483415186405182 153
1761840754244 0.44785457849502563 154
1761840754326 0.44762101769447327 155
1761840754407 0.44716230034828186 156
1761840754487 0.4467080533504486 157
1761840754568 0.4466671943664551 158
1761840754650 0.4460597336292267 159
1761840754729 0.44556793570518494 160
1761840754810 0.4451221823692322 161
1761840754892 0.4449707865715027 162
1761840754973 0.4444102942943573 163
1761840755056 0.44399628043174744 164
1761840755140 0.44373229146003723 165
1761840755223 0.4432777166366577 166
1761840755305 0.44302672147750854 167
1761840755387 0.44270360469818115 168
1761840755467 0.44212520122528076 169
1761840755550 0.44180795550346375 170
1761840755633 0.4414079785346985 171
1761840755714 0.44129663705825806 172
1761840755795 0.4408199191093445 173
1761840755876 0.44013428688049316 174
1761840755961 0.4396857023239136 175
1761840756043 0.4394119679927826 176
1761840756124 0.43899157643318176 177
1761840756207 0.43869441747665405 178
1761840756291 0.43823859095573425 179
1761840756377 0.43771135807037354 180
1761840756461 0.43736547231674194 181
1761840756543 0.4370875060558319 182
1761840756626 0.4372681975364685 183
1761840756708 0.4371646046638489 184
1761840756789 0.43692126870155334 185
1761840756871 0.43631288409233093 186
1761840756955 0.43612292408943176 187
1761840757037 0.43570905923843384 188
1761840757119 0.4353540539741516 189
1761840757200 0.43513795733451843 190
1761840757282 0.4348098039627075 191
1761840757364 0.4346076250076294 192
1761840757445 0.4342178404331207 193
1761840757526 0.43409067392349243 194
1761840757608 0.4339486062526703 195
1761840757690 0.4336589574813843 196
1761840757773 0.4336436688899994 197
1761840757856 0.43328142166137695 198
1761840757937 0.4331720769405365 199
1761840758018 0.43291541934013367 200
1761840758100 0.43270766735076904 201
1761840758181 0.4325229823589325 202
1761840758267 0.43247324228286743 203
1761840758351 0.43216973543167114 204
1761840758435 0.4318690896034241 205
1761840758518 0.4315480589866638 206
1761840758601 0.43122532963752747 207
1761840758684 0.43112286925315857 208
1761840758765 0.431054025888443 209
1761840758848 0.4307325482368469 210
1761840758930 0.43042004108428955 211
1761840759014 0.4303482174873352 212
1761840759096 0.4301649332046509 213
1761840759176 0.42974960803985596 214
1761840759258 0.42930445075035095 215
1761840759341 0.4293909966945648 216
1761840759423 0.4292334318161011 217
1761840759505 0.42897549271583557 218
1761840759588 0.4288405776023865 219
1761840759670 0.42837780714035034 220
1761840759753 0.4280984401702881 221
1761840759835 0.42788079380989075 222
1761840759918 0.42789775133132935 223
1761840760001 0.4276160001754761 224
1761840760087 0.42765069007873535 225
1761840760169 0.427391916513443 226
1761840760251 0.42715010046958923 227
1761840760333 0.4269019365310669 228
1761840760416 0.4268965721130371 229
1761840760499 0.42665669322013855 230
1761840760580 0.4264187812805176 231
1761840760664 0.42650023102760315 232
1761840760746 0.42639875411987305 233
1761840760829 0.4264102876186371 234
1761840760911 0.42611703276634216 235
1761840760993 0.4258023798465729 236
1761840761077 0.42550671100616455 237
1761840761161 0.42533159255981445 238
1761840761241 0.4251268804073334 239
1761840761326 0.4249289631843567 240
1761840761408 0.4247826635837555 241
1761840761492 0.42439138889312744 242
1761840761594 0.42429792881011963 243
1761840761676 0.42412689328193665 244
1761840761760 0.4238482415676117 245
1761840761842 0.42357149720191956 246
1761840761926 0.42329898476600647 247
1761840762007 0.4232829213142395 248
1761840762091 0.42304709553718567 249
1761840762173 0.422739177942276 250
1761840762256 0.42270174622535706 251
1761840762339 0.4226587414741516 252
1761840762422 0.4224919378757477 253
1761840762504 0.4223260283470154 254
1761840762587 0.42227840423583984 255
1761840762669 0.4221731722354889 256
1761840762752 0.4219810664653778 257
1761840762835 0.42183917760849 258
1761840762918 0.4215807616710663 259
1761840762999 0.42133134603500366 260
1761840763082 0.4212943911552429 261
1761840763165 0.4211502969264984 262
1761840763246 0.42095232009887695 263
1761840763327 0.42075982689857483 264
1761840763408 0.4205400347709656 265
1761840763490 0.4203009307384491 266
1761840763573 0.42021769285202026 267
1761840763654 0.42013630270957947 268
1761840763737 0.4198417365550995 269
1761840763818 0.4195355176925659 270
1761840763903 0.4193365275859833 271
1761840763985 0.4192841947078705 272
1761840764066 0.4191911518573761 273
1761840764149 0.4190138876438141 274
1761840764233 0.4188537895679474 275
1761840764316 0.41850727796554565 276
1761840764398 0.41827788949012756 277
1761840764479 0.41802719235420227 278
1761840764562 0.4177640974521637 279
1761840764644 0.4176957309246063 280
1761840764729 0.4173983335494995 281
1761840764810 0.417339563369751 282
1761840764891 0.4171684980392456 283
1761840764973 0.4170926809310913 284
1761840765058 0.41694656014442444 285
1761840765141 0.41683250665664673 286
1761840765223 0.4167307913303375 287
1761840765305 0.41666802763938904 288
1761840765388 0.416555255651474 289
1761840765472 0.4163615107536316 290
1761840765558 0.4164040684700012 291
1761840765642 0.416228711605072 292
1761840765726 0.4159696102142334 293
1761840765807 0.4158160388469696 294
1761840765891 0.4158499538898468 295
1761840765971 0.41564562916755676 296
1761840766056 0.4154609143733978 297
1761840766140 0.41534799337387085 298
1761840766223 0.41522595286369324 299
1761840766303 0.4153136610984802 300
1761840766391 0.4151118993759155 301
1761840766476 0.4149433374404907 302
1761840766562 0.41484782099723816 303
1761840766647 0.41493159532546997 304
1761840766732 0.41483741998672485 305
1761840766816 0.4147137701511383 306
1761840766901 0.41475194692611694 307
1761840766985 0.4146805703639984 308
1761840767069 0.4145052433013916 309
1761840767153 0.41452276706695557 310
1761840767235 0.41442352533340454 311
1761840767317 0.4142876863479614 312
1761840767400 0.4142672121524811 313
1761840767482 0.4142877459526062 314
1761840767566 0.4143248200416565 315
1761840767650 0.4142879843711853 316
1761840767733 0.41428765654563904 317
1761840767817 0.41411659121513367 318
1761840767903 0.41402843594551086 319
1761840767985 0.41390714049339294 320
1761840768066 0.4139833152294159 321
1761840768148 0.41389504075050354 322
1761840768233 0.41391056776046753 323
1761840768317 0.41394680738449097 324
1761840768402 0.4138183891773224 325
1761840768485 0.4135766923427582 326
1761840768571 0.41360554099082947 327
1761840768655 0.413413941860199 328
1761840768737 0.41333943605422974 329
1761840768823 0.4132605791091919 330
1761840768907 0.41309064626693726 331
1761840768989 0.4129490256309509 332
1761840769074 0.41286996006965637 333
1761840769160 0.4126749336719513 334
1761840769245 0.41249319911003113 335
1761840769327 0.4124513268470764 336
1761840769412 0.41234391927719116 337
1761840769495 0.4122566878795624 338
1761840769580 0.4121779203414917 339
1761840769662 0.41207966208457947 340
1761840769747 0.41203564405441284 341
1761840769830 0.4120718538761139 342
1761840769915 0.41200122237205505 343
1761840769998 0.41185450553894043 344
1761840770080 0.41174355149269104 345
1761840770163 0.41176310181617737 346
1761840770248 0.41170579195022583 347
1761840770331 0.4115895628929138 348
1761840770414 0.41146087646484375 349
1761840770497 0.41136184334754944 350
1761840770581 0.4113045632839203 351
1761840770664 0.4111407995223999 352
1761840770747 0.41112780570983887 353
1761840770830 0.4109613299369812 354
1761840770915 0.4108639359474182 355
1761840770999 0.4108506739139557 356
1761840771084 0.41071364283561707 357
1761840771167 0.4105939269065857 358
1761840771249 0.41054627299308777 359
1761840771334 0.41051965951919556 360
1761840771418 0.41048964858055115 361
1761840771500 0.4104844629764557 362
1761840771584 0.4104419946670532 363
1761840771667 0.4103832542896271 364
1761840771750 0.4102504253387451 365
1761840771834 0.41010791063308716 366
1761840771919 0.41009077429771423 367
1761840772005 0.41014739871025085 368
1761840772088 0.41001221537590027 369
1761840772172 0.409993052482605 370
1761840772256 0.4098697006702423 371
1761840772339 0.4098401665687561 372
1761840772422 0.40979036688804626 373
1761840772505 0.40977686643600464 374
1761840772587 0.4097234010696411 375
1761840772668 0.4095076620578766 376
1761840772751 0.40953463315963745 377
1761840772835 0.40940412878990173 378
1761840772918 0.40922704339027405 379
1761840773003 0.4091053009033203 380
1761840773086 0.40897831320762634 381
1761840773172 0.4089054763317108 382
1761840773255 0.4088003635406494 383
1761840773340 0.40859830379486084 384
1761840773424 0.4086317718029022 385
1761840773508 0.4085610508918762 386
1761840773591 0.4084737300872803 387
1761840773674 0.4084320068359375 388
1761840773756 0.408427894115448 389
1761840773839 0.4083547294139862 390
1761840773923 0.40832674503326416 391
1761840774007 0.40815070271492004 392
1761840774091 0.408040851354599 393
1761840774176 0.4080299735069275 394
1761840774259 0.40802931785583496 395
1761840774342 0.4080773890018463 396
1761840774426 0.40803956985473633 397
1761840774508 0.4079453945159912 398
1761840774592 0.40785208344459534 399
1761840774676 0.40784814953804016 400
