1761840741717 1.2930554151535034 0
1761840741800 1.582360863685608 1
1761840741879 1.7779496908187866 2
1761840741962 1.3350725173950195 3
1761840742042 1.7557401657104492 4
1761840742124 0.6684303283691406 5
1761840742206 1.469659447669983 6
1761840742286 0.5957136750221252 7
1761840742368 0.4796369969844818 8
1761840742449 0.9168850779533386 9
1761840742530 1.4893571138381958 10
1761840742611 1.2033289670944214 11
1761840742691 1.5099983215332031 12
1761840742771 1.1846126317977905 13
1761840742853 0.2848251760005951 14
1761840742931 0.7041137218475342 15
1761840743013 0.4578914940357208 16
1761840743094 0.2140655517578125 17
1761840743174 1.1211673021316528 18
1761840743254 0.7229903340339661 19
1761840743335 0.2731381356716156 20
1761840743416 0.22886717319488525 21
1761840743495 0.42490091919898987 22
1761840743575 0.5922302007675171 23
1761840743655 0.5593504309654236 24
1761840743737 1.2472904920578003 25
1761840743832 0.4672122001647949 26
1761840743916 0.8144384026527405 27
1761840743998 0.37432408332824707 28
1761840744080 0.39345887303352356 29
1761840744161 0.2761419713497162 30
1761840744242 0.1769593507051468 31
1761840744323 0.48385730385780334 32
1761840744403 0.8350599408149719 33
1761840744484 0.9217648506164551 34
1761840744565 0.18348389863967896 35
1761840744651 0.25978320837020874 36
1761840744733 0.3850407302379608 37
1761840744815 0.4221552610397339 38
1761840744900 0.43119916319847107 39
1761840744980 0.4309382140636444 40
1761840745061 0.2546279728412628 41
1761840745143 0.8172553181648254 42
1761840745223 0.36598479747772217 43
1761840745301 0.45801353454589844 44
1761840745384 0.963629961013794 45
1761840745462 0.4155081510543823 46
1761840745539 0.1244756281375885 47
1761840745617 0.4744173586368561 48
1761840745697 0.6755629181861877 49
1761840745778 0.1820070594549179 50
1761840745859 0.2995780408382416 51
1761840745940 0.5053539276123047 52
1761840746021 0.4035833775997162 53
1761840746103 0.20273669064044952 54
1761840746185 0.7230462431907654 55
1761840746264 0.7206869721412659 56
1761840746349 0.42031845450401306 57
1761840746433 0.1673629730939865 58
1761840746514 0.6830365657806396 59
1761840746595 0.3828784227371216 60
1761840746676 0.10101897269487381 61
1761840746756 0.8521564602851868 62
1761840746835 0.08935967087745667 63
1761840746915 0.201249361038208 64
1761840746996 0.27300506830215454 65
1761840747078 0.3674505054950714 66
1761840747159 0.4808768332004547 67
1761840747241 0.16142037510871887 68
1761840747322 0.5456687211990356 69
1761840747404 0.24325521290302277 70
1761840747482 0.9460928440093994 71
1761840747564 0.2537165880203247 72
1761840747645 0.3055725395679474 73
1761840747727 0.1983669549226761 74
1761840747806 0.6482860445976257 75
1761840747888 0.3916691839694977 76
1761840747970 0.6660277843475342 77
1761840748052 0.22555220127105713 78
1761840748132 0.572376549243927 79
1761840748212 0.1934397965669632 80
1761840748293 0.18074719607830048 81
1761840748374 0.13643597066402435 82
1761840748454 0.42928385734558105 83
1761840748535 0.2693553566932678 84
1761840748615 0.31120994687080383 85
1761840748697 0.16898894309997559 86
1761840748777 0.3957587480545044 87
1761840748859 0.49573078751564026 88
1761840748939 0.620199978351593 89
1761840749021 0.821289598941803 90
1761840749104 0.837505042552948 91
1761840749185 0.1803303360939026 92
1761840749265 0.24928559362888336 93
1761840749348 0.12062878161668777 94
1761840749428 0.3547835648059845 95
1761840749510 0.3394891023635864 96
1761840749590 0.6741536259651184 97
1761840749670 0.11704402416944504 98
1761840749757 0.7326374650001526 99
1761840749842 0.13142980635166168 100
1761840749926 0.23330770432949066 101
1761840750008 0.7891780734062195 102
1761840750095 0.09843287616968155 103
1761840750179 0.4514376223087311 104
1761840750261 0.560139000415802 105
1761840750343 0.49933502078056335 106
1761840750424 0.893240213394165 107
1761840750505 0.3785769045352936 108
1761840750587 0.2881228029727936 109
1761840750668 0.25428763031959534 110
1761840750750 1.0329155921936035 111
1761840750831 0.07495337724685669 112
1761840750912 0.13561449944972992 113
1761840750993 0.26155781745910645 114
1761840751076 0.21805961430072784 115
1761840751157 0.3553069531917572 116
1761840751239 0.18027395009994507 117
1761840751320 0.20758086442947388 118
1761840751402 0.3465178310871124 119
1761840751483 0.4580799341201782 120
1761840751564 0.3922364413738251 121
1761840751646 0.5050975680351257 122
1761840751729 0.5905004143714905 123
1761840751810 0.46685829758644104 124
1761840751889 0.3103479743003845 125
1761840751970 0.4041626751422882 126
1761840752050 0.32448551058769226 127
1761840752133 0.21641434729099274 128
1761840752216 0.3838069438934326 129
1761840752295 0.6090728044509888 130
1761840752376 0.5688676238059998 131
1761840752457 0.3064059615135193 132
1761840752540 0.18476606905460358 133
1761840752621 0.6628968715667725 134
1761840752701 0.35737931728363037 135
1761840752781 0.47592082619667053 136
1761840752864 1.2527447938919067 137
1761840752944 0.28005707263946533 138
1761840753026 0.18439429998397827 139
1761840753108 0.4333092272281647 140
1761840753189 0.40063610672950745 141
1761840753270 0.2481936812400818 142
1761840753351 0.2500053942203522 143
1761840753431 0.308411180973053 144
1761840753513 0.7328450679779053 145
1761840753593 0.5449648499488831 146
1761840753673 0.5166689157485962 147
1761840753755 1.0683587789535522 148
1761840753835 0.33363810181617737 149
1761840753916 0.45807740092277527 150
1761840753998 0.5456032156944275 151
1761840754079 0.5647254586219788 152
1761840754161 0.4795915186405182 153
1761840754244 0.5119867324829102 154
1761840754326 0.08307040482759476 155
1761840754407 0.5404220223426819 156
1761840754487 0.3456060588359833 157
1761840754568 0.6271864771842957 158
1761840754650 0.4520421028137207 159
1761840754729 0.3616931736469269 160
1761840754810 0.39872410893440247 161
1761840754892 0.7768225073814392 162
1761840754973 0.3232463598251343 163
1761840755056 0.3188689947128296 164
1761840755140 0.8044978976249695 165
1761840755223 0.35836803913116455 166
1761840755305 0.405948281288147 167
1761840755387 0.323996901512146 168
1761840755467 0.3542356491088867 169
1761840755550 0.27341440320014954 170
1761840755633 0.12129699438810349 171
1761840755714 0.3347385823726654 172
1761840755795 0.409404993057251 173
1761840755876 0.2692146897315979 174
1761840755961 0.24251346290111542 175
1761840756043 0.7646758556365967 176
1761840756124 0.8262171149253845 177
1761840756207 0.3574073314666748 178
1761840756291 0.656895101070404 179
1761840756377 0.2152775079011917 180
1761840756461 0.15188558399677277 181
1761840756543 0.3015173375606537 182
1761840756626 0.893121063709259 183
1761840756708 1.0598790645599365 184
1761840756789 0.6813758015632629 185
1761840756871 0.13663433492183685 186
1761840756955 0.6540526151657104 187
1761840757037 0.6652301549911499 188
1761840757119 0.6219666600227356 189
1761840757200 0.31848639249801636 190
1761840757282 0.23315174877643585 191
1761840757364 0.7286556363105774 192
1761840757445 0.17521215975284576 193
1761840757526 0.4718100130558014 194
1761840757608 0.559222936630249 195
1761840757690 0.3034389615058899 196
1761840757773 0.5063619017601013 197
1761840757856 0.45976242423057556 198
1761840757937 0.45178842544555664 199
1761840758018 0.35362276434898376 200
1761840758100 0.919736921787262 201
1761840758181 0.3787023723125458 202
1761840758267 0.4237937033176422 203
1761840758351 0.49991580843925476 204
1761840758435 0.7637313008308411 205
1761840758518 0.5190408229827881 206
1761840758601 0.5655045509338379 207
1761840758684 0.281856507062912 208
1761840758765 0.510654866695404 209
1761840758848 0.8376680016517639 210
1761840758930 0.37562671303749084 211
1761840759014 0.8491778373718262 212
1761840759096 0.3738795816898346 213
1761840759176 0.12638908624649048 214
1761840759258 0.36577439308166504 215
1761840759341 0.5622701048851013 216
1761840759423 0.6219810843467712 217
1761840759505 0.25166282057762146 218
1761840759588 0.7639840245246887 219
1761840759670 0.25915613770484924 220
1761840759753 0.36859479546546936 221
1761840759835 0.5929977297782898 222
1761840759918 0.9036111235618591 223
1761840760001 0.22494865953922272 224
1761840760087 0.2755204141139984 225
1761840760169 0.8073523640632629 226
1761840760251 0.3064465820789337 227
1761840760333 0.621056079864502 228
1761840760416 0.2413385510444641 229
1761840760499 0.17019106447696686 230
1761840760580 0.6441888213157654 231
1761840760664 0.19897066056728363 232
1761840760746 0.5650443434715271 233
1761840760829 0.2036113739013672 234
1761840760911 0.21735811233520508 235
1761840760993 0.4318866431713104 236
1761840761077 0.4129948914051056 237
1761840761161 0.5920297503471375 238
1761840761241 0.6507936120033264 239
1761840761326 0.11825462430715561 240
1761840761408 0.7717649936676025 241
1761840761492 0.24696625769138336 242
1761840761594 0.48286476731300354 243
1761840761676 0.17312848567962646 244
1761840761760 0.2415897250175476 245
1761840761842 1.0238040685653687 246
1761840761926 0.380901575088501 247
1761840762007 0.3645915687084198 248
1761840762091 0.8342940211296082 249
1761840762173 1.0847896337509155 250
1761840762256 0.4120936095714569 251
1761840762339 0.5048049092292786 252
1761840762422 0.15421998500823975 253
1761840762504 0.7274567484855652 254
1761840762587 0.756188154220581 255
1761840762669 0.7762875556945801 256
1761840762752 0.1492593139410019 257
1761840762835 0.6448505520820618 258
1761840762918 0.1689705103635788 259
1761840762999 0.5273464918136597 260
1761840763082 0.24405519664287567 261
1761840763165 0.24727995693683624 262
1761840763246 0.7571463584899902 263
1761840763327 0.4347980320453644 264
1761840763408 0.6227220892906189 265
1761840763490 0.24935835599899292 266
1761840763573 0.9198651909828186 267
1761840763654 0.2329944223165512 268
1761840763737 0.30334535241127014 269
1761840763818 1.0302925109863281 270
1761840763903 0.07946143299341202 271
1761840763985 0.2749077379703522 272
1761840764066 1.0180153846740723 273
1761840764149 0.21844196319580078 274
1761840764233 0.4332975149154663 275
1761840764316 0.5600614547729492 276
1761840764398 0.41771769523620605 277
1761840764479 0.10542178899049759 278
1761840764562 0.357845664024353 279
1761840764644 0.073977030813694 280
1761840764729 0.5083813667297363 281
1761840764810 0.5637643337249756 282
1761840764891 0.20337672531604767 283
1761840764973 0.0646941214799881 284
1761840765058 0.631135880947113 285
1761840765141 0.88373202085495 286
1761840765223 0.5058837532997131 287
1761840765305 0.5586777329444885 288
1761840765388 0.27319422364234924 289
1761840765472 0.34790468215942383 290
1761840765558 0.1506340652704239 291
1761840765642 0.39033234119415283 292
1761840765726 0.2355731874704361 293
1761840765807 0.43523359298706055 294
1761840765891 0.19948239624500275 295
1761840765971 0.2991986572742462 296
1761840766056 0.3826355040073395 297
1761840766140 0.4576927125453949 298
1761840766223 0.26883330941200256 299
1761840766303 1.0108531713485718 300
1761840766391 0.3155647814273834 301
1761840766476 0.34196484088897705 302
1761840766562 0.3185218274593353 303
1761840766647 0.3366762697696686 304
1761840766732 0.4583984613418579 305
1761840766816 0.49533775448799133 306
1761840766901 0.6628764867782593 307
1761840766985 0.23191899061203003 308
1761840767069 0.5127405524253845 309
1761840767153 0.2765544354915619 310
1761840767235 0.4225631058216095 311
1761840767317 0.4720422327518463 312
1761840767400 0.6949681639671326 313
1761840767482 0.6768249869346619 314
1761840767566 0.23254446685314178 315
1761840767650 0.24322278797626495 316
1761840767733 0.28890085220336914 317
1761840767817 0.697852373123169 318
1761840767903 0.302273154258728 319
1761840767985 0.6516218185424805 320
1761840768066 0.20376481115818024 321
1761840768148 0.31513649225234985 322
1761840768233 0.30354389548301697 323
1761840768317 0.46519652009010315 324
1761840768402 0.5136680603027344 325
1761840768485 0.32050472497940063 326
1761840768571 0.11810975521802902 327
1761840768655 0.1915147453546524 328
1761840768737 0.11005115509033203 329
1761840768823 0.1336367130279541 330
1761840768907 0.2545633316040039 331
1761840768989 0.2685340344905853 332
1761840769074 0.31734129786491394 333
1761840769160 0.9670958518981934 334
1761840769245 0.17091691493988037 335
1761840769327 0.16203729808330536 336
1761840769412 0.052661359310150146 337
1761840769495 0.6197326183319092 338
1761840769580 0.7742180824279785 339
1761840769662 0.10659986734390259 340
1761840769747 0.4258858859539032 341
1761840769830 0.6260374188423157 342
1761840769915 0.3012731671333313 343
1761840769998 0.37684181332588196 344
1761840770080 0.276324063539505 345
1761840770163 0.45152798295021057 346
1761840770248 0.5248121619224548 347
1761840770331 0.0905434861779213 348
1761840770414 0.8941202163696289 349
1761840770497 0.6659113764762878 350
1761840770581 0.522002637386322 351
1761840770664 0.32945647835731506 352
1761840770747 0.5188719630241394 353
1761840770830 0.6687063574790955 354
1761840770915 0.738559901714325 355
1761840770999 0.420414537191391 356
1761840771084 0.10889878869056702 357
1761840771167 0.35545453429222107 358
1761840771249 0.8268610835075378 359
1761840771334 0.6438339352607727 360
1761840771418 0.2107023149728775 361
1761840771500 0.4969395399093628 362
1761840771584 0.9584847092628479 363
1761840771667 0.7812094688415527 364
1761840771750 0.24421118199825287 365
1761840771834 0.2589777708053589 366
1761840771919 0.453275203704834 367
1761840772005 0.4557715356349945 368
1761840772088 0.1663549691438675 369
1761840772172 0.18970723450183868 370
1761840772256 0.30052778124809265 371
1761840772339 0.12119071930646896 372
1761840772422 0.34990134835243225 373
1761840772505 0.35619136691093445 374
1761840772587 0.5120206475257874 375
1761840772668 0.26465854048728943 376
1761840772751 0.4462110996246338 377
1761840772835 0.14528755843639374 378
1761840772918 0.9429230690002441 379
1761840773003 0.24605010449886322 380
1761840773086 0.6067084670066833 381
1761840773172 0.4394272565841675 382
1761840773255 0.6145063042640686 383
1761840773340 0.4741463363170624 384
1761840773424 0.4870464503765106 385
1761840773508 0.47919484972953796 386
1761840773591 0.4194423258304596 387
1761840773674 1.0122967958450317 388
1761840773756 0.8137915134429932 389
1761840773839 0.18848805129528046 390
1761840773923 0.956229031085968 391
1761840774007 0.16756169497966766 392
1761840774091 0.8568546175956726 393
1761840774176 0.8481855988502502 394
1761840774259 0.7103264331817627 395
1761840774342 0.30051636695861816 396
1761840774426 0.3552762269973755 397
1761840774508 0.3221145570278168 398
1761840774592 0.7184762358665466 399
1761840774676 0.46133050322532654 400
