1762793183944 1.7638297080993652 0
1762793184038 1.5366888046264648 1
1762793184135 1.4124597311019897 2
1762793184228 1.3160896301269531 3
1762793184326 1.2542431354522705 4
1762793184419 1.1955640316009521 5
1762793184511 1.1488350629806519 6
1762793184604 1.1078519821166992 7
1762793184697 1.0683363676071167 8
1762793184792 1.0263581275939941 9
1762793184886 0.9964253306388855 10
1762793184981 0.9759707450866699 11
1762793185074 0.955581545829773 12
1762793185167 0.9343088865280151 13
1762793185258 0.9174247980117798 14
1762793185350 0.9021611213684082 15
1762793185441 0.885721743106842 16
1762793185532 0.8665621876716614 17
1762793185622 0.8499806523323059 18
1762793185713 0.8360894322395325 19
1762793185804 0.8222314715385437 20
1762793185893 0.8103026151657104 21
1762793185983 0.798467218875885 22
1762793186073 0.7868927717208862 23
1762793186165 0.7759889364242554 24
1762793186257 0.7649296522140503 25
1762793186348 0.7556626796722412 26
1762793186440 0.7469937801361084 27
1762793186532 0.7362909317016602 28
1762793186624 0.7252413034439087 29
1762793186714 0.7176652550697327 30
1762793186806 0.7101294994354248 31
1762793186897 0.7028571963310242 32
