1762793183944 1.3929511308670044 0
1762793184038 1.503740668296814 1
1762793184135 1.640336275100708 2
1762793184228 0.6195325255393982 3
1762793184326 1.2255308628082275 4
1762793184419 0.7452481985092163 5
1762793184511 1.4881082773208618 6
1762793184604 0.5315016508102417 7
1762793184697 0.8159943222999573 8
1762793184792 0.4247276484966278 9
1762793184886 0.775057852268219 10
1762793184981 0.6945251822471619 11
1762793185074 0.8464415073394775 12
1762793185167 1.2830687761306763 13
1762793185258 0.5776288509368896 14
1762793185350 0.8490111231803894 15
1762793185441 0.8212800025939941 16
1762793185532 0.46880626678466797 17
1762793185622 0.34751516580581665 18
1762793185713 1.159963846206665 19
1762793185804 0.6856579780578613 20
1762793185893 0.525382399559021 21
1762793185983 0.3459199070930481 22
1762793186073 0.31302815675735474 23
1762793186165 0.7142468690872192 24
1762793186257 0.41701021790504456 25
1762793186348 0.33761921525001526 26
1762793186440 0.25337791442871094 27
1762793186532 0.47843244671821594 28
1762793186624 0.4998958110809326 29
1762793186714 0.2985546886920929 30
1762793186806 0.281270831823349 31
1762793186897 0.519771933555603 32
