1761838429630 1.8044826984405518 0
1761838429691 1.5653830766677856 1
1761838429751 1.4456137418746948 2
1761838429809 1.3799062967300415 3
1761838429870 1.2978250980377197 4
1761838429929 1.2233257293701172 5
1761838429988 1.1863635778427124 6
1761838430046 1.1526120901107788 7
1761838430105 1.1150873899459839 8
1761838430165 1.0739541053771973 9
1761838430223 1.0402661561965942 10
1761838430280 1.0117807388305664 11
1761838430339 0.9848601818084717 12
1761838430397 0.9669410586357117 13
1761838430456 0.9483203291893005 14
1761838430515 0.9219257235527039 15
1761838430574 0.9091648459434509 16
1761838430632 0.88999342918396 17
1761838430691 0.8704864382743835 18
1761838430750 0.8560742735862732 19
1761838430807 0.84271240234375 20
1761838430863 0.8250590562820435 21
1761838430918 0.8055093288421631 22
1761838430977 0.7866818904876709 23
1761838431034 0.7688173055648804 24
1761838431094 0.753648042678833 25
1761838431153 0.7370069026947021 26
1761838431212 0.7219542860984802 27
1761838431286 0.7075695991516113 28
1761838431349 0.6944302916526794 29
1761838431410 0.6824841499328613 30
1761838431471 0.6710245013237 31
1761838431530 0.6608631610870361 32
1761838431590 0.6487315893173218 33
1761838431649 0.6400194764137268 34
1761838431707 0.6302371025085449 35
1761838431766 0.6208446025848389 36
1761838431824 0.6107561588287354 37
1761838431883 0.6020113825798035 38
1761838431941 0.5931072235107422 39
1761838431999 0.584884762763977 40
1761838432058 0.5777701139450073 41
1761838432117 0.5701243877410889 42
1761838432176 0.5635556578636169 43
1761838432235 0.55729740858078 44
1761838432294 0.5505809187889099 45
1761838432354 0.5443928241729736 46
1761838432413 0.5382958054542542 47
1761838432472 0.5327537059783936 48
1761838432536 0.5267699956893921 49
1761838432598 0.5227306485176086 50
1761838432659 0.5172520279884338 51
1761838432725 0.512792706489563 52
1761838432788 0.508207380771637 53
1761838432848 0.5039602518081665 54
1761838432906 0.5003125071525574 55
1761838432965 0.49633607268333435 56
1761838433025 0.49265486001968384 57
1761838433085 0.48903176188468933 58
1761838433144 0.48484036326408386 59
1761838433204 0.48124420642852783 60
1761838433264 0.4773789644241333 61
1761838433323 0.4742329716682434 62
1761838433383 0.47061437368392944 63
1761838433438 0.46808186173439026 64
1761838433497 0.46462398767471313 65
1761838433557 0.4614883363246918 66
1761838433619 0.4589107632637024 67
1761838433678 0.4568465054035187 68
1761838433738 0.45394662022590637 69
1761838433797 0.45080670714378357 70
1761838433855 0.449382483959198 71
1761838433915 0.44723477959632874 72
1761838433974 0.4447171986103058 73
1761838434034 0.44213855266571045 74
1761838434090 0.44011005759239197 75
1761838434148 0.43726617097854614 76
1761838434207 0.4349430203437805 77
1761838434265 0.43280887603759766 78
1761838434326 0.43065449595451355 79
1761838434384 0.4288887679576874 80
1761838434445 0.4265041649341583 81
1761838434506 0.42463958263397217 82
1761838434567 0.4229693114757538 83
1761838434628 0.4206657409667969 84
1761838434688 0.4186939299106598 85
1761838434746 0.4167744815349579 86
1761838434807 0.41510647535324097 87
1761838434866 0.41367360949516296 88
1761838434933 0.41194429993629456 89
1761838435000 0.410300076007843 90
1761838435064 0.40893495082855225 91
1761838435133 0.4077814519405365 92
1761838435197 0.4063355028629303 93
1761838435259 0.40496525168418884 94
1761838435318 0.40342774987220764 95
1761838435376 0.40187928080558777 96
1761838435437 0.4006587266921997 97
1761838435495 0.39894160628318787 98
1761838435558 0.39788663387298584 99
1761838435617 0.39646992087364197 100
1761838435675 0.3953325152397156 101
1761838435735 0.3945651650428772 102
1761838435792 0.39333024621009827 103
1761838435851 0.39205867052078247 104
1761838435910 0.39115169644355774 105
1761838435969 0.39030513167381287 106
1761838436028 0.3889394700527191 107
1761838436092 0.38789185881614685 108
1761838436152 0.3867233693599701 109
1761838436212 0.38600385189056396 110
1761838436273 0.3849821090698242 111
1761838436333 0.3842967450618744 112
1761838436393 0.3835046589374542 113
1761838436450 0.38275429606437683 114
1761838436510 0.3816194534301758 115
1761838436569 0.3805173933506012 116
1761838436627 0.37952178716659546 117
1761838436699 0.37856006622314453 118
1761838436767 0.3776671290397644 119
1761838436831 0.37661415338516235 120
1761838436920 0.3757094144821167 121
1761838436985 0.3747181296348572 122
1761838437047 0.37438175082206726 123
1761838437109 0.37336465716362 124
1761838437171 0.37263962626457214 125
1761838437242 0.37184301018714905 126
1761838437312 0.37102848291397095 127
1761838437378 0.37023821473121643 128
1761838437441 0.3695738613605499 129
1761838437505 0.36891454458236694 130
1761838437568 0.3681389391422272 131
1761838437629 0.36762091517448425 132
1761838437688 0.3669176697731018 133
1761838437748 0.366382360458374 134
1761838437808 0.3655174672603607 135
1761838437868 0.365196168422699 136
1761838437928 0.3642900288105011 137
1761838437988 0.36352503299713135 138
1761838438049 0.3627350926399231 139
1761838438110 0.36230790615081787 140
1761838438169 0.36157935857772827 141
1761838438228 0.36110901832580566 142
1761838438287 0.36033156514167786 143
1761838438347 0.3598833680152893 144
1761838438407 0.35952070355415344 145
1761838438466 0.35895445942878723 146
1761838438526 0.3584250807762146 147
1761838438583 0.3578849732875824 148
1761838438643 0.3573691248893738 149
1761838438702 0.35668206214904785 150
1761838438765 0.35599374771118164 151
1761838438831 0.3551959693431854 152
1761838438898 0.3544174134731293 153
1761838438965 0.35379669070243835 154
1761838439031 0.35358795523643494 155
1761838439099 0.35321688652038574 156
1761838439163 0.3527672588825226 157
1761838439227 0.3525974154472351 158
1761838439294 0.35220107436180115 159
1761838439362 0.3523305058479309 160
1761838439425 0.3519233465194702 161
1761838439492 0.3511872887611389 162
1761838439553 0.35080018639564514 163
1761838439612 0.35030385851860046 164
1761838439700 0.34964320063591003 165
1761838439774 0.34907734394073486 166
1761838439849 0.34884291887283325 167
1761838439920 0.34837889671325684 168
1761838439987 0.3478204309940338 169
1761838440053 0.34709328413009644 170
1761838440119 0.3466339707374573 171
1761838440181 0.3465656638145447 172
1761838440257 0.34630346298217773 173
1761838440329 0.3459363877773285 174
1761838440395 0.3455912172794342 175
1761838440456 0.3453980088233948 176
1761838440517 0.34498733282089233 177
1761838440578 0.3448065519332886 178
1761838440643 0.3446233868598938 179
1761838440713 0.34412649273872375 180
1761838440801 0.3436926603317261 181
1761838440865 0.3432253897190094 182
1761838440928 0.34288111329078674 183
1761838440989 0.3424931466579437 184
1761838441052 0.3419044613838196 185
1761838441113 0.3412839472293854 186
1761838441173 0.3409513831138611 187
1761838441257 0.34047043323516846 188
1761838441336 0.340069979429245 189
1761838441403 0.3397238552570343 190
1761838441468 0.3391878306865692 191
1761838441531 0.3390689194202423 192
1761838441595 0.3388799726963043 193
1761838441658 0.3383885622024536 194
1761838441720 0.33802157640457153 195
1761838441784 0.3377700746059418 196
1761838441866 0.3377293348312378 197
1761838441939 0.3373836278915405 198
1761838442007 0.33686453104019165 199
1761838442079 0.3366701900959015 200
1761838442147 0.33622342348098755 201
1761838442213 0.3359135687351227 202
1761838442272 0.33563995361328125 203
1761838442338 0.3353836238384247 204
1761838442409 0.33514919877052307 205
1761838442484 0.3350748121738434 206
1761838442556 0.3347698450088501 207
1761838442630 0.33434876799583435 208
1761838442698 0.3339172899723053 209
1761838442770 0.3335244357585907 210
1761838442835 0.333408921957016 211
1761838442899 0.33307257294654846 212
1761838442965 0.33267274498939514 213
1761838443034 0.33213478326797485 214
1761838443112 0.3318442702293396 215
1761838443178 0.3315494954586029 216
1761838443246 0.3314955532550812 217
1761838443309 0.33126673102378845 218
1761838443371 0.33100178837776184 219
1761838443431 0.3306688070297241 220
1761838443496 0.33024218678474426 221
1761838443562 0.3300485908985138 222
1761838443626 0.3297562897205353 223
1761838443692 0.329409658908844 224
1761838443759 0.3292343318462372 225
1761838443822 0.3288607597351074 226
1761838443889 0.3285318911075592 227
1761838443961 0.32832539081573486 228
1761838444035 0.3278837502002716 229
1761838444103 0.327463299036026 230
1761838444167 0.3272857367992401 231
1761838444230 0.327047735452652 232
1761838444298 0.3268056809902191 233
1761838444363 0.32660573720932007 234
1761838444427 0.3264238238334656 235
1761838444487 0.3263089656829834 236
1761838444550 0.32596877217292786 237
1761838444610 0.32573482394218445 238
1761838444672 0.3255089223384857 239
1761838444734 0.32520779967308044 240
1761838444796 0.32512548565864563 241
1761838444859 0.3249397575855255 242
1761838444921 0.3247602581977844 243
1761838444984 0.3244251310825348 244
1761838445046 0.32416290044784546 245
1761838445107 0.32389724254608154 246
1761838445169 0.32366082072257996 247
1761838445233 0.32345932722091675 248
1761838445294 0.32330361008644104 249
1761838445354 0.3230166435241699 250
1761838445416 0.3227207064628601 251
1761838445474 0.32262229919433594 252
1761838445536 0.3223274052143097 253
1761838445595 0.322039395570755 254
1761838445656 0.3219221830368042 255
1761838445716 0.32156506180763245 256
1761838445776 0.3212870657444 257
1761838445835 0.3211151659488678 258
1761838445896 0.3208010196685791 259
1761838445956 0.32065266370773315 260
1761838446015 0.3204280436038971 261
1761838446074 0.320205956697464 262
1761838446135 0.32003751397132874 263
1761838446195 0.31989526748657227 264
1761838446257 0.31978291273117065 265
1761838446316 0.3195239305496216 266
1761838446375 0.3195267915725708 267
1761838446437 0.31932923197746277 268
1761838446497 0.31905820965766907 269
1761838446556 0.31889063119888306 270
1761838446616 0.31873342394828796 271
1761838446676 0.3186156153678894 272
1761838446738 0.318564772605896 273
1761838446798 0.318379670381546 274
1761838446857 0.318134605884552 275
1761838446917 0.3179556131362915 276
1761838446977 0.3178277015686035 277
1761838447040 0.317618727684021 278
1761838447106 0.3175090253353119 279
1761838447170 0.317291796207428 280
1761838447235 0.3171180784702301 281
1761838447295 0.3169615566730499 282
1761838447359 0.31684327125549316 283
1761838447422 0.3168194890022278 284
1761838447485 0.3166557848453522 285
1761838447566 0.3165441155433655 286
1761838447630 0.3163630962371826 287
1761838447695 0.3162909150123596 288
1761838447757 0.31614547967910767 289
1761838447824 0.3159380555152893 290
1761838447889 0.3158913254737854 291
1761838447955 0.3158547878265381 292
1761838448023 0.3154958188533783 293
1761838448091 0.3153969645500183 294
1761838448159 0.3154156804084778 295
1761838448226 0.3151690363883972 296
1761838448298 0.3149944841861725 297
1761838448362 0.31501898169517517 298
1761838448438 0.3149297535419464 299
1761838448514 0.31489816308021545 300
1761838448581 0.3148447275161743 301
1761838448647 0.3147520422935486 302
1761838448713 0.31469106674194336 303
1761838448785 0.31479012966156006 304
1761838448852 0.31455209851264954 305
1761838448917 0.31443214416503906 306
1761838448981 0.31429651379585266 307
1761838449043 0.31424129009246826 308
1761838449104 0.3141610622406006 309
1761838449165 0.31425002217292786 310
1761838449227 0.31420907378196716 311
1761838449290 0.3141006529331207 312
1761838449351 0.31397294998168945 313
1761838449414 0.31390729546546936 314
1761838449474 0.31375762820243835 315
1761838449535 0.3136128783226013 316
1761838449595 0.31350263953208923 317
1761838449656 0.31333082914352417 318
1761838449717 0.31314700841903687 319
1761838449779 0.31296661496162415 320
1761838449841 0.3129749596118927 321
1761838449900 0.31280624866485596 322
1761838449959 0.312740296125412 323
1761838450021 0.31253957748413086 324
1761838450082 0.31235578656196594 325
1761838450161 0.3120878338813782 326
1761838450228 0.31194666028022766 327
1761838450292 0.3117387294769287 328
1761838450356 0.311684250831604 329
1761838450419 0.31150975823402405 330
1761838450483 0.31136035919189453 331
1761838450544 0.3112008571624756 332
1761838450606 0.3110620081424713 333
1761838450668 0.3109246790409088 334
1761838450732 0.31078410148620605 335
1761838450803 0.3107036352157593 336
1761838450870 0.3105623126029968 337
1761838450933 0.31053343415260315 338
1761838451004 0.3104187250137329 339
1761838451071 0.31024178862571716 340
1761838451139 0.3100697994232178 341
1761838451205 0.3099835515022278 342
1761838451270 0.3098286986351013 343
1761838451336 0.309713214635849 344
1761838451402 0.3094615042209625 345
1761838451465 0.30940377712249756 346
1761838451528 0.30926981568336487 347
1761838451596 0.30910438299179077 348
1761838451661 0.30904707312583923 349
1761838451727 0.30893588066101074 350
1761838451790 0.30884435772895813 351
1761838451852 0.308580219745636 352
1761838451913 0.30850398540496826 353
1761838451980 0.3082532286643982 354
1761838452045 0.3081202208995819 355
1761838452111 0.30797824263572693 356
1761838452172 0.307866632938385 357
1761838452243 0.3076568841934204 358
1761838452312 0.30751946568489075 359
1761838452377 0.30737876892089844 360
1761838452450 0.3071882128715515 361
1761838452519 0.3069516718387604 362
1761838452585 0.30678004026412964 363
1761838452651 0.3065737783908844 364
1761838452716 0.3064729869365692 365
1761838452782 0.30645668506622314 366
1761838452847 0.3064115643501282 367
1761838452911 0.3063288927078247 368
1761838452978 0.30625054240226746 369
1761838453046 0.3060970604419708 370
1761838453114 0.306086003780365 371
1761838453186 0.30599188804626465 372
1761838453255 0.3058757483959198 373
1761838453322 0.30571088194847107 374
1761838453387 0.30553576350212097 375
1761838453452 0.30546319484710693 376
1761838453518 0.3053310513496399 377
1761838453592 0.3052789866924286 378
1761838453665 0.3052656054496765 379
1761838453737 0.30521172285079956 380
1761838453809 0.30529478192329407 381
1761838453878 0.3051205277442932 382
1761838453944 0.3049567937850952 383
1761838454016 0.304784893989563 384
1761838454088 0.3046390414237976 385
1761838454157 0.3044417202472687 386
1761838454223 0.304307758808136 387
1761838454287 0.3042854070663452 388
1761838454348 0.30414915084838867 389
1761838454414 0.30409151315689087 390
1761838454476 0.3040131628513336 391
1761838454537 0.303911954164505 392
1761838454601 0.30377545952796936 393
1761838454692 0.3035624623298645 394
1761838454760 0.3035116195678711 395
1761838454826 0.30342617630958557 396
1761838454892 0.3033614754676819 397
1761838454958 0.30325332283973694 398
1761838455021 0.3031747341156006 399
1761838455084 0.3031580448150635 400
