1761838429630 2.2454030513763428 0
1761838429691 0.7300939559936523 1
1761838429751 1.2420011758804321 2
1761838429809 1.5410605669021606 3
1761838429870 0.7949236035346985 4
1761838429929 0.8472140431404114 5
1761838429988 0.514951765537262 6
1761838430046 1.1713902950286865 7
1761838430105 1.4865199327468872 8
1761838430165 0.4547506272792816 9
1761838430223 0.2064763903617859 10
1761838430280 0.6482564806938171 11
1761838430339 0.44836676120758057 12
1761838430397 0.771928071975708 13
1761838430456 0.3085578382015228 14
1761838430515 0.906607985496521 15
1761838430574 1.4006011486053467 16
1761838430632 1.0667871236801147 17
1761838430691 0.4345201253890991 18
1761838430750 0.5146953463554382 19
1761838430807 1.1055865287780762 20
1761838430863 2.0680012702941895 21
1761838430918 0.27763184905052185 22
1761838430977 0.3501535654067993 23
1761838431034 0.31326112151145935 24
1761838431094 1.2179957628250122 25
1761838431153 0.8544489145278931 26
1761838431212 0.23991696536540985 27
1761838431286 0.5987511873245239 28
1761838431349 0.5093966126441956 29
1761838431410 0.25455182790756226 30
1761838431471 0.1316501498222351 31
1761838431530 0.6333096027374268 32
1761838431590 0.3721179962158203 33
1761838431649 1.446316123008728 34
1761838431707 0.20012567937374115 35
1761838431766 0.8367191553115845 36
1761838431824 0.7804362177848816 37
1761838431883 0.4822133779525757 38
1761838431941 0.6203730702400208 39
1761838431999 0.36548513174057007 40
1761838432058 1.165703296661377 41
1761838432117 0.7122064828872681 42
1761838432176 0.08307614922523499 43
1761838432235 0.5930737257003784 44
1761838432294 0.33814379572868347 45
1761838432354 0.09666591137647629 46
1761838432413 0.3521833121776581 47
1761838432472 0.7381781339645386 48
1761838432536 0.42220538854599 49
1761838432598 1.443445086479187 50
1761838432659 0.0978645607829094 51
1761838432725 0.23751787841320038 52
1761838432788 0.313120037317276 53
1761838432848 0.2242693305015564 54
1761838432906 0.6938319802284241 55
1761838432965 0.5772224068641663 56
1761838433025 0.49832043051719666 57
1761838433085 0.12776581943035126 58
1761838433144 0.21206142008304596 59
1761838433204 0.7743233442306519 60
1761838433264 0.2759799063205719 61
1761838433323 0.8794289231300354 62
1761838433383 0.6036192178726196 63
1761838433438 0.1240013986825943 64
1761838433497 0.048564061522483826 65
1761838433557 1.465867280960083 66
1761838433619 1.538081169128418 67
1761838433678 0.7497599720954895 68
1761838433738 0.7983176708221436 69
1761838433797 0.8637856245040894 70
1761838433855 1.3633556365966797 71
1761838433915 0.061697691679000854 72
1761838433974 0.205760195851326 73
1761838434034 0.2874060869216919 74
1761838434090 0.5016223192214966 75
1761838434148 0.40036725997924805 76
1761838434207 0.03403026610612869 77
1761838434265 0.5017403364181519 78
1761838434326 0.3046802580356598 79
1761838434384 0.2827746570110321 80
1761838434445 0.17589254677295685 81
1761838434506 0.22577138245105743 82
1761838434567 0.4725590944290161 83
1761838434628 0.20291447639465332 84
1761838434688 0.9781421422958374 85
1761838434746 0.35289984941482544 86
1761838434807 0.526007354259491 87
1761838434866 0.15122434496879578 88
1761838434933 1.288906455039978 89
1761838435000 0.2611123323440552 90
1761838435064 0.13756582140922546 91
1761838435133 0.6092292666435242 92
1761838435197 0.5767195224761963 93
1761838435259 0.4137658476829529 94
1761838435318 0.33582571148872375 95
1761838435376 0.2703423798084259 96
1761838435437 0.211356520652771 97
1761838435495 0.20707975327968597 98
1761838435558 1.3894597291946411 99
1761838435617 0.6695518493652344 100
1761838435675 0.41179603338241577 101
1761838435735 0.7650248408317566 102
1761838435792 0.10923509299755096 103
1761838435851 0.27613574266433716 104
1761838435910 0.6369419097900391 105
1761838435969 0.251833438873291 106
1761838436028 0.29098793864250183 107
1761838436092 0.2148696482181549 108
1761838436152 0.6818962693214417 109
1761838436212 0.9991350173950195 110
1761838436273 0.775079607963562 111
1761838436333 0.27858301997184753 112
1761838436393 1.1521825790405273 113
1761838436450 1.0290271043777466 114
1761838436510 0.7180209159851074 115
1761838436569 0.9357638359069824 116
1761838436627 0.9769166111946106 117
1761838436699 0.4156472682952881 118
1761838436767 0.06773484498262405 119
1761838436831 0.28423216938972473 120
1761838436920 0.06699511408805847 121
1761838436985 0.19248078763484955 122
1761838437047 0.8696917295455933 123
1761838437109 0.7818785905838013 124
1761838437171 1.7383756637573242 125
1761838437242 0.8318836688995361 126
1761838437312 0.17263998091220856 127
1761838437378 0.16562360525131226 128
1761838437441 1.7673125267028809 129
1761838437505 0.5365208983421326 130
1761838437568 0.3663053512573242 131
1761838437629 1.5506606101989746 132
1761838437688 0.15785826742649078 133
1761838437748 1.408785343170166 134
1761838437808 0.5943975448608398 135
1761838437868 1.3296273946762085 136
1761838437928 0.7208293080329895 137
1761838437988 0.4080217182636261 138
1761838438049 0.26640257239341736 139
1761838438110 0.19599470496177673 140
1761838438169 0.4152085781097412 141
1761838438228 0.725753903388977 142
1761838438287 0.9406605362892151 143
1761838438347 0.5949900150299072 144
1761838438407 0.06043079495429993 145
1761838438466 0.3987188935279846 146
1761838438526 0.28525251150131226 147
1761838438583 0.0538429319858551 148
1761838438643 0.16445134580135345 149
1761838438702 0.0436304435133934 150
1761838438765 0.4553336501121521 151
1761838438831 0.06898970901966095 152
1761838438898 0.27720075845718384 153
1761838438965 0.08450373262166977 154
1761838439031 0.35688698291778564 155
1761838439099 0.8405684232711792 156
1761838439163 0.5563759207725525 157
1761838439227 1.0957536697387695 158
1761838439294 0.6834486722946167 159
1761838439362 0.8403012752532959 160
1761838439425 0.6426260471343994 161
1761838439492 0.09738130867481232 162
1761838439553 0.0681198388338089 163
1761838439612 0.14851926267147064 164
1761838439700 0.25266557931900024 165
1761838439774 0.10091610252857208 166
1761838439849 1.3217815160751343 167
1761838439920 0.2808816432952881 168
1761838439987 0.18057116866111755 169
1761838440053 0.20061397552490234 170
1761838440119 0.05386835336685181 171
1761838440181 0.488466739654541 172
1761838440257 0.07260899245738983 173
1761838440329 0.055327318608760834 174
1761838440395 0.34758052229881287 175
1761838440456 0.2781316936016083 176
1761838440517 0.44825735688209534 177
1761838440578 1.8885571956634521 178
1761838440643 0.6050430536270142 179
1761838440713 0.6042108535766602 180
1761838440801 0.5174773335456848 181
1761838440865 0.9267503023147583 182
1761838440928 0.37605902552604675 183
1761838440989 0.2512287497520447 184
1761838441052 0.07939621061086655 185
1761838441113 0.044038377702236176 186
1761838441173 0.2913522720336914 187
1761838441257 0.07060803472995758 188
1761838441336 0.6573178768157959 189
1761838441403 1.1415389776229858 190
1761838441468 0.29519766569137573 191
1761838441531 0.18178249895572662 192
1761838441595 0.25655874609947205 193
1761838441658 0.2330700308084488 194
1761838441720 0.2302645444869995 195
1761838441784 0.6312493085861206 196
1761838441866 0.8010092973709106 197
1761838441939 0.1898394078016281 198
1761838442007 0.1759231984615326 199
1761838442079 0.42360249161720276 200
1761838442147 0.5413809418678284 201
1761838442213 0.12083476781845093 202
1761838442272 0.0682782307267189 203
1761838442338 0.1465594619512558 204
1761838442409 1.04732084274292 205
1761838442484 0.38875460624694824 206
1761838442556 0.14758335053920746 207
1761838442630 0.5205919742584229 208
1761838442698 0.24910394847393036 209
1761838442770 0.14342465996742249 210
1761838442835 0.9606356024742126 211
1761838442899 0.08645405620336533 212
1761838442965 0.19287167489528656 213
1761838443034 0.07833702862262726 214
1761838443112 0.22452926635742188 215
1761838443178 0.09764239937067032 216
1761838443246 0.3896438777446747 217
1761838443309 0.3662664294242859 218
1761838443371 0.9018617868423462 219
1761838443431 0.701850950717926 220
1761838443496 0.4044877290725708 221
1761838443562 0.9039686918258667 222
1761838443626 0.07804498821496964 223
1761838443692 0.44698813557624817 224
1761838443759 0.13394629955291748 225
1761838443822 0.3562435209751129 226
1761838443889 0.05196596682071686 227
1761838443961 0.11367295682430267 228
1761838444035 0.5716214776039124 229
1761838444103 0.5969476699829102 230
1761838444167 0.36415377259254456 231
1761838444230 0.2699083983898163 232
1761838444298 0.7024240493774414 233
1761838444363 0.3596145808696747 234
1761838444427 0.757595419883728 235
1761838444487 0.829887866973877 236
1761838444550 0.44818252325057983 237
1761838444610 0.30497223138809204 238
1761838444672 0.42898452281951904 239
1761838444734 0.10378599166870117 240
1761838444796 1.5527334213256836 241
1761838444859 0.3219963014125824 242
1761838444921 1.1686382293701172 243
1761838444984 0.10976863652467728 244
1761838445046 0.2976524233818054 245
1761838445107 1.156324028968811 246
1761838445169 0.5074480772018433 247
1761838445233 0.5282847285270691 248
1761838445294 1.8204786777496338 249
1761838445354 0.6447809934616089 250
1761838445416 0.3978656530380249 251
1761838445474 0.1318482607603073 252
1761838445536 0.12828809022903442 253
1761838445595 1.052425503730774 254
1761838445656 0.036726027727127075 255
1761838445716 0.6221628189086914 256
1761838445776 0.05188016593456268 257
1761838445835 1.5249114036560059 258
1761838445896 0.43519127368927 259
1761838445956 0.17160382866859436 260
1761838446015 0.6116641759872437 261
1761838446074 0.11944884806871414 262
1761838446135 0.24434944987297058 263
1761838446195 0.9134071469306946 264
1761838446257 1.0561236143112183 265
1761838446316 0.7045938372612 266
1761838446375 0.37680989503860474 267
1761838446437 0.5821077227592468 268
1761838446497 0.9345707893371582 269
1761838446556 0.23041921854019165 270
1761838446616 0.9422056674957275 271
1761838446676 0.3239116668701172 272
1761838446738 0.36915069818496704 273
1761838446798 1.2806650400161743 274
1761838446857 0.31091082096099854 275
1761838446917 0.5120660066604614 276
1761838446977 0.4541168808937073 277
1761838447040 0.3533918857574463 278
1761838447106 0.3567085862159729 279
1761838447170 0.09468282759189606 280
1761838447235 0.0920502096414566 281
1761838447295 0.21985779702663422 282
1761838447359 1.5261133909225464 283
1761838447422 0.040729228407144547 284
1761838447485 0.17140842974185944 285
1761838447566 1.0571527481079102 286
1761838447630 0.6200799345970154 287
1761838447695 0.10381166636943817 288
1761838447757 0.20629359781742096 289
1761838447824 0.8773689866065979 290
1761838447889 0.7943813800811768 291
1761838447955 0.618131160736084 292
1761838448023 0.006911994889378548 293
1761838448091 0.4563249349594116 294
1761838448159 1.7196769714355469 295
1761838448226 0.07914799451828003 296
1761838448298 1.1133819818496704 297
1761838448362 2.8046376705169678 298
1761838448438 0.7450040578842163 299
1761838448514 0.7301175594329834 300
1761838448581 0.22348986566066742 301
1761838448647 1.6385736465454102 302
1761838448713 0.15785294771194458 303
1761838448785 0.910260796546936 304
1761838448852 0.09617920219898224 305
1761838448917 0.05010567232966423 306
1761838448981 0.18693335354328156 307
1761838449043 0.4825821816921234 308
1761838449104 0.33758267760276794 309
1761838449165 2.0261709690093994 310
1761838449227 0.41170811653137207 311
1761838449290 0.6295722723007202 312
1761838449351 0.39445796608924866 313
1761838449414 0.04725189134478569 314
1761838449474 0.35520750284194946 315
1761838449535 0.7709400653839111 316
1761838449595 0.11633387207984924 317
1761838449656 0.9270824193954468 318
1761838449717 0.6130561232566833 319
1761838449779 0.6266098022460938 320
1761838449841 0.6752678155899048 321
1761838449900 0.13447976112365723 322
1761838449959 0.3699350655078888 323
1761838450021 0.463013619184494 324
1761838450082 0.43446171283721924 325
1761838450161 0.06632564961910248 326
1761838450228 0.1555527150630951 327
1761838450292 0.46456271409988403 328
1761838450356 1.1580448150634766 329
1761838450419 0.28273436427116394 330
1761838450483 0.6200743913650513 331
1761838450544 0.23100724816322327 332
1761838450606 0.5205716490745544 333
1761838450668 0.677647590637207 334
1761838450732 0.37952500581741333 335
1761838450803 0.6786138415336609 336
1761838450870 0.18153925240039825 337
1761838450933 0.1533108353614807 338
1761838451004 0.42566588521003723 339
1761838451071 0.0858936607837677 340
1761838451139 0.439681738615036 341
1761838451205 0.37232646346092224 342
1761838451270 0.6110960841178894 343
1761838451336 1.2723219394683838 344
1761838451402 0.2886933982372284 345
1761838451465 0.5093419551849365 346
1761838451528 0.3815016746520996 347
1761838451596 0.14527669548988342 348
1761838451661 0.417012095451355 349
1761838451727 1.1743834018707275 350
1761838451790 0.2866085469722748 351
1761838451852 0.2579970955848694 352
1761838451913 0.7232567071914673 353
1761838451980 0.15662574768066406 354
1761838452045 0.7930541634559631 355
1761838452111 0.9548771977424622 356
1761838452172 1.1823099851608276 357
1761838452243 0.13142624497413635 358
1761838452312 0.12613865733146667 359
1761838452377 0.49638742208480835 360
1761838452450 0.47020670771598816 361
1761838452519 0.305907666683197 362
1761838452585 0.3491385877132416 363
1761838452651 0.8216040134429932 364
1761838452716 0.5761469006538391 365
1761838452782 0.6455975770950317 366
1761838452847 1.518157958984375 367
1761838452911 0.7198470234870911 368
1761838452978 0.1795353889465332 369
1761838453046 0.09145145118236542 370
1761838453114 2.341463804244995 371
1761838453186 0.36859434843063354 372
1761838453255 0.4463035464286804 373
1761838453322 0.5915986895561218 374
1761838453387 0.23715826869010925 375
1761838453452 1.1782094240188599 376
1761838453518 0.28065258264541626 377
1761838453592 0.41015374660491943 378
1761838453665 0.5094102025032043 379
1761838453737 0.19735953211784363 380
1761838453809 0.7858492136001587 381
1761838453878 0.028822552412748337 382
1761838453944 0.11028477549552917 383
1761838454016 0.20949289202690125 384
1761838454088 0.6652699112892151 385
1761838454157 0.5337400436401367 386
1761838454223 0.06449087709188461 387
1761838454287 0.9778181314468384 388
1761838454348 0.09998726844787598 389
1761838454414 0.17856267094612122 390
1761838454476 0.06412385404109955 391
1761838454537 0.6891796588897705 392
1761838454601 0.406488299369812 393
1761838454692 0.17173361778259277 394
1761838454760 0.4638786017894745 395
1761838454826 1.1155335903167725 396
1761838454892 1.3350319862365723 397
1761838454958 0.2000497430562973 398
1761838455021 0.19273926317691803 399
1761838455084 0.5164828300476074 400
