1761838296510 1.8360013961791992 0
1761838296567 1.5456814765930176 1
1761838296621 1.4298768043518066 2
1761838296677 1.3552805185317993 3
1761838296734 1.299504041671753 4
1761838296788 1.2589998245239258 5
1761838296840 1.214292049407959 6
1761838296890 1.1647772789001465 7
1761838296942 1.1242642402648926 8
1761838296995 1.0875673294067383 9
1761838297050 1.0677568912506104 10
1761838297104 1.042577862739563 11
1761838297155 1.0208983421325684 12
1761838297209 0.9972580075263977 13
1761838297263 0.9794129729270935 14
1761838297315 0.9577010273933411 15
1761838297368 0.9355394244194031 16
1761838297419 0.9162847399711609 17
1761838297470 0.9006689190864563 18
1761838297521 0.8874893188476562 19
1761838297572 0.8743073344230652 20
1761838297624 0.8603312373161316 21
1761838297674 0.8472472429275513 22
1761838297723 0.8359202146530151 23
1761838297773 0.8245809078216553 24
1761838297825 0.8148109912872314 25
1761838297877 0.8056025505065918 26
1761838297928 0.7959345579147339 27
1761838297978 0.7896823287010193 28
1761838298031 0.7811659574508667 29
1761838298083 0.7729276418685913 30
1761838298135 0.7626670002937317 31
1761838298188 0.7558386325836182 32
1761838298240 0.7452869415283203 33
1761838298294 0.7345789670944214 34
1761838298346 0.725680947303772 35
1761838298397 0.7161582112312317 36
1761838298449 0.7061941027641296 37
1761838298509 0.6970126032829285 38
1761838298565 0.6882410049438477 39
1761838298619 0.6801443099975586 40
1761838298671 0.6719032526016235 41
1761838298724 0.6654296517372131 42
1761838298775 0.6578615307807922 43
1761838298827 0.6502256989479065 44
1761838298878 0.642641544342041 45
1761838298929 0.6357868313789368 46
1761838298980 0.6289339065551758 47
1761838299034 0.6222374439239502 48
1761838299089 0.6154481172561646 49
1761838299141 0.6091704368591309 50
1761838299195 0.6030468940734863 51
1761838299249 0.5971113443374634 52
1761838299301 0.5915522575378418 53
1761838299354 0.5863662958145142 54
1761838299410 0.5812270641326904 55
1761838299466 0.5752993226051331 56
1761838299522 0.5705181360244751 57
1761838299575 0.5659216642379761 58
1761838299626 0.561215877532959 59
1761838299679 0.556581437587738 60
1761838299730 0.5525034666061401 61
1761838299780 0.549024760723114 62
1761838299832 0.5449334383010864 63
1761838299883 0.5412353873252869 64
1761838299934 0.5378644466400146 65
1761838299985 0.5342941284179688 66
1761838300037 0.5306767225265503 67
1761838300090 0.5267235040664673 68
1761838300143 0.5235269069671631 69
1761838300196 0.5197324752807617 70
1761838300250 0.516345739364624 71
1761838300305 0.5131251811981201 72
1761838300357 0.5098451375961304 73
1761838300410 0.5071319341659546 74
1761838300461 0.5043964982032776 75
1761838300513 0.5014601945877075 76
1761838300564 0.49815604090690613 77
1761838300614 0.49540960788726807 78
1761838300667 0.49317628145217896 79
1761838300718 0.490922212600708 80
1761838300769 0.4884321093559265 81
1761838300820 0.48545169830322266 82
1761838300872 0.4829626679420471 83
1761838300923 0.48117077350616455 84
1761838300982 0.4787837862968445 85
1761838301040 0.47659769654273987 86
1761838301095 0.47469502687454224 87
1761838301148 0.4724571406841278 88
1761838301200 0.47062405943870544 89
1761838301254 0.4682675004005432 90
1761838301306 0.4658965766429901 91
1761838301358 0.4643048048019409 92
1761838301410 0.4630594253540039 93
1761838301464 0.4607853889465332 94
1761838301518 0.45901617407798767 95
1761838301571 0.4572105407714844 96
1761838301629 0.45558515191078186 97
1761838301690 0.4542258679866791 98
1761838301747 0.4531359076499939 99
1761838301803 0.45158761739730835 100
1761838301856 0.45015478134155273 101
1761838301909 0.4487573504447937 102
1761838301961 0.44721537828445435 103
1761838302012 0.44573187828063965 104
1761838302065 0.44422727823257446 105
1761838302121 0.44329124689102173 106
1761838302176 0.44170254468917847 107
1761838302229 0.4401944577693939 108
1761838302281 0.43885332345962524 109
1761838302341 0.4377443790435791 110
1761838302400 0.43624138832092285 111
1761838302457 0.43465450406074524 112
1761838302513 0.4333893358707428 113
1761838302568 0.43228331208229065 114
1761838302621 0.43122488260269165 115
1761838302674 0.4298078417778015 116
1761838302727 0.42891761660575867 117
1761838302780 0.4275151789188385 118
1761838302833 0.4264945089817047 119
1761838302885 0.4252184331417084 120
1761838302938 0.4241633117198944 121
1761838302989 0.4229010045528412 122
1761838303042 0.42204809188842773 123
1761838303095 0.420760840177536 124
1761838303148 0.4200175404548645 125
1761838303200 0.4189762473106384 126
1761838303255 0.4178182780742645 127
1761838303309 0.4164847433567047 128
1761838303362 0.4154411554336548 129
1761838303416 0.41465356945991516 130
1761838303469 0.4140583276748657 131
1761838303523 0.4129885137081146 132
1761838303578 0.4117552936077118 133
1761838303632 0.4106093645095825 134
1761838303686 0.4097280502319336 135
1761838303738 0.4087921380996704 136
1761838303791 0.40794479846954346 137
1761838303844 0.40703341364860535 138
1761838303895 0.40606391429901123 139
1761838303947 0.4050353169441223 140
1761838303998 0.40393030643463135 141
1761838304051 0.40287256240844727 142
1761838304105 0.4020763337612152 143
1761838304159 0.40137791633605957 144
1761838304212 0.4008426368236542 145
1761838304266 0.3999197483062744 146
1761838304319 0.3990771472454071 147
1761838304373 0.3982863128185272 148
1761838304425 0.3976125121116638 149
1761838304478 0.39672595262527466 150
1761838304530 0.3961084485054016 151
1761838304582 0.3953734040260315 152
1761838304636 0.394568532705307 153
1761838304687 0.39418718218803406 154
1761838304741 0.3934922516345978 155
1761838304794 0.39289388060569763 156
1761838304846 0.39222678542137146 157
1761838304899 0.391574501991272 158
1761838304951 0.3908948004245758 159
1761838305002 0.39003080129623413 160
1761838305054 0.38931554555892944 161
1761838305108 0.38868454098701477 162
1761838305161 0.3879980146884918 163
1761838305214 0.3873692452907562 164
1761838305268 0.3865809738636017 165
1761838305322 0.3859858810901642 166
1761838305374 0.38547804951667786 167
1761838305427 0.38477614521980286 168
1761838305479 0.38413652777671814 169
1761838305531 0.3834836184978485 170
1761838305585 0.38294950127601624 171
1761838305637 0.3823929727077484 172
1761838305689 0.3816634714603424 173
1761838305742 0.3811666667461395 174
1761838305794 0.38070425391197205 175
1761838305847 0.38014787435531616 176
1761838305902 0.379670113325119 177
1761838305956 0.3792493939399719 178
1761838306008 0.3785988390445709 179
1761838306062 0.378298282623291 180
1761838306115 0.37792906165122986 181
1761838306169 0.3776277005672455 182
1761838306222 0.37731122970581055 183
1761838306277 0.3770206570625305 184
1761838306330 0.3764876425266266 185
1761838306384 0.3761446475982666 186
1761838306436 0.3757558763027191 187
1761838306488 0.37547191977500916 188
1761838306543 0.3749494254589081 189
1761838306595 0.37459030747413635 190
1761838306649 0.3741902709007263 191
1761838306702 0.3736621141433716 192
1761838306756 0.37327006459236145 193
1761838306810 0.37276193499565125 194
1761838306862 0.3723667562007904 195
1761838306917 0.37185975909233093 196
1761838306972 0.3716277778148651 197
1761838307026 0.37108683586120605 198
1761838307080 0.37062519788742065 199
1761838307134 0.37030965089797974 200
1761838307190 0.3700302839279175 201
1761838307246 0.36961427330970764 202
1761838307300 0.3689035475254059 203
1761838307357 0.3684840500354767 204
1761838307414 0.3681144714355469 205
1761838307469 0.3676338195800781 206
1761838307524 0.36728227138519287 207
1761838307577 0.3667643368244171 208
1761838307631 0.3664422333240509 209
1761838307683 0.36602675914764404 210
1761838307737 0.36558759212493896 211
1761838307790 0.3653077483177185 212
1761838307843 0.36497798562049866 213
1761838307895 0.3644735813140869 214
1761838307949 0.36397820711135864 215
1761838308001 0.36365967988967896 216
1761838308054 0.3632200360298157 217
1761838308108 0.3627281188964844 218
1761838308162 0.3623751401901245 219
1761838308215 0.3620838224887848 220
1761838308269 0.36178460717201233 221
1761838308322 0.3614857494831085 222
1761838308375 0.36120033264160156 223
1761838308429 0.36090266704559326 224
1761838308482 0.36072754859924316 225
1761838308535 0.36040353775024414 226
1761838308590 0.3600454032421112 227
1761838308645 0.359659343957901 228
1761838308699 0.35930266976356506 229
1761838308754 0.35896947979927063 230
1761838308807 0.3586546778678894 231
1761838308862 0.3583005964756012 232
1761838308917 0.358143150806427 233
1761838308971 0.35781019926071167 234
1761838309024 0.35763707756996155 235
1761838309078 0.3574349284172058 236
1761838309132 0.3571133613586426 237
1761838309185 0.35682064294815063 238
1761838309241 0.3565680682659149 239
1761838309296 0.3562523424625397 240
1761838309350 0.3561643362045288 241
1761838309403 0.3557963967323303 242
1761838309457 0.3556690812110901 243
1761838309509 0.3553377389907837 244
1761838309563 0.3549862205982208 245
1761838309617 0.3547396957874298 246
1761838309670 0.35450202226638794 247
1761838309724 0.3540952503681183 248
1761838309778 0.35390377044677734 249
1761838309832 0.3536117672920227 250
1761838309887 0.3533700406551361 251
1761838309941 0.35315901041030884 252
1761838309996 0.35303428769111633 253
1761838310050 0.35296010971069336 254
1761838310105 0.35262224078178406 255
1761838310160 0.3523416221141815 256
1761838310215 0.35214555263519287 257
1761838310270 0.3517799377441406 258
1761838310324 0.35156285762786865 259
1761838310379 0.35130780935287476 260
1761838310434 0.35128292441368103 261
1761838310488 0.3510812520980835 262
1761838310542 0.3509691655635834 263
1761838310597 0.35067084431648254 264
1761838310651 0.35063672065734863 265
1761838310704 0.3503398597240448 266
1761838310759 0.3501448333263397 267
1761838310813 0.35003429651260376 268
1761838310868 0.349791944026947 269
1761838310921 0.34949129819869995 270
1761838310977 0.34939467906951904 271
1761838311035 0.3492673933506012 272
1761838311090 0.34910210967063904 273
1761838311144 0.34896203875541687 274
1761838311200 0.34876549243927 275
1761838311260 0.34866535663604736 276
1761838311320 0.3486522436141968 277
1761838311378 0.34850507974624634 278
1761838311434 0.3483489155769348 279
1761838311490 0.34811875224113464 280
1761838311546 0.3478466272354126 281
1761838311601 0.347780704498291 282
1761838311656 0.3475147783756256 283
1761838311712 0.34737640619277954 284
1761838311768 0.34705543518066406 285
1761838311823 0.3467618227005005 286
1761838311879 0.3466232120990753 287
1761838311934 0.3464260399341583 288
1761838311989 0.3464190661907196 289
1761838312047 0.34619277715682983 290
1761838312103 0.3460296094417572 291
1761838312159 0.34579259157180786 292
1761838312219 0.3454371392726898 293
1761838312273 0.3451686203479767 294
1761838312328 0.34499287605285645 295
1761838312383 0.34494802355766296 296
1761838312438 0.3447440564632416 297
1761838312493 0.34458765387535095 298
1761838312551 0.34428805112838745 299
1761838312607 0.34404340386390686 300
1761838312665 0.3436754047870636 301
1761838312721 0.34346961975097656 302
1761838312777 0.3432629406452179 303
1761838312833 0.34303826093673706 304
1761838312890 0.34274405241012573 305
1761838312948 0.34248191118240356 306
1761838313004 0.3424060344696045 307
1761838313061 0.3422459363937378 308
1761838313118 0.3422289192676544 309
1761838313174 0.3421493172645569 310
1761838313229 0.3418790400028229 311
1761838313283 0.34179258346557617 312
1761838313338 0.341586172580719 313
1761838313392 0.34149694442749023 314
1761838313447 0.34126415848731995 315
1761838313502 0.3409418761730194 316
1761838313558 0.3405943512916565 317
1761838313612 0.3403046429157257 318
1761838313667 0.3403037488460541 319
1761838313737 0.34003886580467224 320
1761838313797 0.33984535932540894 321
1761838313854 0.33971500396728516 322
1761838313912 0.3395715355873108 323
1761838313969 0.3393832743167877 324
1761838314026 0.33918386697769165 325
1761838314081 0.33906251192092896 326
1761838314145 0.3389299511909485 327
1761838314209 0.3386721909046173 328
1761838314271 0.3384966552257538 329
1761838314335 0.3383539915084839 330
1761838314394 0.33811596035957336 331
1761838314455 0.33796679973602295 332
1761838314512 0.33779922127723694 333
1761838314567 0.33764731884002686 334
1761838314622 0.3374236822128296 335
1761838314702 0.3374573290348053 336
1761838314772 0.3373977839946747 337
1761838314834 0.3373211622238159 338
1761838314897 0.33716583251953125 339
1761838314959 0.33700796961784363 340
1761838315022 0.3368438482284546 341
1761838315085 0.3366732597351074 342
1761838315149 0.33655068278312683 343
1761838315222 0.3363514840602875 344
1761838315298 0.3361920416355133 345
1761838315394 0.3361618220806122 346
1761838315460 0.3359227180480957 347
1761838315521 0.3356803357601166 348
1761838315582 0.33548182249069214 349
1761838315641 0.3353513181209564 350
1761838315703 0.3352697491645813 351
1761838315765 0.33504408597946167 352
1761838315827 0.33505779504776 353
1761838315893 0.3349595367908478 354
1761838315959 0.3348945677280426 355
1761838316024 0.33476734161376953 356
1761838316088 0.33463552594184875 357
1761838316156 0.3345400393009186 358
1761838316281 0.3344186544418335 359
1761838316347 0.33432942628860474 360
1761838316411 0.3343978524208069 361
1761838316501 0.33438053727149963 362
1761838316569 0.33422717452049255 363
1761838316630 0.33413445949554443 364
1761838316689 0.33404940366744995 365
1761838316750 0.33394014835357666 366
1761838316809 0.33385419845581055 367
1761838316867 0.3337237238883972 368
1761838316926 0.3335006535053253 369
1761838316986 0.33349335193634033 370
1761838317049 0.33334946632385254 371
1761838317111 0.3330676555633545 372
1761838317173 0.3329841196537018 373
1761838317239 0.3329552710056305 374
1761838317296 0.3327912986278534 375
1761838317357 0.3326369822025299 376
1761838317420 0.33250847458839417 377
1761838317479 0.33233898878097534 378
1761838317540 0.3323010504245758 379
1761838317597 0.3321068584918976 380
1761838317658 0.33204638957977295 381
1761838317715 0.3318427801132202 382
1761838317772 0.33170807361602783 383
1761838317829 0.3316374123096466 384
1761838317885 0.3315126895904541 385
1761838317943 0.3314706087112427 386
1761838318005 0.3313193619251251 387
1761838318068 0.33134007453918457 388
1761838318126 0.3310931622982025 389
1761838318184 0.33109956979751587 390
1761838318239 0.3310430645942688 391
1761838318296 0.33094510436058044 392
1761838318353 0.33080703020095825 393
1761838318410 0.330697625875473 394
1761838318481 0.3305308520793915 395
1761838318546 0.33040982484817505 396
1761838318607 0.33028268814086914 397
1761838318667 0.33015114068984985 398
1761838318729 0.33003824949264526 399
1761838318788 0.3298884928226471 400
