1761838296510 1.597680687904358 0
1761838296567 0.9427118897438049 1
1761838296621 0.9174270033836365 2
1761838296677 1.5220869779586792 3
1761838296734 1.1931084394454956 4
1761838296788 1.7820669412612915 5
1761838296840 1.0568782091140747 6
1761838296890 0.3718319237232208 7
1761838296942 0.9892724752426147 8
1761838296995 1.0725603103637695 9
1761838297050 0.5508078932762146 10
1761838297104 1.4248168468475342 11
1761838297155 0.5213611125946045 12
1761838297209 0.9394392967224121 13
1761838297263 0.7412435412406921 14
1761838297315 0.22265741229057312 15
1761838297368 0.9829712510108948 16
1761838297419 0.7249638438224792 17
1761838297470 0.9733023047447205 18
1761838297521 0.6192386150360107 19
1761838297572 0.4554331600666046 20
1761838297624 1.1621277332305908 21
1761838297674 0.21254387497901917 22
1761838297723 0.5763758420944214 23
1761838297773 1.3892722129821777 24
1761838297825 1.4976946115493774 25
1761838297877 0.552598237991333 26
1761838297928 0.46691104769706726 27
1761838297978 2.460252285003662 28
1761838298031 0.7918183207511902 29
1761838298083 0.31475818157196045 30
1761838298135 0.4643821120262146 31
1761838298188 0.810932993888855 32
1761838298240 0.32113298773765564 33
1761838298294 0.41192662715911865 34
1761838298346 0.19634929299354553 35
1761838298397 0.16539552807807922 36
1761838298449 0.23204874992370605 37
1761838298509 0.5276420712471008 38
1761838298565 0.9471222162246704 39
1761838298619 0.32565948367118835 40
1761838298671 0.16694419085979462 41
1761838298724 1.3498849868774414 42
1761838298775 0.5233142971992493 43
1761838298827 1.7116769552230835 44
1761838298878 1.0395257472991943 45
1761838298929 1.2003138065338135 46
1761838298980 0.051255084574222565 47
1761838299034 0.31951040029525757 48
1761838299089 0.04342005401849747 49
1761838299141 0.40863069891929626 50
1761838299195 0.23893803358078003 51
1761838299249 0.5425394773483276 52
1761838299301 0.38747334480285645 53
1761838299354 0.26191455125808716 54
1761838299410 0.5934417247772217 55
1761838299466 0.19600404798984528 56
1761838299522 0.2732884883880615 57
1761838299575 0.5818471312522888 58
1761838299626 0.4408380687236786 59
1761838299679 0.24252815544605255 60
1761838299730 1.0934364795684814 61
1761838299780 0.8708871603012085 62
1761838299832 0.2620936632156372 63
1761838299883 0.9935644865036011 64
1761838299934 0.6363527178764343 65
1761838299985 0.7818294763565063 66
1761838300037 0.550171434879303 67
1761838300090 0.4611901640892029 68
1761838300143 0.8549284338951111 69
1761838300196 0.4482349157333374 70
1761838300250 0.14688661694526672 71
1761838300305 0.25533974170684814 72
1761838300357 0.4125383496284485 73
1761838300410 0.2989693284034729 74
1761838300461 0.5927785634994507 75
1761838300513 0.4445022940635681 76
1761838300564 0.15256445109844208 77
1761838300614 0.18221557140350342 78
1761838300667 0.6278561353683472 79
1761838300718 0.43233606219291687 80
1761838300769 0.28845933079719543 81
1761838300820 0.456818163394928 82
1761838300872 0.6271620988845825 83
1761838300923 1.3698030710220337 84
1761838300982 0.2006552517414093 85
1761838301040 0.9717872142791748 86
1761838301095 0.5825002193450928 87
1761838301148 0.07316230982542038 88
1761838301200 0.574966549873352 89
1761838301254 0.12988442182540894 90
1761838301306 0.3358297049999237 91
1761838301358 0.45847612619400024 92
1761838301410 0.2599732279777527 93
1761838301464 0.49440425634384155 94
1761838301518 0.08781113475561142 95
1761838301571 0.06696858257055283 96
1761838301629 0.8858513236045837 97
1761838301690 0.5312610268592834 98
1761838301747 0.7199810147285461 99
1761838301803 0.42731258273124695 100
1761838301856 0.1333853155374527 101
1761838301909 0.7749568819999695 102
1761838301961 0.568699836730957 103
1761838302012 0.3043246865272522 104
1761838302065 0.31142476201057434 105
1761838302121 0.10500790923833847 106
1761838302176 0.15204167366027832 107
1761838302229 0.18745513260364532 108
1761838302281 0.28117841482162476 109
1761838302341 0.37595903873443604 110
1761838302400 1.1297380924224854 111
1761838302457 0.6973976492881775 112
1761838302513 0.2055501639842987 113
1761838302568 0.6212215423583984 114
1761838302621 0.43409058451652527 115
1761838302674 0.32247039675712585 116
1761838302727 0.8907642364501953 117
1761838302780 0.10772105306386948 118
1761838302833 0.3985552191734314 119
1761838302885 0.3161976933479309 120
1761838302938 0.5131634473800659 121
1761838302989 0.23173032701015472 122
1761838303042 0.23084713518619537 123
1761838303095 0.13723686337471008 124
1761838303148 1.039222002029419 125
1761838303200 0.6591914296150208 126
1761838303255 0.6072494387626648 127
1761838303309 1.0284125804901123 128
1761838303362 0.6976197957992554 129
1761838303416 0.37308868765830994 130
1761838303469 0.13466987013816833 131
1761838303523 0.22679637372493744 132
1761838303578 0.41478535532951355 133
1761838303632 0.3974968492984772 134
1761838303686 0.056488629430532455 135
1761838303738 0.0660851001739502 136
1761838303791 1.1173146963119507 137
1761838303844 0.4460265636444092 138
1761838303895 0.5077247619628906 139
1761838303947 0.4662773609161377 140
1761838303998 0.4706193804740906 141
1761838304051 0.6144797801971436 142
1761838304105 0.5592058897018433 143
1761838304159 0.244553804397583 144
1761838304212 0.5877427458763123 145
1761838304266 0.22844155132770538 146
1761838304319 0.321643203496933 147
1761838304373 0.41780516505241394 148
1761838304425 0.7845155596733093 149
1761838304478 0.8171641230583191 150
1761838304530 0.15378977358341217 151
1761838304582 0.2504315972328186 152
1761838304636 0.2680915594100952 153
1761838304687 0.16207464039325714 154
1761838304741 0.4844515025615692 155
1761838304794 0.8119543790817261 156
1761838304846 0.5306069254875183 157
1761838304899 0.2618393898010254 158
1761838304951 1.012505054473877 159
1761838305002 0.5622393488883972 160
1761838305054 0.35449323058128357 161
1761838305108 0.16614040732383728 162
1761838305161 1.643517255783081 163
1761838305214 0.36922383308410645 164
1761838305268 0.09735461324453354 165
1761838305322 0.7147107720375061 166
1761838305374 1.7723385095596313 167
1761838305427 0.26985377073287964 168
1761838305479 0.28741103410720825 169
1761838305531 0.6505681872367859 170
1761838305585 0.5109153389930725 171
1761838305637 1.506117820739746 172
1761838305689 0.22619153559207916 173
1761838305742 0.1794918179512024 174
1761838305794 0.011302223429083824 175
1761838305847 0.3680024743080139 176
1761838305902 0.6152055859565735 177
1761838305956 1.7684028148651123 178
1761838306008 0.2273566573858261 179
1761838306062 0.9139169454574585 180
1761838306115 0.7329365611076355 181
1761838306169 0.3103657066822052 182
1761838306222 0.5212885141372681 183
1761838306277 0.34873199462890625 184
1761838306330 0.6307808756828308 185
1761838306384 0.6444152593612671 186
1761838306436 0.5049368739128113 187
1761838306488 0.1822490692138672 188
1761838306543 0.8446859121322632 189
1761838306595 0.41566887497901917 190
1761838306649 0.3203122615814209 191
1761838306702 0.06057298183441162 192
1761838306756 0.9785516262054443 193
1761838306810 1.1383665800094604 194
1761838306862 1.0320117473602295 195
1761838306917 0.12107634544372559 196
1761838306972 0.5149566531181335 197
1761838307026 0.36185285449028015 198
1761838307080 0.4862355589866638 199
1761838307134 0.17021587491035461 200
1761838307190 0.3076254725456238 201
1761838307246 0.35627245903015137 202
1761838307300 0.26655593514442444 203
1761838307357 0.7421923279762268 204
1761838307414 0.10034136474132538 205
1761838307469 0.4247816801071167 206
1761838307524 1.19074547290802 207
1761838307577 0.1605428159236908 208
1761838307631 0.16422227025032043 209
1761838307683 0.3702731132507324 210
1761838307737 0.1857501119375229 211
1761838307790 1.6612944602966309 212
1761838307843 0.4608888626098633 213
1761838307895 0.9959967732429504 214
1761838307949 0.03781697899103165 215
1761838308001 0.10780380666255951 216
1761838308054 0.3471626937389374 217
1761838308108 0.1923394650220871 218
1761838308162 0.25100332498550415 219
1761838308215 0.036745984107255936 220
1761838308269 0.5425575971603394 221
1761838308322 0.1250535547733307 222
1761838308375 0.8785696029663086 223
1761838308429 0.2921903729438782 224
1761838308482 0.688340425491333 225
1761838308535 0.5003311038017273 226
1761838308590 0.33672744035720825 227
1761838308645 0.307114839553833 228
1761838308699 0.856802225112915 229
1761838308754 0.2408611923456192 230
1761838308807 0.5138038396835327 231
1761838308862 0.5878268480300903 232
1761838308917 0.9698895215988159 233
1761838308971 0.6709681749343872 234
1761838309024 0.9501460790634155 235
1761838309078 0.5762841701507568 236
1761838309132 0.17428646981716156 237
1761838309185 0.5951181650161743 238
1761838309241 0.9076198935508728 239
1761838309296 0.08175695687532425 240
1761838309350 0.10505924373865128 241
1761838309403 0.15773163735866547 242
1761838309457 0.6824016571044922 243
1761838309509 0.27677515149116516 244
1761838309563 0.4393439292907715 245
1761838309617 1.0818657875061035 246
1761838309670 0.11956734955310822 247
1761838309724 0.0870765894651413 248
1761838309778 0.4320128560066223 249
1761838309832 0.6512426733970642 250
1761838309887 0.4255067706108093 251
1761838309941 0.5831848978996277 252
1761838309996 0.7565774321556091 253
1761838310050 1.191180944442749 254
1761838310105 0.1506056934595108 255
1761838310160 0.21648481488227844 256
1761838310215 0.8152362704277039 257
1761838310270 0.2515862286090851 258
1761838310324 0.2776850759983063 259
1761838310379 0.31184250116348267 260
1761838310434 1.820175290107727 261
1761838310488 0.36124297976493835 262
1761838310542 0.4622829556465149 263
1761838310597 0.5080745220184326 264
1761838310651 0.6301068663597107 265
1761838310704 0.501670777797699 266
1761838310759 0.5818139314651489 267
1761838310813 0.4697367548942566 268
1761838310868 0.39421260356903076 269
1761838310921 0.19616496562957764 270
1761838310977 0.3905717432498932 271
1761838311035 1.47617506980896 272
1761838311090 0.768901526927948 273
1761838311144 0.903972864151001 274
1761838311200 0.25925663113594055 275
1761838311260 0.3778422474861145 276
1761838311320 0.976723849773407 277
1761838311378 0.2959478795528412 278
1761838311434 0.6469600796699524 279
1761838311490 0.22450345754623413 280
1761838311546 0.315076619386673 281
1761838311601 0.34012457728385925 282
1761838311656 0.07233876734972 283
1761838311712 0.5252305269241333 284
1761838311768 0.6363609433174133 285
1761838311823 0.297157347202301 286
1761838311879 0.9078779220581055 287
1761838311934 0.45981475710868835 288
1761838311989 1.5966613292694092 289
1761838312047 0.5003027319908142 290
1761838312103 1.0543365478515625 291
1761838312159 0.07376682013273239 292
1761838312219 0.11832476407289505 293
1761838312273 0.1610063761472702 294
1761838312328 0.21538686752319336 295
1761838312383 0.6281612515449524 296
1761838312438 0.5636012554168701 297
1761838312493 0.21456171572208405 298
1761838312551 0.15441523492336273 299
1761838312607 0.6772785186767578 300
1761838312665 0.4802873730659485 301
1761838312721 0.09220103174448013 302
1761838312777 0.701618492603302 303
1761838312833 0.6772632598876953 304
1761838312890 0.2495771199464798 305
1761838312948 0.42412883043289185 306
1761838313004 1.058040976524353 307
1761838313061 0.12832605838775635 308
1761838313118 0.37251126766204834 309
1761838313174 0.7870200872421265 310
1761838313229 0.26858648657798767 311
1761838313283 1.4402402639389038 312
1761838313338 0.1397836059331894 313
1761838313392 0.4780596196651459 314
1761838313447 0.06609389185905457 315
1761838313502 0.33640870451927185 316
1761838313558 0.08463744074106216 317
1761838313612 0.6887590289115906 318
1761838313667 0.48403897881507874 319
1761838313737 0.1382477879524231 320
1761838313797 0.7382727265357971 321
1761838313854 0.33445507287979126 322
1761838313912 0.319492906332016 323
1761838313969 0.1281195431947708 324
1761838314026 0.4266037344932556 325
1761838314081 0.22681283950805664 326
1761838314145 1.0479238033294678 327
1761838314209 0.31030938029289246 328
1761838314271 0.1724231243133545 329
1761838314335 0.5151256322860718 330
1761838314394 0.4613112211227417 331
1761838314455 0.05189467966556549 332
1761838314512 0.5717673897743225 333
1761838314567 0.8330656290054321 334
1761838314622 0.15385447442531586 335
1761838314702 2.129383087158203 336
1761838314772 0.025419557467103004 337
1761838314834 0.11232791095972061 338
1761838314897 0.8463894128799438 339
1761838314959 0.07004030048847198 340
1761838315022 0.21344788372516632 341
1761838315085 0.2914062738418579 342
1761838315149 0.04559750109910965 343
1761838315222 0.09171801805496216 344
1761838315298 0.4525047540664673 345
1761838315394 0.2990263104438782 346
1761838315460 0.057537615299224854 347
1761838315521 0.5086958408355713 348
1761838315582 0.2768174707889557 349
1761838315641 0.3981928527355194 350
1761838315703 1.1403106451034546 351
1761838315765 0.41731566190719604 352
1761838315827 0.18952174484729767 353
1761838315893 1.0492069721221924 354
1761838315959 0.4461228549480438 355
1761838316024 0.3969562351703644 356
1761838316088 0.030983299016952515 357
1761838316156 0.026752373203635216 358
1761838316281 0.03246341645717621 359
1761838316347 0.14038197696208954 360
1761838316411 0.3525340259075165 361
1761838316501 0.7446035146713257 362
1761838316569 0.35536086559295654 363
1761838316630 0.23424725234508514 364
1761838316689 0.6066272258758545 365
1761838316750 0.2940836548805237 366
1761838316809 1.1393723487854004 367
1761838316867 0.23571747541427612 368
1761838316926 0.5712101459503174 369
1761838316986 1.0509356260299683 370
1761838317049 0.4948491156101227 371
1761838317111 0.3405162990093231 372
1761838317173 0.2762295603752136 373
1761838317239 0.5319389700889587 374
1761838317296 0.07437290996313095 375
1761838317357 0.43175846338272095 376
1761838317420 0.10184097290039062 377
1761838317479 0.6246967315673828 378
1761838317540 0.6063874959945679 379
1761838317597 0.3585973381996155 380
1761838317658 0.4821549654006958 381
1761838317715 0.4101029932498932 382
1761838317772 0.4978116750717163 383
1761838317829 0.4979718327522278 384
1761838317885 0.28805041313171387 385
1761838317943 1.256752848625183 386
1761838318005 0.4352559447288513 387
1761838318068 1.3187906742095947 388
1761838318126 0.010570812039077282 389
1761838318184 0.5461299419403076 390
1761838318239 0.3089046776294708 391
1761838318296 0.8106354475021362 392
1761838318353 1.1255104541778564 393
1761838318410 0.25984230637550354 394
1761838318481 0.8137176036834717 395
1761838318546 0.21584674715995789 396
1761838318607 0.29124733805656433 397
1761838318667 0.5326983332633972 398
1761838318729 0.10560960322618484 399
1761838318788 0.2930256426334381 400
