1761839606431 1.8598922491073608 0
1761839606508 1.6801691055297852 1
1761839606584 1.552310824394226 2
1761839606659 1.4641525745391846 3
1761839606733 1.412133812904358 4
1761839606805 1.3437588214874268 5
1761839606878 1.2866140604019165 6
1761839606951 1.2499703168869019 7
1761839607025 1.2082196474075317 8
1761839607099 1.1800624132156372 9
1761839607172 1.1474521160125732 10
1761839607245 1.1143840551376343 11
1761839607320 1.0817391872406006 12
1761839607396 1.061388373374939 13
1761839607470 1.0401880741119385 14
1761839607544 1.0185353755950928 15
1761839607617 0.9960721135139465 16
1761839607688 0.9791169762611389 17
1761839607761 0.9629777669906616 18
1761839607830 0.9474813938140869 19
1761839607899 0.9322031140327454 20
1761839607969 0.9168264865875244 21
1761839608039 0.8993120789527893 22
1761839608109 0.8809089660644531 23
1761839608188 0.8638985753059387 24
1761839608290 0.8470882177352905 25
1761839608372 0.8302655220031738 26
1761839608447 0.8143758773803711 27
1761839608520 0.802162766456604 28
1761839608593 0.7895395159721375 29
1761839608664 0.7781469225883484 30
1761839608735 0.7657076120376587 31
1761839608811 0.7533538341522217 32
1761839608887 0.7433658838272095 33
1761839608961 0.7308599948883057 34
1761839609034 0.7205216884613037 35
1761839609108 0.7110262513160706 36
1761839609190 0.7013384103775024 37
1761839609266 0.6925675868988037 38
1761839609339 0.6841192245483398 39
1761839609412 0.6749150156974792 40
1761839609485 0.6659227609634399 41
1761839609555 0.6592395901679993 42
1761839609626 0.6525696516036987 43
1761839609698 0.6456515789031982 44
1761839609769 0.6381267309188843 45
1761839609841 0.6307514309883118 46
1761839609912 0.6246221661567688 47
1761839609984 0.6184213161468506 48
1761839610055 0.6132540106773376 49
1761839610126 0.6083932518959045 50
1761839610196 0.6021947264671326 51
1761839610267 0.5963254570960999 52
1761839610336 0.5906370878219604 53
1761839610407 0.5853636860847473 54
1761839610477 0.5801149606704712 55
1761839610550 0.5740861892700195 56
1761839610621 0.5689676403999329 57
1761839610693 0.563395619392395 58
1761839610764 0.558628261089325 59
1761839610835 0.5541883707046509 60
1761839610908 0.5494521260261536 61
1761839610981 0.5459583401679993 62
1761839611055 0.5430896282196045 63
1761839611127 0.5397219061851501 64
1761839611198 0.5357105135917664 65
1761839611270 0.5323830842971802 66
1761839611341 0.5285091996192932 67
1761839611413 0.5251933932304382 68
1761839611486 0.5220760107040405 69
1761839611558 0.5194109082221985 70
1761839611629 0.5164604187011719 71
1761839611701 0.5132222175598145 72
1761839611774 0.5096796751022339 73
1761839611847 0.5063861608505249 74
1761839611918 0.5035737752914429 75
1761839611990 0.5008103251457214 76
1761839612063 0.49814772605895996 77
1761839612136 0.49540382623672485 78
1761839612205 0.4930223822593689 79
1761839612279 0.4906877279281616 80
1761839612350 0.48815590143203735 81
1761839612421 0.4860345125198364 82
1761839612492 0.4837423861026764 83
1761839612564 0.4813113808631897 84
1761839612633 0.47859740257263184 85
1761839612707 0.47605758905410767 86
1761839612788 0.473932147026062 87
1761839612866 0.4715648293495178 88
1761839612944 0.4694032669067383 89
1761839613023 0.46828168630599976 90
1761839613099 0.4663875102996826 91
1761839613175 0.4647013545036316 92
1761839613250 0.46240031719207764 93
1761839613324 0.4603128433227539 94
1761839613413 0.4587571620941162 95
1761839613496 0.4569042921066284 96
1761839613575 0.45517441630363464 97
1761839613652 0.4534703195095062 98
1761839613726 0.45162224769592285 99
1761839613798 0.4497581422328949 100
1761839613872 0.44838544726371765 101
1761839613948 0.44654136896133423 102
1761839614042 0.44477930665016174 103
1761839614122 0.44341403245925903 104
1761839614202 0.4416642189025879 105
1761839614297 0.43985775113105774 106
1761839614372 0.43853285908699036 107
1761839614450 0.43675053119659424 108
1761839614526 0.4354109764099121 109
1761839614602 0.43447208404541016 110
1761839614680 0.4331658184528351 111
1761839614756 0.43159815669059753 112
1761839614836 0.4304756820201874 113
1761839614910 0.4290771186351776 114
1761839614982 0.4278649389743805 115
1761839615055 0.4266011714935303 116
1761839615131 0.4252682328224182 117
1761839615210 0.42411869764328003 118
1761839615292 0.4229758679866791 119
1761839615370 0.42217230796813965 120
1761839615444 0.4209679663181305 121
1761839615517 0.4200006425380707 122
1761839615589 0.4188860356807709 123
1761839615667 0.417689710855484 124
1761839615744 0.416506290435791 125
1761839615821 0.41557058691978455 126
1761839615913 0.41471877694129944 127
1761839615993 0.4137543737888336 128
1761839616071 0.4125254452228546 129
1761839616145 0.4115149676799774 130
1761839616221 0.410929799079895 131
1761839616293 0.4103682041168213 132
1761839616373 0.40951842069625854 133
1761839616459 0.4081921875476837 134
1761839616549 0.4073863923549652 135
1761839616645 0.4063441753387451 136
1761839616714 0.4059653580188751 137
1761839616784 0.4050635099411011 138
1761839616858 0.4045257866382599 139
1761839616932 0.40367135405540466 140
1761839617005 0.4026896059513092 141
1761839617080 0.4013434648513794 142
1761839617160 0.40021875500679016 143
1761839617238 0.39968788623809814 144
1761839617316 0.3986920714378357 145
1761839617390 0.3978216052055359 146
1761839617462 0.39693036675453186 147
1761839617531 0.3961014747619629 148
1761839617603 0.39521706104278564 149
1761839617676 0.3943154811859131 150
1761839617747 0.3936128616333008 151
1761839617818 0.3929869532585144 152
1761839617890 0.3923112154006958 153
1761839617962 0.3914462625980377 154
1761839618032 0.3907456696033478 155
1761839618105 0.38988399505615234 156
1761839618182 0.38948309421539307 157
1761839618257 0.38873523473739624 158
1761839618329 0.3882359266281128 159
1761839618403 0.3873859643936157 160
1761839618474 0.38701698184013367 161
1761839618548 0.3863449990749359 162
1761839618621 0.3858572840690613 163
1761839618692 0.3851011097431183 164
1761839618766 0.3847085237503052 165
1761839618840 0.3843802511692047 166
1761839618914 0.3838005065917969 167
1761839618988 0.3831944465637207 168
1761839619059 0.38286593556404114 169
1761839619132 0.3823791444301605 170
1761839619205 0.38164010643959045 171
1761839619278 0.3810291588306427 172
1761839619351 0.38051170110702515 173
1761839619423 0.37981438636779785 174
1761839619494 0.379250168800354 175
1761839619567 0.3789958953857422 176
1761839619640 0.3786012828350067 177
1761839619714 0.378325879573822 178
1761839619787 0.37807488441467285 179
1761839619861 0.3775900602340698 180
1761839619932 0.37689071893692017 181
1761839620005 0.3762668967247009 182
1761839620076 0.3758193254470825 183
1761839620146 0.37548479437828064 184
1761839620216 0.3750562071800232 185
1761839620291 0.37468191981315613 186
1761839620364 0.3741632103919983 187
1761839620436 0.37391531467437744 188
1761839620508 0.3732590079307556 189
1761839620581 0.37271979451179504 190
1761839620653 0.37203454971313477 191
1761839620724 0.37170493602752686 192
1761839620796 0.37123972177505493 193
1761839620868 0.37065285444259644 194
1761839620942 0.3701702654361725 195
1761839621014 0.3696499168872833 196
1761839621084 0.3691588044166565 197
1761839621157 0.36897486448287964 198
1761839621231 0.3690343499183655 199
1761839621305 0.368629515171051 200
1761839621379 0.36824220418930054 201
1761839621452 0.3678155541419983 202
1761839621524 0.3673478960990906 203
1761839621596 0.36696121096611023 204
1761839621669 0.36652764678001404 205
1761839621741 0.36627525091171265 206
1761839621815 0.3656699061393738 207
1761839621888 0.3651512563228607 208
1761839621962 0.3648730218410492 209
1761839622033 0.3644411861896515 210
1761839622105 0.36392730474472046 211
1761839622178 0.36360612511634827 212
1761839622252 0.3631325364112854 213
1761839622324 0.3629010319709778 214
1761839622397 0.36247143149375916 215
1761839622471 0.36195722222328186 216
1761839622541 0.3617357015609741 217
1761839622612 0.36144593358039856 218
1761839622684 0.361031711101532 219
1761839622757 0.36068251729011536 220
1761839622830 0.36046886444091797 221
1761839622903 0.3603672385215759 222
1761839622978 0.36015698313713074 223
1761839623065 0.3597756624221802 224
1761839623145 0.35941821336746216 225
1761839623223 0.35899749398231506 226
1761839623297 0.35843321681022644 227
1761839623369 0.35806766152381897 228
1761839623441 0.3577241599559784 229
1761839623515 0.3572600185871124 230
1761839623592 0.35688281059265137 231
1761839623669 0.3563968241214752 232
1761839623746 0.35592204332351685 233
1761839623821 0.3555935323238373 234
1761839623894 0.35539910197257996 235
1761839623968 0.35511016845703125 236
1761839624043 0.3548262417316437 237
1761839624118 0.35473063588142395 238
1761839624191 0.3544284701347351 239
1761839624271 0.3540611267089844 240
1761839624347 0.35369250178337097 241
1761839624423 0.35330843925476074 242
1761839624500 0.35319164395332336 243
1761839624577 0.35268256068229675 244
1761839624649 0.3522407114505768 245
1761839624737 0.35210373997688293 246
1761839624816 0.3518926799297333 247
1761839624894 0.35155558586120605 248
1761839624973 0.3512086570262909 249
1761839625054 0.35109949111938477 250
1761839625136 0.35069766640663147 251
1761839625218 0.35053858160972595 252
1761839625291 0.3503873944282532 253
1761839625367 0.3502742350101471 254
1761839625443 0.3499501049518585 255
1761839625522 0.3495698869228363 256
1761839625598 0.34923073649406433 257
1761839625675 0.3490174114704132 258
1761839625750 0.34874311089515686 259
1761839625830 0.3485361635684967 260
1761839625907 0.3481389582157135 261
1761839625982 0.34793299436569214 262
1761839626056 0.34765875339508057 263
1761839626130 0.3473708927631378 264
1761839626205 0.3473508358001709 265
1761839626276 0.34723928570747375 266
1761839626348 0.3469260334968567 267
1761839626419 0.3466776907444 268
1761839626495 0.34647443890571594 269
1761839626575 0.3462897837162018 270
1761839626656 0.3461761176586151 271
1761839626738 0.3460807204246521 272
1761839626817 0.3457924723625183 273
1761839626899 0.34555336833000183 274
1761839626975 0.34530675411224365 275
1761839627053 0.344927042722702 276
1761839627131 0.34485936164855957 277
1761839627204 0.34464335441589355 278
1761839627276 0.34440305829048157 279
1761839627350 0.3442295491695404 280
1761839627422 0.34400618076324463 281
1761839627499 0.3437451422214508 282
1761839627577 0.3434510827064514 283
1761839627655 0.3432178199291229 284
1761839627732 0.34313875436782837 285
1761839627806 0.34286460280418396 286
1761839627880 0.34273043274879456 287
1761839627955 0.3426884114742279 288
1761839628033 0.3423752784729004 289
1761839628139 0.3421870768070221 290
1761839628224 0.34203243255615234 291
1761839628309 0.34210827946662903 292
1761839628391 0.3418664038181305 293
1761839628471 0.3417332172393799 294
1761839628548 0.34156131744384766 295
1761839628623 0.34135550260543823 296
1761839628705 0.3414664566516876 297
1761839628791 0.34118133783340454 298
1761839628900 0.3409499526023865 299
1761839628982 0.3407011330127716 300
1761839629062 0.3405742645263672 301
1761839629138 0.3402998149394989 302
1761839629216 0.3399839699268341 303
1761839629294 0.3397711515426636 304
1761839629374 0.3396989107131958 305
1761839629450 0.3394494652748108 306
1761839629527 0.33937758207321167 307
1761839629601 0.3390577733516693 308
1761839629674 0.3389265537261963 309
1761839629750 0.33873674273490906 310
1761839629826 0.3385150730609894 311
1761839629900 0.33834943175315857 312
1761839629974 0.3381042182445526 313
1761839630049 0.33801087737083435 314
1761839630127 0.3378106951713562 315
1761839630200 0.3376850187778473 316
1761839630276 0.33766475319862366 317
1761839630352 0.3375859260559082 318
1761839630425 0.33749067783355713 319
1761839630500 0.3371162414550781 320
1761839630577 0.33709555864334106 321
1761839630654 0.33701056241989136 322
1761839630730 0.3368697166442871 323
1761839630803 0.33671748638153076 324
1761839630876 0.33640056848526 325
1761839630951 0.3362610638141632 326
1761839631026 0.33601394295692444 327
1761839631103 0.3357504606246948 328
1761839631174 0.33553746342658997 329
1761839631245 0.3353307247161865 330
1761839631319 0.33516648411750793 331
1761839631393 0.33506450057029724 332
1761839631468 0.33491653203964233 333
1761839631541 0.3348255753517151 334
1761839631615 0.33466652035713196 335
1761839631686 0.3347052335739136 336
1761839631762 0.3347015976905823 337
1761839631836 0.33453860878944397 338
1761839631907 0.3343861997127533 339
1761839631981 0.3342168629169464 340
1761839632055 0.3340875506401062 341
1761839632130 0.3339548408985138 342
1761839632204 0.33379557728767395 343
1761839632277 0.3338838815689087 344
1761839632352 0.33385491371154785 345
1761839632425 0.3337230384349823 346
1761839632498 0.33369696140289307 347
1761839632573 0.33357715606689453 348
1761839632646 0.3335757553577423 349
1761839632721 0.3334985077381134 350
1761839632793 0.33339664340019226 351
1761839632866 0.33326390385627747 352
1761839632939 0.3330397605895996 353
1761839633012 0.3328397870063782 354
1761839633087 0.3328816890716553 355
1761839633162 0.33294981718063354 356
1761839633241 0.33276641368865967 357
1761839633319 0.3325817286968231 358
1761839633395 0.33241772651672363 359
1761839633470 0.3322649896144867 360
1761839633543 0.3321954607963562 361
1761839633617 0.3320487439632416 362
1761839633692 0.3319268226623535 363
1761839633767 0.33171963691711426 364
1761839633843 0.3315105438232422 365
1761839633916 0.3313402533531189 366
1761839633992 0.3312833607196808 367
1761839634068 0.33111608028411865 368
1761839634145 0.33094707131385803 369
1761839634219 0.3310260772705078 370
1761839634294 0.33089736104011536 371
1761839634368 0.33085596561431885 372
1761839634441 0.330730676651001 373
1761839634516 0.33065077662467957 374
1761839634591 0.3304867744445801 375
1761839634666 0.3304026424884796 376
1761839634740 0.33034592866897583 377
1761839634814 0.33022254705429077 378
1761839634895 0.33012452721595764 379
1761839634976 0.3299398422241211 380
1761839635055 0.32974565029144287 381
1761839635132 0.32967594265937805 382
1761839635208 0.3295685350894928 383
1761839635281 0.32942670583724976 384
1761839635358 0.32931262254714966 385
1761839635436 0.32914745807647705 386
1761839635508 0.3290797770023346 387
1761839635585 0.32899317145347595 388
1761839635666 0.3289978802204132 389
1761839635744 0.32899364829063416 390
1761839635821 0.328857958316803 391
1761839635896 0.32863596081733704 392
1761839635975 0.3286075294017792 393
1761839636051 0.32861411571502686 394
1761839636129 0.32855480909347534 395
1761839636203 0.32849934697151184 396
1761839636277 0.3283689618110657 397
1761839636355 0.328377366065979 398
1761839636433 0.32828977704048157 399
1761839636511 0.32833632826805115 400
