1761839606431 2.102890968322754 0
1761839606508 1.5559346675872803 1
1761839606584 1.069222331047058 2
1761839606659 0.5928995013237 3
1761839606733 2.6758644580841064 4
1761839606805 1.1814512014389038 5
1761839606878 0.939037024974823 6
1761839606951 1.2512315511703491 7
1761839607025 0.8517820835113525 8
1761839607099 0.8505061864852905 9
1761839607172 0.5838651061058044 10
1761839607245 0.9271861910820007 11
1761839607320 1.3783018589019775 12
1761839607396 1.0170856714248657 13
1761839607470 1.0970125198364258 14
1761839607544 0.7222986221313477 15
1761839607617 1.2106282711029053 16
1761839607688 0.8401151299476624 17
1761839607761 0.48018956184387207 18
1761839607830 0.22253282368183136 19
1761839607899 0.5232155323028564 20
1761839607969 0.8617755174636841 21
1761839608039 0.5434860587120056 22
1761839608109 0.30282577872276306 23
1761839608188 1.2875858545303345 24
1761839608290 0.5662163496017456 25
1761839608372 0.4070781469345093 26
1761839608447 0.4860244393348694 27
1761839608520 0.6274731159210205 28
1761839608593 0.14702290296554565 29
1761839608664 0.25798216462135315 30
1761839608735 0.7808895707130432 31
1761839608811 0.4356309473514557 32
1761839608887 0.49751806259155273 33
1761839608961 0.8770799040794373 34
1761839609034 1.1709924936294556 35
1761839609108 0.3633540868759155 36
1761839609190 0.5913558006286621 37
1761839609266 1.6950536966323853 38
1761839609339 0.379581093788147 39
1761839609412 1.073746919631958 40
1761839609485 0.7625535726547241 41
1761839609555 1.0071970224380493 42
1761839609626 0.6670599579811096 43
1761839609698 0.8734140396118164 44
1761839609769 0.30830973386764526 45
1761839609841 0.5135319232940674 46
1761839609912 0.7569442987442017 47
1761839609984 0.46490147709846497 48
1761839610055 0.06754881888628006 49
1761839610126 1.143546223640442 50
1761839610196 0.5239357948303223 51
1761839610267 0.2159397304058075 52
1761839610336 0.5828506946563721 53
1761839610407 0.8702290654182434 54
1761839610477 0.35100096464157104 55
1761839610550 0.11734513938426971 56
1761839610621 0.9111292362213135 57
1761839610693 0.0649237185716629 58
1761839610764 0.36350032687187195 59
1761839610835 0.8244356513023376 60
1761839610908 0.10634925961494446 61
1761839610981 0.11847550421953201 62
1761839611055 1.5859863758087158 63
1761839611127 0.5464589595794678 64
1761839611198 0.2632863521575928 65
1761839611270 0.0986938625574112 66
1761839611341 0.9386320114135742 67
1761839611413 0.4139893651008606 68
1761839611486 0.916823148727417 69
1761839611558 1.105716586112976 70
1761839611629 0.43874794244766235 71
1761839611701 0.1485634744167328 72
1761839611774 0.3210937976837158 73
1761839611847 0.20990456640720367 74
1761839611918 0.47100141644477844 75
1761839611990 1.057438611984253 76
1761839612063 0.038269832730293274 77
1761839612136 0.30146539211273193 78
1761839612205 0.9315615892410278 79
1761839612279 0.6761747598648071 80
1761839612350 0.5178892016410828 81
1761839612421 0.24038749933242798 82
1761839612492 0.26562321186065674 83
1761839612564 0.06362492591142654 84
1761839612633 0.8254898190498352 85
1761839612707 0.6692216992378235 86
1761839612788 1.1142635345458984 87
1761839612866 0.3931409418582916 88
1761839612944 0.44025918841362 89
1761839613023 1.8923730850219727 90
1761839613099 0.3151125907897949 91
1761839613175 0.9862136244773865 92
1761839613250 0.4552386403083801 93
1761839613324 0.35565823316574097 94
1761839613413 0.09093251824378967 95
1761839613496 0.310445636510849 96
1761839613575 0.8548860549926758 97
1761839613652 0.9297050833702087 98
1761839613726 0.7029647827148438 99
1761839613798 0.09316031634807587 100
1761839613872 0.549918532371521 101
1761839613948 0.21024389564990997 102
1761839614042 0.9380059242248535 103
1761839614122 0.42598724365234375 104
1761839614202 0.602463960647583 105
1761839614297 0.06256496161222458 106
1761839614372 0.19341325759887695 107
1761839614450 0.04194987937808037 108
1761839614526 0.8804156184196472 109
1761839614602 0.1363065391778946 110
1761839614680 0.23713956773281097 111
1761839614756 0.0951969251036644 112
1761839614836 0.7726501822471619 113
1761839614910 0.26283159852027893 114
1761839614982 0.5253276228904724 115
1761839615055 0.3705400228500366 116
1761839615131 0.42348513007164 117
1761839615210 2.0598926544189453 118
1761839615292 1.83309805393219 119
1761839615370 1.7425360679626465 120
1761839615444 0.29958510398864746 121
1761839615517 0.6198697686195374 122
1761839615589 0.22934794425964355 123
1761839615667 0.07856477797031403 124
1761839615744 0.22061656415462494 125
1761839615821 0.48713600635528564 126
1761839615913 0.8205739855766296 127
1761839615993 0.44982826709747314 128
1761839616071 0.38006025552749634 129
1761839616145 0.38083094358444214 130
1761839616221 0.5145220756530762 131
1761839616293 0.45873159170150757 132
1761839616373 0.3995639681816101 133
1761839616459 0.058055341243743896 134
1761839616549 0.4858289361000061 135
1761839616645 0.3530985116958618 136
1761839616714 0.835220992565155 137
1761839616784 0.19146868586540222 138
1761839616858 0.045835983008146286 139
1761839616932 0.14453814923763275 140
1761839617005 1.3327897787094116 141
1761839617080 0.06001657247543335 142
1761839617160 0.1245904341340065 143
1761839617238 0.07820570468902588 144
1761839617316 0.326489120721817 145
1761839617390 0.16164521872997284 146
1761839617462 0.12360622733831406 147
1761839617531 0.2704775035381317 148
1761839617603 0.30296313762664795 149
1761839617676 0.4434991776943207 150
1761839617747 0.4257495403289795 151
1761839617818 1.3153835535049438 152
1761839617890 0.23652079701423645 153
1761839617962 0.7911406755447388 154
1761839618032 1.6391667127609253 155
1761839618105 0.7832838892936707 156
1761839618182 0.3198297917842865 157
1761839618257 0.9435871839523315 158
1761839618329 0.8304259777069092 159
1761839618403 0.14522631466388702 160
1761839618474 1.032741904258728 161
1761839618548 1.7456265687942505 162
1761839618621 0.5339503884315491 163
1761839618692 0.2464478760957718 164
1761839618766 0.744309663772583 165
1761839618840 0.30158892273902893 166
1761839618914 0.4892498552799225 167
1761839618988 0.6001462936401367 168
1761839619059 0.985327959060669 169
1761839619132 1.1987085342407227 170
1761839619205 0.39624524116516113 171
1761839619278 0.4120445251464844 172
1761839619351 1.524522304534912 173
1761839619423 0.16533343493938446 174
1761839619494 0.7622905969619751 175
1761839619567 0.6575811505317688 176
1761839619640 0.4008127450942993 177
1761839619714 0.3634266257286072 178
1761839619787 1.982957124710083 179
1761839619861 0.1549370437860489 180
1761839619932 0.30411770939826965 181
1761839620005 0.27167272567749023 182
1761839620076 0.1896854192018509 183
1761839620146 0.6297129988670349 184
1761839620216 0.35429948568344116 185
1761839620291 0.05864737927913666 186
1761839620364 0.14703308045864105 187
1761839620436 0.9603474736213684 188
1761839620508 0.2120990753173828 189
1761839620581 0.45378273725509644 190
1761839620653 0.3301945924758911 191
1761839620724 0.9695656299591064 192
1761839620796 0.27406927943229675 193
1761839620868 0.2877476215362549 194
1761839620942 0.15006783604621887 195
1761839621014 0.3958544135093689 196
1761839621084 0.22200462222099304 197
1761839621157 1.9833875894546509 198
1761839621231 0.3781622648239136 199
1761839621305 0.052221521735191345 200
1761839621379 0.6238870024681091 201
1761839621452 0.20129194855690002 202
1761839621524 0.16407397389411926 203
1761839621596 0.11721843481063843 204
1761839621669 0.847235918045044 205
1761839621741 0.8566777110099792 206
1761839621815 0.3887115716934204 207
1761839621888 0.8330926299095154 208
1761839621962 0.5809943675994873 209
1761839622033 1.0879888534545898 210
1761839622105 0.9095320701599121 211
1761839622178 1.2017395496368408 212
1761839622252 0.432702898979187 213
1761839622324 0.5275946259498596 214
1761839622397 0.06725563853979111 215
1761839622471 0.055878303945064545 216
1761839622541 0.6493339538574219 217
1761839622612 1.015820860862732 218
1761839622684 0.10432204604148865 219
1761839622757 0.39705562591552734 220
1761839622830 0.7157589197158813 221
1761839622903 0.7669239640235901 222
1761839622978 0.8625668883323669 223
1761839623065 0.602936863899231 224
1761839623145 1.1336729526519775 225
1761839623223 0.10725129395723343 226
1761839623297 0.6304950714111328 227
1761839623369 0.5769922733306885 228
1761839623441 0.3574269413948059 229
1761839623515 0.26567718386650085 230
1761839623592 0.48315566778182983 231
1761839623669 0.07506399601697922 232
1761839623746 0.5657323598861694 233
1761839623821 0.19896729290485382 234
1761839623894 0.9137641787528992 235
1761839623968 0.73396897315979 236
1761839624043 0.44645556807518005 237
1761839624118 2.224431037902832 238
1761839624191 0.592622697353363 239
1761839624271 0.6550556421279907 240
1761839624347 0.1511070430278778 241
1761839624423 0.648082971572876 242
1761839624500 0.47539806365966797 243
1761839624577 0.09048539400100708 244
1761839624649 0.15568839013576508 245
1761839624737 0.6723789572715759 246
1761839624816 0.7804451584815979 247
1761839624894 0.2195032685995102 248
1761839624973 0.24654072523117065 249
1761839625054 0.942651629447937 250
1761839625136 0.03838115558028221 251
1761839625218 0.9058254957199097 252
1761839625291 0.3909049928188324 253
1761839625367 1.0671507120132446 254
1761839625443 0.5168151259422302 255
1761839625522 0.3719741106033325 256
1761839625598 0.7231574654579163 257
1761839625675 0.8042473196983337 258
1761839625750 0.03459921479225159 259
1761839625830 0.6254523396492004 260
1761839625907 0.3641853928565979 261
1761839625982 1.0581704378128052 262
1761839626056 0.5778337121009827 263
1761839626130 0.015608632005751133 264
1761839626205 0.9931515455245972 265
1761839626276 0.11191694438457489 266
1761839626348 0.9304748773574829 267
1761839626419 0.19015344977378845 268
1761839626495 0.46652302145957947 269
1761839626575 0.5592238306999207 270
1761839626656 1.169065237045288 271
1761839626738 0.14832836389541626 272
1761839626817 0.1618679314851761 273
1761839626899 0.07163514941930771 274
1761839626975 0.22994033992290497 275
1761839627053 0.6214910745620728 276
1761839627131 0.5350520610809326 277
1761839627204 0.6246615052223206 278
1761839627276 0.6705881357192993 279
1761839627350 0.08837737888097763 280
1761839627422 0.8070042729377747 281
1761839627499 0.3521920442581177 282
1761839627577 0.06573193520307541 283
1761839627655 0.37425386905670166 284
1761839627732 0.4614301323890686 285
1761839627806 0.7875877618789673 286
1761839627880 0.08131328970193863 287
1761839627955 0.7400615215301514 288
1761839628033 0.2872929871082306 289
1761839628139 0.890438973903656 290
1761839628224 0.1422847956418991 291
1761839628309 1.3163845539093018 292
1761839628391 0.1310969740152359 293
1761839628471 0.2790519595146179 294
1761839628548 0.8156481385231018 295
1761839628623 0.6117276549339294 296
1761839628705 0.8702627420425415 297
1761839628791 1.1034915447235107 298
1761839628900 0.08915699273347855 299
1761839628982 0.14752516150474548 300
1761839629062 1.2292370796203613 301
1761839629138 0.3038542866706848 302
1761839629216 0.15219911932945251 303
1761839629294 0.04997389391064644 304
1761839629374 0.5321525931358337 305
1761839629450 0.2785532772541046 306
1761839629527 0.3467453122138977 307
1761839629601 0.036740001291036606 308
1761839629674 1.1239581108093262 309
1761839629750 0.5717143416404724 310
1761839629826 0.18699702620506287 311
1761839629900 0.2653619647026062 312
1761839629974 0.2716469466686249 313
1761839630049 0.2867853343486786 314
1761839630127 0.1049739420413971 315
1761839630200 0.35140979290008545 316
1761839630276 1.9656407833099365 317
1761839630352 0.629272997379303 318
1761839630425 0.4758014678955078 319
1761839630500 0.13205435872077942 320
1761839630577 0.6475746631622314 321
1761839630654 0.517326831817627 322
1761839630730 0.5894556641578674 323
1761839630803 1.2538396120071411 324
1761839630876 0.37358593940734863 325
1761839630951 0.17413979768753052 326
1761839631026 0.05446157976984978 327
1761839631103 0.32391417026519775 328
1761839631174 0.7445810437202454 329
1761839631245 0.038893476128578186 330
1761839631319 0.14034609496593475 331
1761839631393 0.3027510643005371 332
1761839631468 0.5742236971855164 333
1761839631541 0.3074178397655487 334
1761839631615 0.5599491000175476 335
1761839631686 0.6131238341331482 336
1761839631762 1.2853000164031982 337
1761839631836 0.08444330841302872 338
1761839631907 1.4272433519363403 339
1761839631981 0.3907894492149353 340
1761839632055 0.12309639155864716 341
1761839632130 0.924892246723175 342
1761839632204 0.06866174936294556 343
1761839632277 0.2080296277999878 344
1761839632352 0.6840335130691528 345
1761839632425 0.24307723343372345 346
1761839632498 0.11118235439062119 347
1761839632573 0.8701921105384827 348
1761839632646 0.8391643166542053 349
1761839632721 0.32511353492736816 350
1761839632793 0.14561611413955688 351
1761839632866 0.05241818726062775 352
1761839632939 0.4606378376483917 353
1761839633012 0.5340943932533264 354
1761839633087 1.1042410135269165 355
1761839633162 0.4485948383808136 356
1761839633241 0.8007105588912964 357
1761839633319 0.9207919239997864 358
1761839633395 0.1643356829881668 359
1761839633470 0.4249020516872406 360
1761839633543 0.3070385456085205 361
1761839633617 0.09640898555517197 362
1761839633692 0.4206826090812683 363
1761839633767 0.19885484874248505 364
1761839633843 0.8427766561508179 365
1761839633916 0.4102973937988281 366
1761839633992 0.4952729642391205 367
1761839634068 1.0511904954910278 368
1761839634145 0.39519309997558594 369
1761839634219 1.4522206783294678 370
1761839634294 0.10439085960388184 371
1761839634368 1.2375950813293457 372
1761839634441 0.029495615512132645 373
1761839634516 0.5559611320495605 374
1761839634591 0.09997305274009705 375
1761839634666 1.1497790813446045 376
1761839634740 0.5079901218414307 377
1761839634814 0.9561094641685486 378
1761839634895 0.5811054706573486 379
1761839634976 0.19756437838077545 380
1761839635055 0.3227984607219696 381
1761839635132 0.6201454401016235 382
1761839635208 0.2966008186340332 383
1761839635281 0.19209197163581848 384
1761839635358 0.5913020968437195 385
1761839635436 0.7038245797157288 386
1761839635508 0.8502101302146912 387
1761839635585 1.029534935951233 388
1761839635666 0.325693815946579 389
1761839635744 1.5470161437988281 390
1761839635821 0.14686405658721924 391
1761839635896 0.43528807163238525 392
1761839635975 0.20301473140716553 393
1761839636051 1.2050780057907104 394
1761839636129 0.6241931915283203 395
1761839636203 0.6105085015296936 396
1761839636277 0.1454622745513916 397
1761839636355 1.7343616485595703 398
1761839636433 0.24211426079273224 399
1761839636511 1.1680816411972046 400
