1762792658105 1.7691562175750732 0
1762792658205 1.5722521543502808 1
1762792658301 1.4859663248062134 2
1762792658395 1.4035580158233643 3
1762792658489 1.339945912361145 4
1762792658579 1.2947287559509277 5
1762792658672 1.244962215423584 6
1762792658764 1.2069075107574463 7
1762792658857 1.1667675971984863 8
1762792658950 1.1295981407165527 9
1762792659060 1.0967952013015747 10
1762792659157 1.0752453804016113 11
1762792659251 1.0481282472610474 12
1762792659345 1.025559663772583 13
1762792659433 1.0047467947006226 14
1762792659525 0.9842215180397034 15
1762792659616 0.9659357070922852 16
1762792659713 0.9482475519180298 17
1762792659811 0.9323076605796814 18
1762792659904 0.9153879880905151 19
1762792659995 0.9029995203018188 20
1762792660089 0.8859269022941589 21
1762792660185 0.8743973970413208 22
1762792660280 0.8625985980033875 23
