1762792658105 1.6001055240631104 0
1762792658205 0.8605811595916748 1
1762792658301 1.0282682180404663 2
1762792658395 1.1158945560455322 3
1762792658489 1.6585770845413208 4
1762792658579 0.8520601391792297 5
1762792658672 1.1794955730438232 6
1762792658764 1.3242802619934082 7
1762792658857 0.8489362597465515 8
1762792658950 0.7338391542434692 9
1762792659060 1.0419842004776 10
1762792659157 1.2016642093658447 11
1762792659251 1.0647517442703247 12
1762792659345 0.4852975308895111 13
1762792659433 0.21739237010478973 14
1762792659525 0.1686645895242691 15
1762792659616 0.8119350075721741 16
1762792659713 0.5585546493530273 17
1762792659811 0.5546197295188904 18
1762792659904 1.374848484992981 19
1762792659995 0.39321956038475037 20
1762792660089 1.2962642908096313 21
1762792660185 0.6238887310028076 22
1762792660280 0.32772284746170044 23
