1763905151461 1.7077730894088745 0
1763905151555 1.5005908012390137 1
1763905151657 1.3869439363479614 2
1763905151750 1.3052161931991577 3
1763905151842 1.2464030981063843 4
1763905151936 1.1860671043395996 5
1763905152030 1.1410996913909912 6
1763905152123 1.1119320392608643 7
1763905152215 1.0743913650512695 8
1763905152307 1.037558913230896 9
1763905152398 1.0059767961502075 10
1763905152490 0.9779196977615356 11
1763905152586 0.9563407897949219 12
1763905152681 0.9317874312400818 13
1763905152774 0.9107627868652344 14
1763905152865 0.8912354111671448 15
1763905152958 0.8732074499130249 16
1763905153049 0.8606111407279968 17
1763905153140 0.8456579446792603 18
1763905153231 0.8280887603759766 19
1763905153322 0.8158727884292603 20
1763905153413 0.8035262823104858 21
1763905153504 0.7896502017974854 22
