1763905151461 1.4672949314117432 0
1763905151555 1.4572619199752808 1
1763905151657 1.6158472299575806 2
1763905151750 0.5954222083091736 3
1763905151842 0.9938740730285645 4
1763905151936 0.8101685047149658 5
1763905152030 0.7094371318817139 6
1763905152123 0.8570072054862976 7
1763905152215 0.6917725801467896 8
1763905152307 0.6428582072257996 9
1763905152398 0.5831753015518188 10
1763905152490 0.4714962840080261 11
1763905152586 1.6568350791931152 12
1763905152681 0.6340848207473755 13
1763905152774 0.38498011231422424 14
1763905152865 0.5418648719787598 15
1763905152958 0.631655752658844 16
1763905153049 1.7384251356124878 17
1763905153140 0.7245734930038452 18
1763905153231 0.488324373960495 19
1763905153322 1.062710165977478 20
1763905153413 0.4082508683204651 21
1763905153504 0.6211161613464355 22
