1761838134105 1.7191766500473022 0
1761838134159 1.4710906744003296 1
1761838134213 1.3331363201141357 2
1761838134264 1.2574872970581055 3
1761838134316 1.2190678119659424 4
1761838134372 1.1605558395385742 5
1761838134426 1.1046922206878662 6
1761838134479 1.0576670169830322 7
1761838134531 1.0183475017547607 8
1761838134589 0.975262463092804 9
1761838134645 0.9425850510597229 10
1761838134699 0.9123685359954834 11
1761838134752 0.882270336151123 12
1761838134803 0.8555717468261719 13
1761838134854 0.8353890776634216 14
1761838134905 0.816211462020874 15
1761838134956 0.7973846197128296 16
1761838135008 0.779898464679718 17
1761838135060 0.7586215734481812 18
1761838135111 0.7434643507003784 19
1761838135163 0.7275074124336243 20
1761838135218 0.7090172171592712 21
1761838135272 0.6910372376441956 22
1761838135324 0.676266074180603 23
1761838135375 0.6617568135261536 24
1761838135424 0.6459305882453918 25
1761838135475 0.6328611373901367 26
1761838135527 0.6202496886253357 27
1761838135580 0.6087915301322937 28
1761838135633 0.5980215072631836 29
1761838135685 0.5856779217720032 30
1761838135739 0.5751026272773743 31
1761838135792 0.565760612487793 32
1761838135846 0.5553173422813416 33
1761838135904 0.5474136471748352 34
1761838135960 0.5387098789215088 35
1761838136014 0.531298041343689 36
1761838136065 0.5238272547721863 37
1761838136116 0.5163424015045166 38
1761838136168 0.5093305706977844 39
1761838136218 0.5032330751419067 40
1761838136270 0.49685853719711304 41
1761838136320 0.4907696545124054 42
1761838136372 0.48484721779823303 43
1761838136424 0.4799838364124298 44
1761838136478 0.47482606768608093 45
1761838136529 0.470327764749527 46
1761838136581 0.466178297996521 47
1761838136636 0.46110716462135315 48
1761838136688 0.4569593667984009 49
1761838136741 0.4534713327884674 50
1761838136793 0.44956865906715393 51
1761838136844 0.44644832611083984 52
1761838136895 0.44314369559288025 53
1761838136946 0.4395977556705475 54
1761838136997 0.43636590242385864 55
1761838137048 0.4327627122402191 56
1761838137100 0.429227739572525 57
1761838137151 0.4272368252277374 58
1761838137204 0.4242441654205322 59
1761838137256 0.4208887815475464 60
1761838137307 0.4179363250732422 61
1761838137360 0.414867639541626 62
1761838137411 0.4118538796901703 63
1761838137464 0.4094095826148987 64
1761838137516 0.4068237245082855 65
1761838137568 0.4044959545135498 66
1761838137622 0.40265795588493347 67
1761838137672 0.40011176466941833 68
1761838137725 0.39784321188926697 69
1761838137776 0.3963335156440735 70
1761838137830 0.39417919516563416 71
1761838137881 0.3919176161289215 72
1761838137934 0.3896539807319641 73
1761838138244 0.38782158493995667 74
1761838138299 0.3861840069293976 75
1761838138352 0.3848762512207031 76
1761838138404 0.38282889127731323 77
1761838138455 0.3808427155017853 78
1761838138509 0.3787514269351959 79
1761838138563 0.37663403153419495 80
1761838138617 0.3749379515647888 81
1761838138671 0.37347421050071716 82
1761838138723 0.3715875744819641 83
1761838138777 0.37023842334747314 84
1761838138828 0.3690091371536255 85
1761838138879 0.36725422739982605 86
1761838138931 0.3665126860141754 87
1761838138984 0.3652566075325012 88
1761838139037 0.3641325533390045 89
1761838139090 0.36272987723350525 90
1761838139143 0.36207765340805054 91
1761838139196 0.3604488968849182 92
1761838139249 0.35936036705970764 93
1761838139301 0.35821273922920227 94
1761838139355 0.35714972019195557 95
1761838139407 0.3562396764755249 96
1761838139458 0.35492801666259766 97
1761838139511 0.3537002503871918 98
1761838139562 0.3523828983306885 99
1761838139614 0.3511829972267151 100
1761838139665 0.3497444689273834 101
1761838139716 0.34857386350631714 102
1761838139767 0.34744083881378174 103
1761838139819 0.34654998779296875 104
1761838139873 0.3455013334751129 105
1761838139925 0.34432125091552734 106
1761838139977 0.3432684540748596 107
1761838140031 0.342042475938797 108
1761838140085 0.3411828279495239 109
1761838140139 0.3403937518596649 110
1761838140193 0.33934834599494934 111
1761838140246 0.33861055970191956 112
1761838140299 0.3380957543849945 113
1761838140351 0.33714160323143005 114
1761838140402 0.336290568113327 115
1761838140456 0.33505934476852417 116
1761838140508 0.33407679200172424 117
1761838140560 0.33326125144958496 118
1761838140614 0.33234143257141113 119
1761838140666 0.3316504955291748 120
1761838140717 0.3308076560497284 121
1761838140770 0.33045879006385803 122
1761838140823 0.3295401334762573 123
1761838140876 0.3285575211048126 124
1761838140928 0.3278871178627014 125
1761838140980 0.32748326659202576 126
1761838141033 0.3269875645637512 127
1761838141086 0.32638972997665405 128
1761838141138 0.32549694180488586 129
1761838141191 0.32517433166503906 130
1761838141246 0.3243972063064575 131
1761838141299 0.3234918415546417 132
1761838141351 0.32353925704956055 133
1761838141402 0.3228188455104828 134
1761838141455 0.32228174805641174 135
1761838141508 0.3218725025653839 136
1761838141562 0.3210962116718292 137
1761838141614 0.32063770294189453 138
1761838141667 0.3203253746032715 139
1761838141719 0.31991836428642273 140
1761838141772 0.3195365369319916 141
1761838141825 0.3189353048801422 142
1761838141877 0.3185790777206421 143
1761838141929 0.31816813349723816 144
1761838141980 0.3178985118865967 145
1761838142033 0.31738999485969543 146
1761838142088 0.31658121943473816 147
1761838142141 0.31612271070480347 148
1761838142194 0.31588858366012573 149
1761838142249 0.3154129981994629 150
1761838142302 0.3148968517780304 151
1761838142355 0.3145323693752289 152
1761838142409 0.31411004066467285 153
1761838142464 0.3135736286640167 154
1761838142516 0.31309202313423157 155
1761838142570 0.3126782178878784 156
1761838142622 0.31255075335502625 157
1761838142676 0.3119864761829376 158
1761838142729 0.3117091655731201 159
1761838142783 0.31123635172843933 160
1761838142835 0.3107847571372986 161
1761838142887 0.3103213310241699 162
1761838142942 0.30985042452812195 163
1761838142996 0.30959683656692505 164
1761838143048 0.30929800868034363 165
1761838143103 0.3089200556278229 166
1761838143156 0.30851635336875916 167
1761838143210 0.3079299330711365 168
1761838143264 0.3076832592487335 169
1761838143316 0.3071933388710022 170
1761838143370 0.3070755898952484 171
1761838143422 0.3064236044883728 172
1761838143476 0.30603423714637756 173
1761838143528 0.3054085671901703 174
1761838143581 0.3049091100692749 175
1761838143635 0.3043867349624634 176
1761838143688 0.3041282594203949 177
1761838143739 0.3036589026451111 178
1761838143791 0.3032746911048889 179
1761838143843 0.30290156602859497 180
1761838143898 0.3024821877479553 181
1761838143950 0.3019431233406067 182
1761838144003 0.3017202913761139 183
1761838144055 0.301313579082489 184
1761838144109 0.3010160028934479 185
1761838144162 0.3005980849266052 186
1761838144213 0.30056390166282654 187
1761838144265 0.30035004019737244 188
1761838144320 0.3001677095890045 189
1761838144372 0.29990890622138977 190
1761838144426 0.2997766435146332 191
1761838144480 0.2993699908256531 192
1761838144534 0.2990296483039856 193
1761838144588 0.2989073693752289 194
1761838144639 0.2986019253730774 195
1761838144694 0.29845964908599854 196
1761838144746 0.29826200008392334 197
1761838144798 0.2978447377681732 198
1761838144852 0.29746973514556885 199
1761838144904 0.29736971855163574 200
1761838144958 0.2970764636993408 201
1761838145010 0.2967270016670227 202
1761838145064 0.2965215742588043 203
1761838145118 0.2961735427379608 204
1761838145175 0.2957897186279297 205
1761838145234 0.2954829931259155 206
1761838145290 0.29518455266952515 207
1761838145344 0.2950080633163452 208
1761838145397 0.2947019040584564 209
1761838145449 0.294336199760437 210
1761838145503 0.2941146790981293 211
1761838145556 0.2937684953212738 212
1761838145610 0.29354774951934814 213
1761838145662 0.2933071255683899 214
1761838145716 0.2929978370666504 215
1761838145768 0.29273828864097595 216
1761838145822 0.29250210523605347 217
1761838145876 0.29227763414382935 218
1761838145931 0.2920680642127991 219
1761838145985 0.2916276454925537 220
1761838146037 0.29150500893592834 221
1761838146092 0.2912813723087311 222
1761838146147 0.29099997878074646 223
1761838146203 0.2908823788166046 224
1761838146258 0.29068639874458313 225
1761838146313 0.2905369997024536 226
1761838146367 0.2902047038078308 227
1761838146419 0.29003262519836426 228
1761838146474 0.28965821862220764 229
1761838146527 0.2894953191280365 230
1761838146580 0.28921568393707275 231
1761838146634 0.289154976606369 232
1761838146687 0.2888822853565216 233
1761838146741 0.2888481318950653 234
1761838146794 0.2885521650314331 235
1761838146848 0.28822061419487 236
1761838146901 0.28793591260910034 237
1761838146954 0.28785839676856995 238
1761838147007 0.2875557243824005 239
1761838147069 0.28732338547706604 240
1761838147125 0.2872634530067444 241
1761838147180 0.28698402643203735 242
1761838147235 0.2868802547454834 243
1761838147290 0.2866465449333191 244
1761838147344 0.28653183579444885 245
1761838147403 0.28651830554008484 246
1761838147461 0.28655311465263367 247
1761838147521 0.2864201068878174 248
1761838147580 0.2862204313278198 249
1761838147635 0.2861582636833191 250
1761838147689 0.28577277064323425 251
1761838147744 0.28558358550071716 252
1761838147798 0.28542447090148926 253
1761838147852 0.2851872444152832 254
1761838147908 0.28496497869491577 255
1761838147965 0.284782737493515 256
1761838148021 0.2846228778362274 257
1761838148077 0.2843514084815979 258
1761838148133 0.2842317521572113 259
1761838148189 0.28403082489967346 260
1761838148243 0.28383415937423706 261
1761838148299 0.2835772633552551 262
1761838148356 0.2832425534725189 263
1761838148414 0.2829611599445343 264
1761838148471 0.2827373445034027 265
1761838148527 0.2825036942958832 266
1761838148584 0.28243473172187805 267
1761838148643 0.2823579013347626 268
1761838148700 0.28215715289115906 269
1761838148756 0.28215083479881287 270
1761838148811 0.28208503127098083 271
1761838148868 0.28196021914482117 272
1761838148925 0.2816917598247528 273
1761838148981 0.28141146898269653 274
1761838149043 0.28132519125938416 275
1761838149107 0.2812509834766388 276
1761838149167 0.2809728980064392 277
1761838149227 0.2806566059589386 278
1761838149286 0.28045791387557983 279
1761838149343 0.28031304478645325 280
1761838149401 0.28019779920578003 281
1761838149457 0.2801741063594818 282
1761838149513 0.2798893451690674 283
1761838149569 0.27978432178497314 284
1761838149627 0.2795116603374481 285
1761838149682 0.2792746126651764 286
1761838149738 0.2791065573692322 287
1761838149793 0.2791074216365814 288
1761838149849 0.27895867824554443 289
1761838149907 0.27886128425598145 290
1761838149962 0.27882325649261475 291
1761838150018 0.2786268889904022 292
1761838150071 0.2785840630531311 293
1761838150127 0.27839335799217224 294
1761838150183 0.27826765179634094 295
1761838150239 0.27817049622535706 296
1761838150297 0.27813097834587097 297
1761838150352 0.27813661098480225 298
1761838150409 0.2780035734176636 299
1761838150464 0.27786439657211304 300
1761838150520 0.27778953313827515 301
1761838150578 0.27771469950675964 302
1761838150636 0.27751424908638 303
1761838150692 0.2774149179458618 304
1761838150748 0.2772686183452606 305
1761838150805 0.27721911668777466 306
1761838150860 0.27716636657714844 307
1761838150918 0.2770364582538605 308
1761838150974 0.27684643864631653 309
1761838151029 0.2768489718437195 310
1761838151086 0.2767672836780548 311
1761838151143 0.2765504717826843 312
1761838151200 0.27643340826034546 313
1761838151255 0.2764560878276825 314
1761838151312 0.2763836979866028 315
1761838151370 0.2762383222579956 316
1761838151428 0.2760806083679199 317
1761838151487 0.2759883403778076 318
1761838151545 0.27586063742637634 319
1761838151601 0.27581101655960083 320
1761838151658 0.2756500840187073 321
1761838151716 0.27546924352645874 322
1761838151774 0.275400847196579 323
1761838151830 0.27530544996261597 324
1761838151884 0.2750808000564575 325
1761838151941 0.2749444842338562 326
1761838151997 0.2748217284679413 327
1761838152050 0.27473071217536926 328
1761838152103 0.2746990919113159 329
1761838152160 0.27458539605140686 330
1761838152216 0.27448368072509766 331
1761838152271 0.2742936909198761 332
1761838152327 0.2741410434246063 333
1761838152384 0.2740240693092346 334
1761838152439 0.2739344537258148 335
1761838152500 0.273825079202652 336
1761838152558 0.27374300360679626 337
1761838152616 0.27356699109077454 338
1761838152673 0.2735802233219147 339
1761838152728 0.2734564244747162 340
1761838152783 0.27325424551963806 341
1761838152842 0.27317968010902405 342
1761838152899 0.27309781312942505 343
1761838152955 0.27294424176216125 344
1761838153011 0.27273455262184143 345
1761838153068 0.2725701630115509 346
1761838153126 0.2726270854473114 347
1761838153185 0.2725079655647278 348
1761838153247 0.2725221514701843 349
1761838153306 0.2724689841270447 350
1761838153367 0.2724117040634155 351
1761838153428 0.2722020447254181 352
1761838153487 0.2721526324748993 353
1761838153545 0.2720412015914917 354
1761838153601 0.27194496989250183 355
1761838153656 0.27177783846855164 356
1761838153710 0.2716531455516815 357
1761838153765 0.27154070138931274 358
1761838153824 0.2714076638221741 359
1761838153883 0.2712695300579071 360
1761838153943 0.271158367395401 361
1761838153998 0.27118340134620667 362
1761838154058 0.27104124426841736 363
1761838154116 0.2708911895751953 364
1761838154174 0.2708427906036377 365
1761838154230 0.27090704441070557 366
1761838154285 0.27081233263015747 367
1761838154343 0.2707483470439911 368
1761838154401 0.270633339881897 369
1761838154460 0.2705221176147461 370
1761838154518 0.2703949511051178 371
1761838154576 0.2703106999397278 372
1761838154639 0.27017247676849365 373
1761838154697 0.27012503147125244 374
1761838154756 0.270058274269104 375
1761838154814 0.27006468176841736 376
1761838154872 0.27001214027404785 377
1761838154929 0.26994645595550537 378
1761838154987 0.26987606287002563 379
1761838155043 0.26986098289489746 380
1761838155101 0.2697441279888153 381
1761838155157 0.26973846554756165 382
1761838155217 0.269732803106308 383
1761838155274 0.2696652114391327 384
1761838155334 0.2695399224758148 385
1761838155392 0.26943647861480713 386
1761838155450 0.26936787366867065 387
1761838155506 0.2693433165550232 388
1761838155564 0.2693294584751129 389
1761838155621 0.2693224251270294 390
1761838155678 0.269377738237381 391
1761838155735 0.2694236636161804 392
1761838155791 0.26937663555145264 393
1761838155850 0.26929205656051636 394
1761838155908 0.2692250907421112 395
1761838155965 0.2691257894039154 396
1761838156023 0.2689454257488251 397
1761838156080 0.26879167556762695 398
1761838156136 0.26873159408569336 399
1761838156193 0.2687080502510071 400
