1761838134105 1.7360541820526123 0
1761838134159 0.8741273283958435 1
1761838134213 1.156862497329712 2
1761838134264 1.4860963821411133 3
1761838134316 1.2818381786346436 4
1761838134372 1.728331446647644 5
1761838134426 0.8388217687606812 6
1761838134479 0.7201011180877686 7
1761838134531 0.6900952458381653 8
1761838134589 0.5618761777877808 9
1761838134645 1.281807541847229 10
1761838134699 0.6977473497390747 11
1761838134752 1.243375301361084 12
1761838134803 0.34857800602912903 13
1761838134854 0.9530800580978394 14
1761838134905 0.9578397274017334 15
1761838134956 0.6611829996109009 16
1761838135008 0.0968610867857933 17
1761838135060 1.2048484086990356 18
1761838135111 0.32224607467651367 19
1761838135163 0.801572859287262 20
1761838135218 0.18809795379638672 21
1761838135272 0.21683496236801147 22
1761838135324 0.4385260045528412 23
1761838135375 0.8012060523033142 24
1761838135424 0.7496424913406372 25
1761838135475 0.15174391865730286 26
1761838135527 0.9343563318252563 27
1761838135580 0.36706382036209106 28
1761838135633 0.5512511730194092 29
1761838135685 0.04756239429116249 30
1761838135739 0.8223094940185547 31
1761838135792 0.06514135003089905 32
1761838135846 0.21574750542640686 33
1761838135904 0.49973976612091064 34
1761838135960 0.48789313435554504 35
1761838136014 0.856681764125824 36
1761838136065 0.15907134115695953 37
1761838136116 0.3299800455570221 38
1761838136168 0.4638882577419281 39
1761838136218 0.5047783851623535 40
1761838136270 0.3349311947822571 41
1761838136320 0.4003280997276306 42
1761838136372 0.3531056344509125 43
1761838136424 0.31090548634529114 44
1761838136478 0.14139118790626526 45
1761838136529 0.7626506686210632 46
1761838136581 0.7798054218292236 47
1761838136636 0.6590619683265686 48
1761838136688 0.14273138344287872 49
1761838136741 1.3057342767715454 50
1761838136793 1.0552880764007568 51
1761838136844 1.2106927633285522 52
1761838136895 0.23641622066497803 53
1761838136946 0.255061537027359 54
1761838136997 0.3453260660171509 55
1761838137048 0.6822031140327454 56
1761838137100 0.4651954174041748 57
1761838137151 1.69715416431427 58
1761838137204 1.9681634902954102 59
1761838137256 0.0274717528373003 60
1761838137307 0.18858399987220764 61
1761838137360 0.38299593329429626 62
1761838137411 0.36145883798599243 63
1761838137464 0.47034376859664917 64
1761838137516 0.5677257776260376 65
1761838137568 0.016920357942581177 66
1761838137622 0.3563019037246704 67
1761838137672 0.4124220311641693 68
1761838137725 0.2555912137031555 69
1761838137776 0.32163968682289124 70
1761838137830 0.4885002374649048 71
1761838137881 0.4295119345188141 72
1761838137934 0.7626708745956421 73
1761838138244 0.16264209151268005 74
1761838138299 0.5264406800270081 75
1761838138352 0.17865973711013794 76
1761838138404 0.030148981139063835 77
1761838138455 0.04681798815727234 78
1761838138509 0.43695545196533203 79
1761838138563 0.08264276385307312 80
1761838138617 0.05283549427986145 81
1761838138671 0.34545207023620605 82
1761838138723 0.07921609282493591 83
1761838138777 0.18182826042175293 84
1761838138828 0.7120715975761414 85
1761838138879 1.2100175619125366 86
1761838138931 1.055068850517273 87
1761838138984 0.031041907146573067 88
1761838139037 0.32403191924095154 89
1761838139090 0.2474280595779419 90
1761838139143 1.8706114292144775 91
1761838139196 0.051911868155002594 92
1761838139249 0.9319249987602234 93
1761838139301 0.9696028828620911 94
1761838139355 0.3007782995700836 95
1761838139407 0.0995669737458229 96
1761838139458 0.2639486789703369 97
1761838139511 0.4893781840801239 98
1761838139562 0.20922616124153137 99
1761838139614 0.7738600969314575 100
1761838139665 0.14453396201133728 101
1761838139716 0.2455347776412964 102
1761838139767 0.302595853805542 103
1761838139819 0.09572836011648178 104
1761838139873 0.32668522000312805 105
1761838139925 0.43212568759918213 106
1761838139977 0.1392402946949005 107
1761838140031 0.08567451685667038 108
1761838140085 0.08357083797454834 109
1761838140139 0.2724611759185791 110
1761838140193 0.17915214598178864 111
1761838140246 1.398353099822998 112
1761838140299 0.6564441323280334 113
1761838140351 0.41120821237564087 114
1761838140402 0.1671067476272583 115
1761838140456 0.2367592602968216 116
1761838140508 0.38864853978157043 117
1761838140560 0.31614020466804504 118
1761838140614 0.6732845902442932 119
1761838140666 0.1213383600115776 120
1761838140717 1.345345139503479 121
1761838140770 0.949129045009613 122
1761838140823 0.5204812288284302 123
1761838140876 0.16563285887241364 124
1761838140928 0.30307716131210327 125
1761838140980 1.0401241779327393 126
1761838141033 0.18232275545597076 127
1761838141086 0.2579307556152344 128
1761838141138 0.1386582851409912 129
1761838141191 0.28264474868774414 130
1761838141246 0.5431631803512573 131
1761838141299 0.17742298543453217 132
1761838141351 0.21382960677146912 133
1761838141402 0.19587507843971252 134
1761838141455 0.18071363866329193 135
1761838141508 0.5577296018600464 136
1761838141562 0.07313724607229233 137
1761838141614 0.5932480692863464 138
1761838141667 0.7664036154747009 139
1761838141719 0.0856601670384407 140
1761838141772 0.3354450464248657 141
1761838141825 0.19031688570976257 142
1761838141877 0.4247613847255707 143
1761838141929 0.13465212285518646 144
1761838141980 0.8295257091522217 145
1761838142033 0.669383704662323 146
1761838142088 0.028012190014123917 147
1761838142141 0.12624403834342957 148
1761838142194 0.4251469075679779 149
1761838142249 0.6317367553710938 150
1761838142302 0.0769011378288269 151
1761838142355 0.12024541944265366 152
1761838142409 0.4985395073890686 153
1761838142464 0.20252327620983124 154
1761838142516 0.02808362804353237 155
1761838142570 0.5837390422821045 156
1761838142622 0.5218061208724976 157
1761838142676 0.3071500062942505 158
1761838142729 2.166287660598755 159
1761838142783 0.13880103826522827 160
1761838142835 0.13617131114006042 161
1761838142887 0.025367580354213715 162
1761838142942 0.06084630638360977 163
1761838142996 0.2957161068916321 164
1761838143048 0.3835602402687073 165
1761838143103 0.7189817428588867 166
1761838143156 1.5282069444656372 167
1761838143210 0.317396342754364 168
1761838143264 0.29383838176727295 169
1761838143316 0.4141055941581726 170
1761838143370 0.5437459349632263 171
1761838143422 0.10997909307479858 172
1761838143476 0.20975930988788605 173
1761838143528 0.2024230808019638 174
1761838143581 0.9490741491317749 175
1761838143635 0.14299167692661285 176
1761838143688 0.5726680755615234 177
1761838143739 0.10863195359706879 178
1761838143791 0.3403078317642212 179
1761838143843 0.10519962012767792 180
1761838143898 0.4290796220302582 181
1761838143950 0.17111322283744812 182
1761838144003 1.0673041343688965 183
1761838144055 0.01690533012151718 184
1761838144109 0.5921170115470886 185
1761838144162 0.1639748513698578 186
1761838144213 0.5283541083335876 187
1761838144265 0.11122874915599823 188
1761838144320 0.5049465298652649 189
1761838144372 0.265680193901062 190
1761838144426 0.7664870023727417 191
1761838144480 0.38322123885154724 192
1761838144534 0.0347360260784626 193
1761838144588 0.5165203213691711 194
1761838144639 0.5608710646629333 195
1761838144694 0.28695836663246155 196
1761838144746 1.2129415273666382 197
1761838144798 0.03839005529880524 198
1761838144852 0.9327760934829712 199
1761838144904 0.1562339961528778 200
1761838144958 0.4426077604293823 201
1761838145010 0.12461042404174805 202
1761838145064 0.09672385454177856 203
1761838145118 1.1181814670562744 204
1761838145175 0.49328210949897766 205
1761838145234 0.01928640529513359 206
1761838145290 0.06915400922298431 207
1761838145344 0.6960121393203735 208
1761838145397 0.026145262643694878 209
1761838145449 0.03448599576950073 210
1761838145503 0.11114239692687988 211
1761838145556 0.09975830465555191 212
1761838145610 0.9379532337188721 213
1761838145662 0.14712859690189362 214
1761838145716 0.041304804384708405 215
1761838145768 0.7158199548721313 216
1761838145822 0.32740920782089233 217
1761838145876 1.1519545316696167 218
1761838145931 0.18278592824935913 219
1761838145985 0.09983401000499725 220
1761838146037 0.32732629776000977 221
1761838146092 0.12493505328893661 222
1761838146147 0.14054684340953827 223
1761838146203 1.3502652645111084 224
1761838146258 0.10852807760238647 225
1761838146313 0.36393967270851135 226
1761838146367 0.2646101713180542 227
1761838146419 0.12597407400608063 228
1761838146474 0.6080079674720764 229
1761838146527 0.16588371992111206 230
1761838146580 0.08280329406261444 231
1761838146634 1.0659146308898926 232
1761838146687 0.23876410722732544 233
1761838146741 0.31229498982429504 234
1761838146794 0.43342578411102295 235
1761838146848 0.2673622965812683 236
1761838146901 0.3100871443748474 237
1761838146954 0.25183767080307007 238
1761838147007 0.31830695271492004 239
1761838147069 0.15771187841892242 240
1761838147125 0.3658828139305115 241
1761838147180 0.20319342613220215 242
1761838147235 0.5938851833343506 243
1761838147290 0.3743637502193451 244
1761838147344 0.6002296209335327 245
1761838147403 0.17662453651428223 246
1761838147461 1.104925513267517 247
1761838147521 0.402498722076416 248
1761838147580 0.6825112700462341 249
1761838147635 0.14693593978881836 250
1761838147689 0.16146250069141388 251
1761838147744 0.3991817831993103 252
1761838147798 0.15334314107894897 253
1761838147852 0.2559000551700592 254
1761838147908 1.0682811737060547 255
1761838147965 0.44635194540023804 256
1761838148021 0.060345616191625595 257
1761838148077 0.130407452583313 258
1761838148133 1.6933302879333496 259
1761838148189 0.2401600033044815 260
1761838148243 0.7639687657356262 261
1761838148299 0.2579498887062073 262
1761838148356 0.06565744429826736 263
1761838148414 0.41137751936912537 264
1761838148471 0.568873941898346 265
1761838148527 0.10561450570821762 266
1761838148584 0.4841754138469696 267
1761838148643 0.5844324231147766 268
1761838148700 0.15967166423797607 269
1761838148756 0.08797118812799454 270
1761838148811 1.1928291320800781 271
1761838148868 0.9336689114570618 272
1761838148925 0.2915218472480774 273
1761838148981 0.2335251271724701 274
1761838149043 0.014939848333597183 275
1761838149107 1.341770052909851 276
1761838149167 0.21422524750232697 277
1761838149227 0.164369136095047 278
1761838149286 0.207347571849823 279
1761838149343 0.45699748396873474 280
1761838149401 0.19149282574653625 281
1761838149457 0.5840451717376709 282
1761838149513 0.18549805879592896 283
1761838149569 0.19625090062618256 284
1761838149627 0.3932167887687683 285
1761838149682 0.04493433237075806 286
1761838149738 0.18127799034118652 287
1761838149793 0.27630627155303955 288
1761838149849 0.29281121492385864 289
1761838149907 0.044356703758239746 290
1761838149962 0.9723930954933167 291
1761838150018 0.2684885263442993 292
1761838150071 0.14389972388744354 293
1761838150127 0.43747562170028687 294
1761838150183 0.19623051583766937 295
1761838150239 0.08261901885271072 296
1761838150297 1.1308064460754395 297
1761838150352 0.7543438076972961 298
1761838150409 0.38783347606658936 299
1761838150464 0.11957191675901413 300
1761838150520 0.36694544553756714 301
1761838150578 0.3486082851886749 302
1761838150636 0.21794575452804565 303
1761838150692 0.12135051190853119 304
1761838150748 0.924935519695282 305
1761838150805 0.45067232847213745 306
1761838150860 0.5271427035331726 307
1761838150918 0.10304784774780273 308
1761838150974 0.04661732167005539 309
1761838151029 0.8093353509902954 310
1761838151086 0.1860595941543579 311
1761838151143 0.14565208554267883 312
1761838151200 0.13829253613948822 313
1761838151255 0.144089475274086 314
1761838151312 0.43428388237953186 315
1761838151370 0.34728994965553284 316
1761838151428 0.5215342044830322 317
1761838151487 0.7740929126739502 318
1761838151545 0.841134250164032 319
1761838151601 0.1035318449139595 320
1761838151658 0.10799050331115723 321
1761838151716 0.031286612153053284 322
1761838151774 0.47102534770965576 323
1761838151830 0.5874025225639343 324
1761838151884 0.06471383571624756 325
1761838151941 0.01970636658370495 326
1761838151997 0.48169636726379395 327
1761838152050 0.4466091990470886 328
1761838152103 0.08985663205385208 329
1761838152160 0.6903775334358215 330
1761838152216 0.4521646499633789 331
1761838152271 0.29806584119796753 332
1761838152327 0.1384562999010086 333
1761838152384 0.30615103244781494 334
1761838152439 0.7424269914627075 335
1761838152500 0.07548128068447113 336
1761838152558 0.689106285572052 337
1761838152616 0.5586508512496948 338
1761838152673 0.10442590713500977 339
1761838152728 0.917704701423645 340
1761838152783 0.10271737724542618 341
1761838152842 0.3545886278152466 342
1761838152899 0.26792022585868835 343
1761838152955 0.46722304821014404 344
1761838153011 0.1198606863617897 345
1761838153068 0.22547650337219238 346
1761838153126 0.3567793071269989 347
1761838153185 0.06807451695203781 348
1761838153247 0.06364567577838898 349
1761838153306 1.0934370756149292 350
1761838153367 0.41463518142700195 351
1761838153428 0.143940731883049 352
1761838153487 0.21144801378250122 353
1761838153545 0.20501430332660675 354
1761838153601 0.03733740374445915 355
1761838153656 0.5405630469322205 356
1761838153710 0.1814592182636261 357
1761838153765 0.0880657359957695 358
1761838153824 0.9534493684768677 359
1761838153883 0.23677566647529602 360
1761838153943 0.1340899020433426 361
1761838153998 1.153713345527649 362
1761838154058 0.025287792086601257 363
1761838154116 0.703141987323761 364
1761838154174 1.2996526956558228 365
1761838154230 1.2707476615905762 366
1761838154285 0.09069286286830902 367
1761838154343 0.39154407382011414 368
1761838154401 0.8205605149269104 369
1761838154460 0.08838316053152084 370
1761838154518 0.8853340744972229 371
1761838154576 0.27767226099967957 372
1761838154639 0.6514050364494324 373
1761838154697 0.3785534203052521 374
1761838154756 0.5251445770263672 375
1761838154814 0.8765682578086853 376
1761838154872 1.1298664808273315 377
1761838154929 0.7857880592346191 378
1761838154987 0.15584342181682587 379
1761838155043 0.630729079246521 380
1761838155101 1.3669909238815308 381
1761838155157 0.7723147869110107 382
1761838155217 1.0762830972671509 383
1761838155274 0.12214888632297516 384
1761838155334 0.952980637550354 385
1761838155392 0.17008905112743378 386
1761838155450 0.4512381851673126 387
1761838155506 1.0239731073379517 388
1761838155564 0.39128389954566956 389
1761838155621 0.4793795347213745 390
1761838155678 0.5659089088439941 391
1761838155735 0.05156431719660759 392
1761838155791 1.156181812286377 393
1761838155850 0.06886324286460876 394
1761838155908 0.375163733959198 395
1761838155965 0.33999186754226685 396
1761838156023 1.0293959379196167 397
1761838156080 0.3599340617656708 398
1761838156136 0.5374032855033875 399
1761838156193 1.316648006439209 400
