1761837915941 1.6308531761169434 0
1761837915982 1.3579243421554565 1
1761837916019 1.1996928453445435 2
1761837916056 1.058488368988037 3
1761837916092 0.9593794941902161 4
1761837916126 0.8886867165565491 5
1761837916162 0.8293800354003906 6
1761837916200 0.779388427734375 7
1761837916234 0.7326115965843201 8
1761837916269 0.6928357481956482 9
1761837916303 0.6681495308876038 10
1761837916337 0.6361432075500488 11
1761837916368 0.6089377403259277 12
1761837916401 0.5833207964897156 13
1761837916434 0.5614769458770752 14
1761837916467 0.5423182249069214 15
1761837916499 0.5261685252189636 16
1761837916532 0.5122672915458679 17
1761837916565 0.502066969871521 18
1761837916601 0.49223095178604126 19
1761837916636 0.47980016469955444 20
1761837916672 0.46675461530685425 21
