1761837915941 2.355729341506958 0
1761837915982 0.35248711705207825 1
1761837916019 1.571200966835022 2
1761837916056 1.1838592290878296 3
1761837916092 0.3561367690563202 4
1761837916126 0.598686695098877 5
1761837916162 1.0690101385116577 6
1761837916200 1.607414960861206 7
1761837916234 0.8976271748542786 8
1761837916269 0.31958499550819397 9
1761837916303 0.29774394631385803 10
1761837916337 0.2365134060382843 11
1761837916368 0.5855469703674316 12
1761837916401 0.15002137422561646 13
1761837916434 1.0760689973831177 14
1761837916467 0.013826903887093067 15
1761837916499 0.24096077680587769 16
1761837916532 0.4508991837501526 17
1761837916565 0.45805877447128296 18
1761837916601 0.4914572238922119 19
1761837916636 0.0812973752617836 20
1761837916672 0.26578032970428467 21
