1762793226563 1.7746858596801758 0
1762793226654 1.5405315160751343 1
1762793226745 1.397361159324646 2
1762793226837 1.3001933097839355 3
1762793226929 1.2245235443115234 4
1762793227024 1.1752147674560547 5
1762793227116 1.1237620115280151 6
1762793227208 1.087673544883728 7
1762793227300 1.0550992488861084 8
1762793227391 1.027247428894043 9
1762793227482 0.9975377321243286 10
1762793227574 0.9772497415542603 11
1762793227665 0.9538421034812927 12
1762793227758 0.9293296337127686 13
1762793227848 0.9037805795669556 14
1762793227939 0.8824231028556824 15
1762793228030 0.8631675839424133 16
1762793228120 0.8474721908569336 17
1762793228212 0.8316534757614136 18
1762793228303 0.8217584490776062 19
1762793228394 0.8066152334213257 20
1762793228485 0.7912551164627075 21
1762793228577 0.7762523293495178 22
1762793228668 0.7606706023216248 23
1762793228760 0.7505622506141663 24
1762793228851 0.7398583292961121 25
