1762793226563 1.3777856826782227 0
1762793226654 1.3260682821273804 1
1762793226745 1.1140369176864624 2
1762793226837 1.0204447507858276 3
1762793226929 0.8926665186882019 4
1762793227024 0.6241855621337891 5
1762793227116 0.38186877965927124 6
1762793227208 0.6026569604873657 7
1762793227300 1.182932734489441 8
1762793227391 1.0197594165802002 9
1762793227482 0.4784913659095764 10
1762793227574 0.8948100209236145 11
1762793227665 0.7753273844718933 12
1762793227758 0.9986796379089355 13
1762793227848 0.6747804880142212 14
1762793227939 0.3693085014820099 15
1762793228030 0.3720211684703827 16
1762793228120 0.5407597422599792 17
1762793228212 0.4653661847114563 18
1762793228303 0.5764926671981812 19
1762793228394 0.8309346437454224 20
1762793228485 0.4132094979286194 21
1762793228577 0.37094351649284363 22
1762793228668 0.09724634140729904 23
1762793228760 0.6028113961219788 24
1762793228851 0.6044977307319641 25
