1762793233242 1.7392871379852295 0
1762793233351 1.5368223190307617 1
1762793233454 1.4256356954574585 2
1762793233555 1.3224074840545654 3
1762793233655 1.2509233951568604 4
1762793233762 1.1997365951538086 5
1762793233864 1.1533033847808838 6
1762793233959 1.1132988929748535 7
1762793234058 1.0745649337768555 8
1762793234157 1.0410526990890503 9
1762793234278 1.0173919200897217 10
1762793234383 0.9911636114120483 11
1762793234484 0.9730185866355896 12
1762793234586 0.949329137802124 13
1762793234689 0.9268423914909363 14
1762793234787 0.9060262441635132 15
1762793234879 0.8851088285446167 16
1762793234970 0.8687283396720886 17
1762793235066 0.8571513891220093 18
1762793235176 0.8442725539207458 19
1762793235311 0.829546332359314 20
1762793235422 0.8165183067321777 21
1762793235518 0.8058578968048096 22
1762793235612 0.794314980506897 23
1762793235706 0.7818779945373535 24
1762793235805 0.7726537585258484 25
1762793235900 0.7639074921607971 26
1762793235991 0.7553533315658569 27
1762793236080 0.7465136647224426 28
1762793236173 0.7385092973709106 29
1762793236266 0.7297290563583374 30
1762793236360 0.7213445901870728 31
1762793236452 0.713493287563324 32
1762793236545 0.7043975591659546 33
1762793236635 0.6973733305931091 34
1762793236729 0.6907535791397095 35
1762793236820 0.6827260851860046 36
1762793236911 0.6755565404891968 37
1762793237003 0.6680880784988403 38
1762793237095 0.6619897484779358 39
1762793237187 0.6569193601608276 40
1762793237281 0.650911271572113 41
1762793237377 0.6459140181541443 42
1762793237469 0.6403997540473938 43
1762793237560 0.6359355449676514 44
1762793237655 0.6308495998382568 45
1762793237751 0.6256871223449707 46
1762793237939 0.6199889779090881 47
1762793238037 0.615476131439209 48
1762793238136 0.6102279424667358 49
1762793238230 0.6050531268119812 50
1762793238325 0.6011190414428711 51
1762793238417 0.5964668989181519 52
1762793238509 0.5918118953704834 53
