1762793233242 1.164164423942566 0
1762793233351 2.059549570083618 1
1762793233454 1.5345385074615479 2
1762793233555 0.6133319139480591 3
1762793233655 0.6095237135887146 4
1762793233762 0.9155093431472778 5
1762793233864 1.4513400793075562 6
1762793233959 1.3225679397583008 7
1762793234058 1.116869330406189 8
1762793234157 1.5088460445404053 9
1762793234278 0.7201246023178101 10
1762793234383 0.5316593050956726 11
1762793234484 0.32495245337486267 12
1762793234586 0.41899341344833374 13
1762793234689 0.672347903251648 14
1762793234787 0.9642122983932495 15
1762793234879 0.5462489128112793 16
1762793234970 0.6033093929290771 17
1762793235066 0.5970923900604248 18
1762793235176 0.8523536324501038 19
1762793235311 0.39252933859825134 20
1762793235422 0.5632410645484924 21
1762793235518 0.7337151765823364 22
1762793235612 0.3231377899646759 23
1762793235706 0.45210081338882446 24
1762793235805 0.5984596014022827 25
1762793235900 0.661537766456604 26
1762793235991 0.40524399280548096 27
1762793236080 0.593252420425415 28
1762793236173 0.4619181454181671 29
1762793236266 0.22581402957439423 30
1762793236360 0.23914992809295654 31
1762793236452 0.12035556137561798 32
1762793236545 0.45055097341537476 33
1762793236635 0.6122881174087524 34
1762793236729 0.5149464011192322 35
1762793236820 0.22675567865371704 36
1762793236911 0.3610890507698059 37
1762793237003 0.7619750499725342 38
1762793237095 0.24783951044082642 39
1762793237187 0.6499152779579163 40
1762793237281 0.4951247572898865 41
1762793237377 0.22788619995117188 42
1762793237469 0.34329351782798767 43
1762793237560 0.4233703017234802 44
1762793237655 0.40498852729797363 45
1762793237751 0.5202711224555969 46
1762793237939 0.2141174077987671 47
1762793238037 0.6498668789863586 48
1762793238136 0.17365053296089172 49
1762793238230 0.17060671746730804 50
1762793238325 0.4293178617954254 51
1762793238417 0.07541625946760178 52
1762793238509 0.43355223536491394 53
