1761838032711 1.912803292274475 0
1761838032757 1.5737825632095337 1
1761838032797 1.4182307720184326 2
1761838032842 1.2973004579544067 3
1761838032883 1.218563199043274 4
1761838032925 1.1704055070877075 5
1761838032967 1.1142128705978394 6
1761838033006 1.063022255897522 7
1761838033045 1.0299961566925049 8
1761838033082 0.9917384386062622 9
1761838033118 0.9505501985549927 10
1761838033160 0.9215005040168762 11
1761838033200 0.9007166028022766 12
1761838033239 0.8763185143470764 13
1761838033277 0.8542541265487671 14
1761838033317 0.8346996903419495 15
1761838033355 0.8106248378753662 16
1761838033396 0.7920991778373718 17
1761838033435 0.7726450562477112 18
1761838033473 0.7584492564201355 19
1761838033513 0.7447504997253418 20
1761838033551 0.732683002948761 21
1761838033591 0.7203258275985718 22
1761838033630 0.708666205406189 23
1761838033671 0.6987164616584778 24
1761838033709 0.6879847049713135 25
1761838033752 0.6768333911895752 26
1761838033794 0.6655149459838867 27
1761838033831 0.6545724868774414 28
1761838033870 0.6431158781051636 29
1761838033908 0.6331639885902405 30
1761838033947 0.6224060654640198 31
1761838033987 0.613703727722168 32
1761838034027 0.6069719791412354 33
1761838034068 0.6020333170890808 34
1761838034109 0.5968039631843567 35
1761838034149 0.5899881720542908 36
1761838034189 0.5826064944267273 37
1761838034228 0.5749082565307617 38
