1761838032711 3.68803334236145 0
1761838032757 1.5422669649124146 1
1761838032797 0.41401052474975586 2
1761838032842 0.5844820737838745 3
1761838032883 0.35526520013809204 4
1761838032925 1.066988468170166 5
1761838032967 0.37783634662628174 6
1761838033006 0.8592148423194885 7
1761838033045 1.3400685787200928 8
1761838033082 0.5016641020774841 9
1761838033118 1.103992223739624 10
1761838033160 2.3312828540802 11
1761838033200 0.46460583806037903 12
1761838033239 1.3841792345046997 13
1761838033277 2.4092013835906982 14
1761838033317 1.197704792022705 15
1761838033355 0.3200298845767975 16
1761838033396 0.4801037311553955 17
1761838033435 0.0814637690782547 18
1761838033473 0.06003449112176895 19
1761838033513 1.8515887260437012 20
1761838033551 0.1876974105834961 21
1761838033591 0.1859995573759079 22
1761838033630 0.7401888966560364 23
1761838033671 1.242479681968689 24
1761838033709 0.48395952582359314 25
1761838033752 0.07950129359960556 26
1761838033794 1.0153753757476807 27
1761838033831 0.14255286753177643 28
1761838033870 0.28412845730781555 29
1761838033908 0.9659727811813354 30
1761838033947 0.1885118931531906 31
1761838033987 0.2844051718711853 32
1761838034027 1.7835878133773804 33
1761838034068 0.9804180860519409 34
1761838034109 0.6204184889793396 35
1761838034149 0.10179708153009415 36
1761838034189 0.09963081777095795 37
1761838034228 0.35641250014305115 38
