1762791788146 1.7702494859695435 0
1762791788198 1.525018334388733 1
1762791788247 1.340863823890686 2
1762791788305 1.2366443872451782 3
1762791788356 1.1508642435073853 4
1762791788408 1.083738923072815 5
1762791788458 1.0266534090042114 6
1762791788507 0.982490062713623 7
1762791788558 0.9493972659111023 8
1762791788610 0.9068917036056519 9
1762791788661 0.8770890831947327 10
1762791788711 0.849166989326477 11
1762791788762 0.8241645693778992 12
1762791788813 0.8009816408157349 13
1762791788862 0.7809653282165527 14
1762791788911 0.7582621574401855 15
1762791788959 0.7401769161224365 16
1762791789008 0.7211322784423828 17
1762791789058 0.7025148272514343 18
1762791789112 0.6840384602546692 19
1762791789163 0.6670567393302917 20
1762791789212 0.650480329990387 21
1762791789261 0.6385814547538757 22
1762791789312 0.626340389251709 23
1762791789361 0.6156331300735474 24
