1762791788146 1.4896129369735718 0
1762791788198 1.2585080862045288 1
1762791788247 0.7804495096206665 2
1762791788305 1.170101284980774 3
1762791788356 0.8281506299972534 4
1762791788408 0.624860405921936 5
1762791788458 0.8514788150787354 6
1762791788507 0.729787290096283 7
1762791788558 0.55934077501297 8
1762791788610 0.4394059479236603 9
1762791788661 0.842450737953186 10
1762791788711 0.40845566987991333 11
1762791788762 0.7864118218421936 12
1762791788813 0.6717856526374817 13
1762791788862 0.9592810869216919 14
1762791788911 0.4473644196987152 15
1762791788959 0.24610643088817596 16
1762791789008 0.6043896675109863 17
1762791789058 0.33525553345680237 18
1762791789112 0.3215145170688629 19
1762791789163 0.4273829758167267 20
1762791789212 0.07424308359622955 21
1762791789261 0.5097115635871887 22
1762791789312 0.2494860738515854 23
1762791789361 0.2855684757232666 24
