1762792463782 1.740996241569519 0
1762792463873 1.5318471193313599 1
1762792463967 1.3840439319610596 2
1762792464061 1.2958662509918213 3
1762792464153 1.2369154691696167 4
1762792464245 1.1895151138305664 5
1762792464336 1.1484020948410034 6
1762792464428 1.1070669889450073 7
1762792464520 1.0755019187927246 8
1762792464611 1.0413143634796143 9
1762792464702 1.0179396867752075 10
1762792464794 0.9925971627235413 11
1762792464885 0.9672974348068237 12
1762792464978 0.9433701634407043 13
1762792465066 0.9200538992881775 14
1762792465157 0.9007734656333923 15
1762792465248 0.8834548592567444 16
1762792465340 0.8677136301994324 17
1762792465431 0.8544574975967407 18
1762792465522 0.8397247195243835 19
1762792465613 0.824561595916748 20
1762792465706 0.8120000958442688 21
1762792465799 0.7979419231414795 22
