1762792463782 1.7485276460647583 0
1762792463873 1.3685541152954102 1
1762792463967 1.7223588228225708 2
1762792464061 1.3832406997680664 3
1762792464153 0.5812493562698364 4
1762792464245 0.5301240086555481 5
1762792464336 0.5430111289024353 6
1762792464428 1.023184061050415 7
1762792464520 1.2534161806106567 8
1762792464611 0.875821053981781 9
1762792464702 0.6806193590164185 10
1762792464794 1.0019861459732056 11
1762792464885 0.8516390323638916 12
1762792464978 0.8125139474868774 13
1762792465066 0.9538827538490295 14
1762792465157 0.16333122551441193 15
1762792465248 1.1286219358444214 16
1762792465340 0.6481331586837769 17
1762792465431 0.5199549794197083 18
1762792465522 0.7582657337188721 19
1762792465613 0.4987300932407379 20
1762792465706 0.601854681968689 21
1762792465799 0.7134935259819031 22
