1762791791627 1.7743891477584839 0
1762791791679 1.4873929023742676 1
1762791791730 1.3524547815322876 2
1762791791781 1.2532886266708374 3
1762791791834 1.1768038272857666 4
1762791791886 1.108911156654358 5
1762791791935 1.06162428855896 6
1762791791983 1.0177608728408813 7
1762791792033 0.9781293869018555 8
1762791792084 0.9417753219604492 9
1762791792134 0.9104426503181458 10
1762791792185 0.8813387155532837 11
1762791792234 0.8493900299072266 12
1762791792284 0.821441650390625 13
1762791792336 0.7989776730537415 14
1762791792389 0.7758946418762207 15
1762791792442 0.7554908394813538 16
1762791792493 0.7347505688667297 17
1762791792543 0.7162981629371643 18
1762791792595 0.6986144781112671 19
1762791792646 0.6842322945594788 20
1762791792695 0.6712079644203186 21
1762791792745 0.6571072936058044 22
1762791792794 0.6434705853462219 23
