1762791791627 1.6071926355361938 0
1762791791679 1.1392748355865479 1
1762791791730 0.9343134164810181 2
1762791791781 1.1174836158752441 3
1762791791834 0.7200401425361633 4
1762791791886 0.7018400430679321 5
1762791791935 1.104508399963379 6
1762791791983 0.6955488920211792 7
1762791792033 0.8052005171775818 8
1762791792084 0.7015655040740967 9
1762791792134 0.6566078662872314 10
1762791792185 0.6357579231262207 11
1762791792234 0.32646623253822327 12
1762791792284 0.6298773288726807 13
1762791792336 1.0458821058273315 14
1762791792389 0.3116183876991272 15
1762791792442 0.43310075998306274 16
1762791792493 0.7727183103561401 17
1762791792543 0.44425514340400696 18
1762791792595 0.4843103289604187 19
1762791792646 0.4852235019207001 20
1762791792695 0.34800416231155396 21
1762791792745 0.1831548810005188 22
1762791792794 0.42196595668792725 23
