1763905519937 1.7335952520370483 0
1763905520033 1.5267010927200317 1
1763905520129 1.3866052627563477 2
1763905520222 1.2960885763168335 3
1763905520313 1.2340271472930908 4
1763905520406 1.1866666078567505 5
1763905520500 1.1326504945755005 6
1763905520593 1.1004375219345093 7
1763905520685 1.0697580575942993 8
1763905520777 1.0378742218017578 9
1763905520870 1.0103205442428589 10
1763905520961 0.985409140586853 11
1763905521052 0.962948203086853 12
1763905521140 0.9389533400535583 13
1763905521234 0.9175454378128052 14
1763905521325 0.8994351029396057 15
1763905521417 0.8799609541893005 16
1763905521509 0.8632474541664124 17
1763905521601 0.8494898676872253 18
1763905521691 0.8337500095367432 19
1763905521782 0.8186610341072083 20
1763905521873 0.8038715124130249 21
1763905521963 0.7912096381187439 22
1763905522054 0.7820290327072144 23
1763905522147 0.7712087631225586 24
1763905522238 0.7591589093208313 25
1763905522329 0.7506019473075867 26
1763905522419 0.7423532605171204 27
1763905522509 0.7337552309036255 28
1763905522600 0.7242148518562317 29
1763905522690 0.7140578031539917 30
1763905522782 0.7056593894958496 31
1763905522872 0.6968420743942261 32
1763905522964 0.6904792189598083 33
1763905523051 0.683899998664856 34
1763905523138 0.6776483058929443 35
1763905523228 0.6710476875305176 36
1763905523319 0.6639016270637512 37
1763905523410 0.6579108834266663 38
1763905523502 0.6522397398948669 39
1763905523593 0.6443901062011719 40
1763905523684 0.6362460851669312 41
1763905523776 0.6289701461791992 42
1763905523867 0.6216514706611633 43
1763905523958 0.6146898865699768 44
1763905524049 0.607606053352356 45
1763905524141 0.6003843545913696 46
1763905524232 0.5938908457756042 47
1763905524322 0.5879227519035339 48
1763905524411 0.581535816192627 49
1763905524502 0.5751906633377075 50
1763905524594 0.5690476894378662 51
1763905524686 0.5626826882362366 52
1763905524777 0.5566344857215881 53
1763905524869 0.5512356162071228 54
1763905524960 0.5452082753181458 55
1763905525053 0.5399485230445862 56
1763905525145 0.5348424315452576 57
1763905525239 0.5298944115638733 58
1763905525330 0.5246677398681641 59
1763905525421 0.5198281407356262 60
1763905525512 0.514832079410553 61
1763905525603 0.5103806853294373 62
1763905525695 0.5059389472007751 63
1763905525786 0.5016767382621765 64
1763905525876 0.4975318908691406 65
1763905525967 0.4935312271118164 66
1763905526058 0.4899621307849884 67
1763905526156 0.48583847284317017 68
1763905526255 0.48166441917419434 69
1763905526349 0.47821494936943054 70
1763905526444 0.4744526445865631 71
1763905526536 0.4708481431007385 72
1763905526628 0.46752387285232544 73
1763905526721 0.46378564834594727 74
1763905526817 0.46074292063713074 75
1763905526911 0.4575250446796417 76
1763905527003 0.4543823301792145 77
1763905527111 0.4516606330871582 78
1763905527207 0.4484616816043854 79
1763905527302 0.4458122253417969 80
1763905527395 0.4430985152721405 81
1763905527493 0.44030332565307617 82
1763905527597 0.43732064962387085 83
1763905527700 0.43460026383399963 84
1763905527810 0.43207478523254395 85
1763905527923 0.4295607805252075 86
1763905528022 0.42709362506866455 87
1763905528119 0.4244149923324585 88
1763905528218 0.4220135509967804 89
1763905528315 0.4199511706829071 90
1763905528411 0.41745248436927795 91
1763905528511 0.41526347398757935 92
1763905528608 0.4129122793674469 93
1763905528701 0.41079825162887573 94
1763905528794 0.40865686535835266 95
1763905528886 0.40650078654289246 96
1763905528984 0.4045819342136383 97
1763905529111 0.40285494923591614 98
1763905529231 0.4006699323654175 99
1763905529333 0.398739755153656 100
1763905529430 0.39670008420944214 101
1763905529525 0.3948639929294586 102
1763905529618 0.39312800765037537 103
1763905529713 0.3914097249507904 104
1763905529841 0.3898783028125763 105
1763905529935 0.38838502764701843 106
1763905530029 0.3867879807949066 107
1763905530123 0.38501712679862976 108
1763905530223 0.38324999809265137 109
1763905530323 0.38177382946014404 110
1763905530419 0.3800787329673767 111
1763905530520 0.37849122285842896 112
1763905530648 0.3769383132457733 113
1763905530757 0.37567412853240967 114
1763905530862 0.37395617365837097 115
1763905530961 0.3725415766239166 116
1763905531056 0.3709472715854645 117
1763905531159 0.36980485916137695 118
1763905531258 0.3683251142501831 119
1763905531361 0.36702293157577515 120
1763905531476 0.3657911419868469 121
1763905531588 0.36467480659484863 122
1763905531713 0.3634328246116638 123
1763905531874 0.362042099237442 124
1763905531986 0.36062368750572205 125
1763905532103 0.35944098234176636 126
1763905532213 0.3580891788005829 127
1763905532314 0.3570041060447693 128
1763905532413 0.3561197817325592 129
1763905532506 0.3549456298351288 130
1763905532614 0.35367658734321594 131
1763905532720 0.3524259924888611 132
1763905532829 0.35141369700431824 133
1763905532922 0.35028544068336487 134
1763905533021 0.34919828176498413 135
1763905533118 0.34811174869537354 136
1763905533213 0.3471445143222809 137
1763905533309 0.3461977541446686 138
1763905533402 0.3453673720359802 139
1763905533497 0.3445124924182892 140
1763905533599 0.34347274899482727 141
1763905533713 0.3427242636680603 142
1763905533848 0.3418779969215393 143
1763905533975 0.3408745527267456 144
1763905534074 0.3403303623199463 145
1763905534171 0.33943626284599304 146
1763905534273 0.33856940269470215 147
1763905534379 0.3378627598285675 148
1763905534481 0.33687877655029297 149
1763905534586 0.33607718348503113 150
1763905534688 0.3352729380130768 151
1763905534788 0.33460524678230286 152
1763905534884 0.333820104598999 153
1763905534983 0.33284664154052734 154
1763905535084 0.3321089744567871 155
1763905535185 0.3313663601875305 156
1763905535287 0.33056244254112244 157
1763905535390 0.3296029269695282 158
1763905535488 0.32859814167022705 159
1763905535583 0.3279006779193878 160
1763905535678 0.32749441266059875 161
1763905535774 0.3267557621002197 162
1763905535870 0.3260723650455475 163
1763905535987 0.3253573179244995 164
1763905536085 0.3247157037258148 165
1763905536182 0.3240449130535126 166
1763905536282 0.3233722150325775 167
1763905536386 0.32270413637161255 168
1763905536487 0.3222951292991638 169
1763905536588 0.32167258858680725 170
1763905536686 0.32099705934524536 171
1763905536785 0.32023242115974426 172
1763905536894 0.31955453753471375 173
1763905536998 0.3189047873020172 174
1763905537102 0.31828171014785767 175
1763905537204 0.3175972104072571 176
1763905537302 0.3168184459209442 177
1763905537401 0.31620466709136963 178
1763905537495 0.31551122665405273 179
1763905537590 0.3150726854801178 180
1763905537686 0.3143671154975891 181
1763905537784 0.3135776221752167 182
1763905537882 0.31304895877838135 183
1763905537980 0.31226223707199097 184
1763905538077 0.31164824962615967 185
1763905538183 0.31111645698547363 186
1763905538284 0.31063470244407654 187
1763905538380 0.3099561929702759 188
1763905538482 0.30940866470336914 189
1763905538609 0.30914604663848877 190
1763905538716 0.3086017668247223 191
1763905538818 0.3080536425113678 192
1763905538917 0.3074532449245453 193
1763905539009 0.3068423271179199 194
1763905539105 0.3063375651836395 195
1763905539197 0.30599796772003174 196
1763905539290 0.30543744564056396 197
1763905539383 0.3049777150154114 198
1763905539477 0.3044130504131317 199
1763905539570 0.3038167655467987 200
1763905539663 0.303332656621933 201
1763905539756 0.3028843104839325 202
1763905539850 0.30257678031921387 203
1763905539943 0.302015483379364 204
1763905540036 0.3015781342983246 205
1763905540129 0.3014640510082245 206
1763905540224 0.30106121301651 207
1763905540330 0.3007611930370331 208
1763905540428 0.3006543219089508 209
1763905540530 0.3001583218574524 210
1763905540628 0.2997538447380066 211
1763905540724 0.2992728054523468 212
1763905540824 0.29884520173072815 213
1763905540921 0.2984391450881958 214
1763905541018 0.298116534948349 215
1763905541115 0.2977176308631897 216
1763905541209 0.29721808433532715 217
1763905541306 0.29712679982185364 218
1763905541401 0.29680174589157104 219
1763905541498 0.2964370846748352 220
1763905541594 0.2959626317024231 221
1763905541687 0.2955658733844757 222
1763905541781 0.2953335642814636 223
1763905541877 0.2949433922767639 224
1763905541970 0.29462864995002747 225
1763905542063 0.2943054735660553 226
1763905542156 0.2938416600227356 227
1763905542249 0.29354190826416016 228
1763905542342 0.29305535554885864 229
1763905542437 0.29267701506614685 230
1763905542533 0.29254722595214844 231
1763905542632 0.29207250475883484 232
1763905542725 0.291646808385849 233
1763905542819 0.29125678539276123 234
1763905542913 0.2909259796142578 235
1763905543006 0.29048821330070496 236
1763905543102 0.2901957929134369 237
1763905543198 0.2898767590522766 238
1763905543290 0.28944963216781616 239
1763905543385 0.28910765051841736 240
1763905543481 0.2886543869972229 241
1763905543575 0.2882574200630188 242
1763905543668 0.28785282373428345 243
1763905543763 0.2875431776046753 244
1763905543858 0.2874102294445038 245
1763905543951 0.2871191203594208 246
1763905544044 0.28676021099090576 247
1763905544137 0.2864351272583008 248
1763905544231 0.28614693880081177 249
1763905544324 0.28585687279701233 250
1763905544416 0.2857053577899933 251
1763905544508 0.28547507524490356 252
1763905544601 0.28529030084609985 253
1763905544694 0.285085529088974 254
1763905544788 0.2848290801048279 255
1763905544881 0.28469520807266235 256
1763905544975 0.2843411862850189 257
1763905545069 0.28407928347587585 258
1763905545162 0.28366783261299133 259
1763905545256 0.28340548276901245 260
1763905545348 0.28311073780059814 261
1763905545441 0.28292492032051086 262
1763905545534 0.2826788127422333 263
1763905545628 0.28242751955986023 264
1763905545720 0.2820951044559479 265
1763905545815 0.2818540334701538 266
1763905545909 0.28151842951774597 267
1763905546002 0.28135180473327637 268
1763905546097 0.28120625019073486 269
1763905546190 0.28096067905426025 270
1763905546283 0.2807967960834503 271
1763905546377 0.28060638904571533 272
1763905546470 0.2803920805454254 273
1763905546563 0.2800377607345581 274
1763905546657 0.2798651456832886 275
1763905546751 0.27961766719818115 276
1763905546844 0.2795335352420807 277
1763905546937 0.2793017029762268 278
1763905547031 0.27912187576293945 279
1763905547124 0.27890029549598694 280
1763905547217 0.2786487936973572 281
1763905547311 0.27842697501182556 282
1763905547406 0.27818411588668823 283
1763905547499 0.27791616320610046 284
1763905547592 0.2776447832584381 285
1763905547686 0.27747729420661926 286
1763905547782 0.27732327580451965 287
1763905547877 0.2769322991371155 288
1763905547972 0.2766934037208557 289
1763905548068 0.27641192078590393 290
1763905548163 0.27621692419052124 291
1763905548258 0.27592307329177856 292
1763905548352 0.2756389081478119 293
1763905548446 0.27551916241645813 294
1763905548540 0.2754332423210144 295
1763905548635 0.27523964643478394 296
1763905548728 0.274984210729599 297
1763905548822 0.27473676204681396 298
1763905548917 0.27463391423225403 299
1763905549008 0.2744029462337494 300
1763905549104 0.2741438150405884 301
1763905549198 0.2740055322647095 302
1763905549293 0.27381187677383423 303
1763905549386 0.27356255054473877 304
1763905549479 0.27340370416641235 305
1763905549574 0.27324315905570984 306
1763905549667 0.273049920797348 307
1763905549761 0.27292507886886597 308
1763905549855 0.2726856470108032 309
1763905549950 0.27238234877586365 310
1763905550043 0.2721834182739258 311
1763905550138 0.27195438742637634 312
1763905550244 0.27187126874923706 313
1763905550351 0.27185896039009094 314
1763905550455 0.2717073857784271 315
1763905550553 0.27135875821113586 316
1763905550648 0.2712392807006836 317
1763905550743 0.27104848623275757 318
1763905550836 0.27080029249191284 319
1763905550933 0.27052298188209534 320
1763905551031 0.27025723457336426 321
1763905551134 0.27004727721214294 322
1763905551234 0.26993924379348755 323
1763905551338 0.2697211503982544 324
1763905551437 0.2694685161113739 325
1763905551533 0.26929908990859985 326
1763905551628 0.26922428607940674 327
1763905551722 0.26899874210357666 328
1763905551821 0.2688133120536804 329
1763905551919 0.2685885429382324 330
1763905552015 0.26833078265190125 331
1763905552112 0.26814618706703186 332
1763905552207 0.2679532468318939 333
1763905552300 0.2677380442619324 334
1763905552397 0.2676057815551758 335
1763905552513 0.267591267824173 336
1763905552610 0.26743319630622864 337
1763905552707 0.2672845423221588 338
1763905552803 0.26716503500938416 339
1763905552897 0.26706594228744507 340
1763905552993 0.26686638593673706 341
1763905553086 0.26678726077079773 342
1763905553180 0.26668885350227356 343
1763905553276 0.26647433638572693 344
1763905553374 0.2663227617740631 345
1763905553471 0.2661342918872833 346
1763905553568 0.2659909725189209 347
1763905553662 0.2659607231616974 348
1763905553756 0.26574066281318665 349
1763905553851 0.2655862867832184 350
1763905553947 0.2653585970401764 351
1763905554041 0.2652977406978607 352
1763905554135 0.26519984006881714 353
1763905554229 0.26503920555114746 354
1763905554323 0.26481813192367554 355
1763905554417 0.26466605067253113 356
1763905554512 0.2643796503543854 357
1763905554606 0.2642333209514618 358
1763905554700 0.2641180753707886 359
1763905554795 0.26394081115722656 360
1763905554889 0.2637869715690613 361
1763905554984 0.26368528604507446 362
1763905555078 0.26347145438194275 363
1763905555172 0.2632659077644348 364
1763905555267 0.2631899416446686 365
1763905555362 0.263060986995697 366
1763905555458 0.2629798948764801 367
1763905555553 0.2627980411052704 368
1763905555648 0.2626350224018097 369
1763905555742 0.2624981105327606 370
1763905555838 0.2623913586139679 371
1763905555933 0.26220887899398804 372
1763905556028 0.2621283233165741 373
1763905556124 0.26196423172950745 374
1763905556220 0.26191970705986023 375
1763905556315 0.26178547739982605 376
1763905556409 0.2616945207118988 377
1763905556504 0.2615243196487427 378
1763905556599 0.2612919807434082 379
1763905556693 0.26117369532585144 380
1763905556788 0.2610682249069214 381
1763905556881 0.26084592938423157 382
1763905556975 0.2605954110622406 383
1763905557071 0.2604305148124695 384
1763905557166 0.26030316948890686 385
1763905557261 0.2600957453250885 386
1763905557355 0.25993481278419495 387
1763905557450 0.25976911187171936 388
1763905557544 0.259570449590683 389
1763905557639 0.2593696415424347 390
1763905557733 0.25914010405540466 391
1763905557829 0.2590482831001282 392
1763905557925 0.2589794397354126 393
1763905558019 0.25883978605270386 394
1763905558115 0.2587127983570099 395
1763905558212 0.25855210423469543 396
1763905558307 0.25848498940467834 397
1763905558401 0.25831007957458496 398
1763905558495 0.25821608304977417 399
1763905558590 0.2580884099006653 400
