1763905519937 1.6087266206741333 0
1763905520033 1.1247726678848267 1
1763905520129 0.8939204812049866 2
1763905520222 1.1027964353561401 3
1763905520313 1.099408507347107 4
1763905520406 1.1268439292907715 5
1763905520500 1.0168068408966064 6
1763905520593 0.49442601203918457 7
1763905520685 0.5393474102020264 8
1763905520777 0.8798436522483826 9
1763905520870 0.7592750787734985 10
1763905520961 0.43160268664360046 11
1763905521052 0.3252374231815338 12
1763905521140 0.8867864608764648 13
1763905521234 0.455831378698349 14
1763905521325 0.6746099591255188 15
1763905521417 0.6830421686172485 16
1763905521509 0.8011941909790039 17
1763905521601 0.5223332643508911 18
1763905521691 0.3142186105251312 19
1763905521782 0.8603534698486328 20
1763905521873 0.5884410738945007 21
1763905521963 0.8080555200576782 22
1763905522054 0.5497037768363953 23
1763905522147 0.8615185022354126 24
1763905522238 0.4416636824607849 25
1763905522329 0.44948193430900574 26
1763905522419 0.2545194923877716 27
1763905522509 0.4293329417705536 28
1763905522600 0.21048305928707123 29
1763905522690 0.3847983181476593 30
1763905522782 0.4502255916595459 31
1763905522872 0.9420406222343445 32
1763905522964 0.34216630458831787 33
1763905523051 0.7871984839439392 34
1763905523138 0.18894343078136444 35
1763905523228 1.227081060409546 36
1763905523319 0.5667756199836731 37
1763905523410 0.11874369531869888 38
1763905523502 0.34745851159095764 39
1763905523593 0.13776259124279022 40
1763905523684 0.4582138657569885 41
1763905523776 0.24144960939884186 42
1763905523867 0.3339976370334625 43
1763905523958 0.21932674944400787 44
1763905524049 0.1883257031440735 45
1763905524141 0.09292211383581161 46
1763905524232 0.16408871114253998 47
1763905524322 0.19139449298381805 48
1763905524411 0.4966667890548706 49
1763905524502 0.11041846871376038 50
1763905524594 0.17625516653060913 51
1763905524686 0.26694682240486145 52
1763905524777 0.28489524126052856 53
1763905524869 0.37441304326057434 54
1763905524960 0.2479737401008606 55
1763905525053 0.2824295461177826 56
1763905525145 0.19179415702819824 57
1763905525239 0.20830728113651276 58
1763905525330 0.12924736738204956 59
1763905525421 0.1711818426847458 60
1763905525512 0.26594793796539307 61
1763905525603 0.15868687629699707 62
1763905525695 0.18581092357635498 63
1763905525786 0.20543904602527618 64
1763905525876 0.139531672000885 65
1763905525967 0.05988060310482979 66
1763905526058 0.12016820907592773 67
1763905526156 0.1379851996898651 68
1763905526255 0.33846399188041687 69
1763905526349 0.24870607256889343 70
1763905526444 0.5726795792579651 71
1763905526536 0.1516525000333786 72
1763905526628 0.1175009086728096 73
1763905526721 0.10760390758514404 74
1763905526817 0.03586313873529434 75
1763905526911 0.06491910666227341 76
1763905527003 0.3683346211910248 77
1763905527111 0.18585461378097534 78
1763905527207 0.21311526000499725 79
1763905527302 0.1633344292640686 80
1763905527395 0.060814086347818375 81
1763905527493 0.21217142045497894 82
1763905527597 0.05735825002193451 83
1763905527700 0.38969406485557556 84
1763905527810 0.18267206847667694 85
1763905527923 0.10593438148498535 86
1763905528022 0.12193252146244049 87
1763905528119 0.021602636203169823 88
1763905528218 0.12106630951166153 89
1763905528315 0.23834329843521118 90
1763905528411 0.10359299927949905 91
1763905528511 0.11301371455192566 92
1763905528608 0.14084814488887787 93
1763905528701 0.1775318831205368 94
1763905528794 0.09086807072162628 95
1763905528886 0.16344845294952393 96
1763905528984 0.10864374041557312 97
1763905529111 0.1257571130990982 98
1763905529231 0.23870117962360382 99
1763905529333 0.18733511865139008 100
1763905529430 0.2091330587863922 101
1763905529525 0.2691214084625244 102
1763905529618 0.7797631621360779 103
1763905529713 0.0443032905459404 104
1763905529841 0.19997791945934296 105
1763905529935 0.14502446353435516 106
1763905530029 0.41916796565055847 107
1763905530123 0.08296254277229309 108
1763905530223 0.03596924617886543 109
1763905530323 0.13923998177051544 110
1763905530419 0.07592041045427322 111
1763905530520 0.03818023204803467 112
1763905530648 0.26346126198768616 113
1763905530757 0.037738025188446045 114
1763905530862 0.07175954431295395 115
1763905530961 0.14091426134109497 116
1763905531056 0.2674635648727417 117
1763905531159 0.29437804222106934 118
1763905531258 0.276370644569397 119
1763905531361 0.2557860314846039 120
1763905531476 0.07974141836166382 121
1763905531588 0.13780595362186432 122
1763905531713 0.46204227209091187 123
1763905531874 0.14095531404018402 124
1763905531986 0.18230386078357697 125
1763905532103 0.19171811640262604 126
1763905532213 0.17744465172290802 127
1763905532314 0.12535585463047028 128
1763905532413 0.7548226714134216 129
1763905532506 0.11195658892393112 130
1763905532614 0.29217419028282166 131
1763905532720 0.3295916020870209 132
1763905532829 0.06974132359027863 133
1763905532922 0.17393681406974792 134
1763905533021 0.07221376150846481 135
1763905533118 0.2408980131149292 136
1763905533213 0.07720224559307098 137
1763905533309 0.3281603753566742 138
1763905533402 0.23251323401927948 139
1763905533497 0.06529848277568817 140
1763905533599 0.22765874862670898 141
1763905533713 0.029829997569322586 142
1763905533848 0.3245253264904022 143
1763905533975 0.47804173827171326 144
1763905534074 0.2026495635509491 145
1763905534171 0.3915652632713318 146
1763905534273 0.21482066810131073 147
1763905534379 0.16035285592079163 148
1763905534481 0.1941259801387787 149
1763905534586 0.608883261680603 150
1763905534688 0.2533831298351288 151
1763905534788 0.19152987003326416 152
1763905534884 0.12210524082183838 153
1763905534983 0.24098825454711914 154
1763905535084 0.09131810069084167 155
1763905535185 0.2543499171733856 156
1763905535287 0.3736821115016937 157
1763905535390 0.2763471007347107 158
1763905535488 0.22776532173156738 159
1763905535583 0.24876932799816132 160
1763905535678 0.9671511650085449 161
1763905535774 0.0762418657541275 162
1763905535870 0.5582351088523865 163
1763905535987 0.4369085729122162 164
1763905536085 0.16168755292892456 165
1763905536182 0.1015591248869896 166
1763905536282 0.1345224827528 167
1763905536386 0.22001606225967407 168
1763905536487 0.1374700963497162 169
1763905536588 0.04727727174758911 170
1763905536686 0.09243058413267136 171
1763905536785 0.10369311273097992 172
1763905536894 0.12300650030374527 173
1763905536998 0.34492558240890503 174
1763905537102 0.09733667224645615 175
1763905537204 0.1188187450170517 176
1763905537302 0.16857661306858063 177
1763905537401 0.040198683738708496 178
1763905537495 0.06787697225809097 179
1763905537590 0.05050927773118019 180
1763905537686 0.04496486857533455 181
1763905537784 0.031832341104745865 182
1763905537882 0.09583179652690887 183
1763905537980 0.08320995420217514 184
1763905538077 0.5056348443031311 185
1763905538183 0.34692978858947754 186
1763905538284 0.05091717094182968 187
1763905538380 0.25753355026245117 188
1763905538482 0.04474608972668648 189
1763905538609 0.25926458835601807 190
1763905538716 0.04874808341264725 191
1763905538818 0.286508709192276 192
1763905538917 0.10251037776470184 193
1763905539009 0.3337385058403015 194
1763905539105 0.24111810326576233 195
1763905539197 0.4038512408733368 196
1763905539290 0.1501954346895218 197
1763905539383 0.18475642800331116 198
1763905539477 0.07714486122131348 199
1763905539570 0.21211153268814087 200
1763905539663 0.2180318385362625 201
1763905539756 0.28999027609825134 202
1763905539850 0.29872867465019226 203
1763905539943 0.3265257477760315 204
1763905540036 0.23998410999774933 205
1763905540129 0.03565915301442146 206
1763905540224 0.3884185552597046 207
1763905540330 0.1317422240972519 208
1763905540428 0.3978640139102936 209
1763905540530 0.017416518181562424 210
1763905540628 0.8854680061340332 211
1763905540724 0.10744607448577881 212
1763905540824 0.025834230706095695 213
1763905540921 0.025230564177036285 214
1763905541018 0.24671943485736847 215
1763905541115 0.1807151883840561 216
1763905541209 0.027638288214802742 217
1763905541306 0.25216400623321533 218
1763905541401 0.45719829201698303 219
1763905541498 0.093721903860569 220
1763905541594 0.2159135788679123 221
1763905541687 0.12392044067382812 222
1763905541781 0.07192034274339676 223
1763905541877 0.4217287302017212 224
1763905541970 0.11293213814496994 225
1763905542063 0.06522893160581589 226
1763905542156 0.21856412291526794 227
1763905542249 0.2581343650817871 228
1763905542342 0.17118346691131592 229
1763905542437 0.09722143411636353 230
1763905542533 0.3048335909843445 231
1763905542632 0.16230154037475586 232
1763905542725 0.04779105633497238 233
1763905542819 0.2864723205566406 234
1763905542913 0.23927760124206543 235
1763905543006 0.14364130795001984 236
1763905543102 0.030912404879927635 237
1763905543198 0.05562526732683182 238
1763905543290 0.10902297496795654 239
1763905543385 0.44030505418777466 240
1763905543481 0.0634731650352478 241
1763905543575 0.03255242854356766 242
1763905543668 0.14962545037269592 243
1763905543763 0.1042070984840393 244
1763905543858 0.5074275732040405 245
1763905543951 0.2692308723926544 246
1763905544044 0.4599143862724304 247
1763905544137 0.07052101194858551 248
1763905544231 0.026980280876159668 249
1763905544324 0.08625676482915878 250
1763905544416 0.35586977005004883 251
1763905544508 0.2555112838745117 252
1763905544601 0.05030805990099907 253
1763905544694 0.25811967253685 254
1763905544788 0.20506803691387177 255
1763905544881 0.2835597097873688 256
1763905544975 0.6597980856895447 257
1763905545069 0.27163076400756836 258
1763905545162 0.5995636582374573 259
1763905545256 0.287396103143692 260
1763905545348 0.06663641333580017 261
1763905545441 0.407127320766449 262
1763905545534 0.20193569362163544 263
1763905545628 0.5976632833480835 264
1763905545720 0.10717460513114929 265
1763905545815 0.18270783126354218 266
1763905545909 0.26546964049339294 267
1763905546002 0.29596343636512756 268
1763905546097 0.3092007637023926 269
1763905546190 0.25124257802963257 270
1763905546283 0.036891162395477295 271
1763905546377 0.2769603133201599 272
1763905546470 0.16964471340179443 273
1763905546563 0.07305509597063065 274
1763905546657 0.06863740086555481 275
1763905546751 0.21968141198158264 276
1763905546844 0.12455522269010544 277
1763905546937 0.13571017980575562 278
1763905547031 0.2078302502632141 279
1763905547124 0.399111270904541 280
1763905547217 0.028659161180257797 281
1763905547311 0.07956823706626892 282
1763905547406 0.12662388384342194 283
1763905547499 0.12294039130210876 284
1763905547592 0.2736961245536804 285
1763905547686 0.06240903213620186 286
1763905547782 0.11405529826879501 287
1763905547877 0.0724879577755928 288
1763905547972 0.07965411990880966 289
1763905548068 0.20033536851406097 290
1763905548163 0.30153611302375793 291
1763905548258 0.19013629853725433 292
1763905548352 0.06524983048439026 293
1763905548446 0.05208061635494232 294
1763905548540 0.47873637080192566 295
1763905548635 0.07747667282819748 296
1763905548728 0.42687973380088806 297
1763905548822 0.1316312998533249 298
1763905548917 0.29449132084846497 299
1763905549008 0.141403928399086 300
1763905549104 0.20929507911205292 301
1763905549198 0.14625395834445953 302
1763905549293 0.16054171323776245 303
1763905549386 0.2409353107213974 304
1763905549479 0.057545848190784454 305
1763905549574 0.06292733550071716 306
1763905549667 0.09124886989593506 307
1763905549761 0.04433256387710571 308
1763905549855 0.10226546972990036 309
1763905549950 0.2966754734516144 310
1763905550043 0.381281316280365 311
1763905550138 0.17946162819862366 312
1763905550244 0.46658051013946533 313
1763905550351 0.03631548956036568 314
1763905550455 0.027287060394883156 315
1763905550553 0.4032309949398041 316
1763905550648 0.39528408646583557 317
1763905550743 0.6861183047294617 318
1763905550836 0.061247311532497406 319
1763905550933 0.06043558567762375 320
1763905551031 0.12956906855106354 321
1763905551134 0.23910126090049744 322
1763905551234 0.01906703971326351 323
1763905551338 0.17297041416168213 324
1763905551437 0.25102946162223816 325
1763905551533 0.21688655018806458 326
1763905551628 0.29614895582199097 327
1763905551722 0.12483959645032883 328
1763905551821 0.06436561793088913 329
1763905551919 0.25845420360565186 330
1763905552015 0.1818816065788269 331
1763905552112 0.26259005069732666 332
1763905552207 0.13225065171718597 333
1763905552300 0.0773453488945961 334
1763905552397 0.07764717936515808 335
1763905552513 0.44571706652641296 336
1763905552610 0.12934352457523346 337
1763905552707 0.05508666858077049 338
1763905552803 0.5237144827842712 339
1763905552897 0.029012329876422882 340
1763905552993 0.084218829870224 341
1763905553086 0.08384349942207336 342
1763905553180 0.16296687722206116 343
1763905553276 0.27066001296043396 344
1763905553374 0.5448958873748779 345
1763905553471 0.17538058757781982 346
1763905553568 0.07968760281801224 347
1763905553662 0.15936417877674103 348
1763905553756 0.43671485781669617 349
1763905553851 0.2711792588233948 350
1763905553947 0.12882325053215027 351
1763905554041 0.31562912464141846 352
1763905554135 0.0767357349395752 353
1763905554229 0.10772790014743805 354
1763905554323 0.05820850282907486 355
1763905554417 0.15746256709098816 356
1763905554512 0.4720805883407593 357
1763905554606 0.292161226272583 358
1763905554700 0.07128288596868515 359
1763905554795 0.29089459776878357 360
1763905554889 0.08540912717580795 361
1763905554984 0.3610974848270416 362
1763905555078 0.3904256820678711 363
1763905555172 0.19400686025619507 364
1763905555267 0.12685954570770264 365
1763905555362 0.40217822790145874 366
1763905555458 0.14222539961338043 367
1763905555553 0.13190574944019318 368
1763905555648 0.14026910066604614 369
1763905555742 0.4911055862903595 370
1763905555838 0.29563596844673157 371
1763905555933 0.18536069989204407 372
1763905556028 0.14411477744579315 373
1763905556124 0.5510420799255371 374
1763905556220 0.38994985818862915 375
1763905556315 0.3288020193576813 376
1763905556409 0.19694983959197998 377
1763905556504 0.0950009822845459 378
1763905556599 0.2582877278327942 379
1763905556693 0.13512399792671204 380
1763905556788 0.029650911688804626 381
1763905556881 0.04045527055859566 382
1763905556975 0.051192037761211395 383
1763905557071 0.17609219253063202 384
1763905557166 0.32378295063972473 385
1763905557261 0.11662309616804123 386
1763905557355 0.15727366507053375 387
1763905557450 0.2729622423648834 388
1763905557544 0.09149938076734543 389
1763905557639 0.12734493613243103 390
1763905557733 0.1293661892414093 391
1763905557829 0.1735161393880844 392
1763905557925 0.18482816219329834 393
1763905558019 0.05129120498895645 394
1763905558115 0.19710449874401093 395
1763905558212 0.7479095458984375 396
1763905558307 0.11918133497238159 397
1763905558401 0.044563986361026764 398
1763905558495 0.10258238762617111 399
1763905558590 0.31512635946273804 400
