1762798880460 1.7242351770401 0
1762798880555 1.5071238279342651 1
1762798880647 1.382596492767334 2
1762798880741 1.3068296909332275 3
1762798880833 1.236596703529358 4
1762798880923 1.1757601499557495 5
1762798881010 1.1293891668319702 6
1762798881103 1.084869146347046 7
1762798881196 1.0571463108062744 8
1762798881289 1.0239897966384888 9
1762798881381 0.9987174868583679 10
1762798881473 0.9721665382385254 11
1762798881566 0.9460377097129822 12
1762798881658 0.9300398230552673 13
1762798881754 0.9082648158073425 14
1762798881845 0.8849064707756042 15
1762798881937 0.8698408603668213 16
1762798882030 0.8539665937423706 17
1762798882122 0.8395012021064758 18
1762798882215 0.8266065716743469 19
1762798882306 0.8106248378753662 20
1762798882397 0.8005949258804321 21
1762798882489 0.7930980324745178 22
1762798882581 0.7807949781417847 23
