1762798880460 1.779517650604248 0
1762798880555 1.6227705478668213 1
1762798880647 1.002163290977478 2
1762798880741 0.8929629921913147 3
1762798880833 1.196361780166626 4
1762798880923 1.3027759790420532 5
1762798881010 0.6233383417129517 6
1762798881103 1.0567823648452759 7
1762798881196 0.8586124181747437 8
1762798881289 0.47390350699424744 9
1762798881381 0.4320083558559418 10
1762798881473 0.8179929852485657 11
1762798881566 0.823466420173645 12
1762798881658 0.4979066252708435 13
1762798881754 1.3634941577911377 14
1762798881845 1.143369436264038 15
1762798881937 0.5836853384971619 16
1762798882030 0.363834023475647 17
1762798882122 1.082533359527588 18
1762798882215 0.31255897879600525 19
1762798882306 0.5744740962982178 20
1762798882397 0.6174561977386475 21
1762798882489 1.0318480730056763 22
1762798882581 0.47461074590682983 23
