1762792603671 1.7367175817489624 0
1762792603768 1.5314209461212158 1
1762792603862 1.4433971643447876 2
1762792603955 1.3503509759902954 3
1762792604047 1.2761073112487793 4
1762792604143 1.2088757753372192 5
1762792604236 1.1641969680786133 6
1762792604329 1.1267719268798828 7
1762792604420 1.088766098022461 8
1762792604512 1.0561383962631226 9
1762792604603 1.027971863746643 10
1762792604695 1.0051666498184204 11
1762792604786 0.9777342081069946 12
1762792604873 0.9525002837181091 13
1762792604962 0.9295465350151062 14
1762792605052 0.9125110507011414 15
1762792605143 0.8940540552139282 16
1762792605234 0.875458300113678 17
1762792605327 0.858291745185852 18
1762792605418 0.8432076573371887 19
1762792605510 0.8297643065452576 20
1762792605603 0.8167433738708496 21
1762792605696 0.8058966398239136 22
1762792605787 0.7947715520858765 23
1762792605879 0.7843444347381592 24
1762792605971 0.773913562297821 25
