1762792603671 1.8877592086791992 0
1762792603768 1.1416734457015991 1
1762792603862 0.9851352572441101 2
1762792603955 1.3439923524856567 3
1762792604047 0.7824472188949585 4
1762792604143 0.9870984554290771 5
1762792604236 1.4476542472839355 6
1762792604329 0.8569840788841248 7
1762792604420 0.7926734685897827 8
1762792604512 0.5763740539550781 9
1762792604603 1.3387210369110107 10
1762792604695 1.233893632888794 11
1762792604786 0.9184944033622742 12
1762792604873 0.7051634788513184 13
1762792604962 0.35112765431404114 14
1762792605052 0.7975665926933289 15
1762792605143 0.3904503881931305 16
1762792605234 0.6626752614974976 17
1762792605327 0.4065159261226654 18
1762792605418 0.9534520506858826 19
1762792605510 0.38908877968788147 20
1762792605603 0.4649103283882141 21
1762792605696 0.9988110661506653 22
1762792605787 0.48886749148368835 23
1762792605879 0.35214167833328247 24
1762792605971 0.4507148861885071 25
