1761837960859 1.7267789840698242 0
1761837960900 1.3618320226669312 1
1761837960937 1.1844786405563354 2
1761837960972 1.0949320793151855 3
1761837961020 1.0346646308898926 4
1761837961059 0.997860848903656 5
1761837961097 0.9662268161773682 6
1761837961134 0.934373140335083 7
1761837961170 0.8998669981956482 8
1761837961206 0.8635064363479614 9
1761837961240 0.8442816734313965 10
1761837961275 0.8298749327659607 11
1761837961310 0.8024503588676453 12
1761837961344 0.7797312140464783 13
1761837961378 0.7618728876113892 14
1761837961413 0.7427329421043396 15
1761837961451 0.7307398915290833 16
1761837961489 0.7124068140983582 17
1761837961527 0.6951445937156677 18
1761837961567 0.6800100803375244 19
1761837961605 0.6644421815872192 20
1761837961639 0.6512851119041443 21
1761837961675 0.6347966194152832 22
1761837961712 0.6180309057235718 23
1761837961747 0.6014131903648376 24
1761837961783 0.5854899883270264 25
1761837961818 0.5720500349998474 26
1761837961853 0.5579978227615356 27
1761837961885 0.5456121563911438 28
1761837961919 0.5330082178115845 29
1761837961954 0.5215499401092529 30
1761837961990 0.5101205706596375 31
1761837962024 0.499580055475235 32
1761837962058 0.48972436785697937 33
1761837962093 0.48086753487586975 34
1761837962128 0.4722214937210083 35
1761837962165 0.4628194272518158 36
1761837962200 0.4543076157569885 37
1761837962235 0.4467332363128662 38
1761837962271 0.43895331025123596 39
1761837962306 0.43168511986732483 40
1761837962341 0.4247535169124603 41
1761837962375 0.41836386919021606 42
1761837962409 0.41178223490715027 43
1761837962444 0.40614721179008484 44
1761837962479 0.4013732671737671 45
1761837962514 0.39568355679512024 46
1761837962548 0.39020413160324097 47
1761837962582 0.3853031396865845 48
1761837962616 0.38042235374450684 49
1761837962651 0.3755798041820526 50
1761837962684 0.37092453241348267 51
1761837962719 0.3665933310985565 52
1761837962754 0.3622763752937317 53
1761837962789 0.35840123891830444 54
1761837962824 0.3542371988296509 55
1761837962857 0.3505555987358093 56
1761837962892 0.3477569818496704 57
1761837962928 0.34428343176841736 58
1761837962963 0.3406773507595062 59
1761837962999 0.33785688877105713 60
1761837963035 0.3349389135837555 61
1761837963069 0.33215582370758057 62
1761837963103 0.32924139499664307 63
1761837963137 0.3266415297985077 64
1761837963172 0.32416701316833496 65
1761837963208 0.321516752243042 66
1761837963243 0.31867560744285583 67
1761837963278 0.31572145223617554 68
1761837963313 0.31326237320899963 69
1761837963347 0.3106596767902374 70
1761837963381 0.3086860477924347 71
1761837963416 0.30624228715896606 72
1761837963451 0.3038714826107025 73
1761837963486 0.3017211854457855 74
1761837963519 0.299691379070282 75
1761837963553 0.2976771295070648 76
1761837963587 0.29544925689697266 77
1761837963622 0.2936696708202362 78
1761837963657 0.29165324568748474 79
1761837963693 0.28958311676979065 80
1761837963728 0.2878018319606781 81
1761837963763 0.2862696647644043 82
1761837963796 0.2851355969905853 83
1761837963831 0.2836569845676422 84
1761837963866 0.2820318639278412 85
1761837963901 0.2808247208595276 86
1761837963936 0.2790689766407013 87
1761837963971 0.2774275839328766 88
1761837964004 0.2760716378688812 89
1761837964040 0.27459973096847534 90
1761837964076 0.27318429946899414 91
1761837964111 0.2719031572341919 92
1761837964146 0.2706453204154968 93
1761837964181 0.2693179249763489 94
1761837964216 0.26789653301239014 95
1761837964250 0.2668763995170593 96
1761837964285 0.2655031085014343 97
1761837964318 0.26446688175201416 98
1761837964352 0.2636543810367584 99
1761837964388 0.2626088559627533 100
1761837964421 0.26128697395324707 101
1761837964454 0.2599942982196808 102
1761837964489 0.2589007019996643 103
1761837964525 0.25792625546455383 104
1761837964560 0.2566498816013336 105
1761837964596 0.2557031512260437 106
1761837964632 0.2547842860221863 107
1761837964666 0.25378358364105225 108
1761837964702 0.2529289424419403 109
1761837964737 0.2519686818122864 110
1761837964773 0.25086483359336853 111
1761837964809 0.24988068640232086 112
1761837964842 0.24884280562400818 113
1761837964876 0.24807226657867432 114
1761837964911 0.24712514877319336 115
1761837964947 0.2462521493434906 116
1761837964982 0.24525177478790283 117
1761837965018 0.24432332813739777 118
1761837965054 0.2436520755290985 119
1761837965087 0.24288243055343628 120
1761837965121 0.24216364324092865 121
1761837965156 0.24137957394123077 122
1761837965191 0.24086162447929382 123
1761837965226 0.23998643457889557 124
1761837965262 0.23945550620555878 125
1761837965295 0.2389637976884842 126
1761837965329 0.23826093971729279 127
1761837965364 0.2374417930841446 128
1761837965400 0.23666903376579285 129
1761837965435 0.23619742691516876 130
1761837965471 0.2352883368730545 131
1761837965504 0.23456156253814697 132
1761837965539 0.23392200469970703 133
1761837965573 0.2331751137971878 134
1761837965609 0.23235009610652924 135
1761837965646 0.23148213326931 136
1761837965681 0.23078647255897522 137
1761837965716 0.23013164103031158 138
1761837965750 0.2295745611190796 139
1761837965785 0.22901307046413422 140
1761837965822 0.22845685482025146 141
1761837965857 0.22809414565563202 142
1761837965892 0.22745023667812347 143
1761837965927 0.22707368433475494 144
1761837965963 0.22641341388225555 145
1761837965999 0.2259049266576767 146
1761837966036 0.2253345251083374 147
1761837966072 0.22471797466278076 148
1761837966106 0.22412511706352234 149
1761837966141 0.2236846536397934 150
1761837966176 0.22321560978889465 151
1761837966213 0.22290851175785065 152
1761837966247 0.22249095141887665 153
1761837966282 0.22190728783607483 154
1761837966319 0.22151313722133636 155
1761837966353 0.2210521548986435 156
1761837966389 0.22056058049201965 157
1761837966425 0.22007296979427338 158
1761837966461 0.21972587704658508 159
1761837966496 0.21929919719696045 160
1761837966530 0.21873092651367188 161
1761837966566 0.21831102669239044 162
1761837966602 0.217808336019516 163
1761837966638 0.21731983125209808 164
1761837966673 0.2169220745563507 165
1761837966709 0.2164810597896576 166
1761837966745 0.21627599000930786 167
1761837966780 0.215805783867836 168
1761837966813 0.21537065505981445 169
1761837966848 0.21506211161613464 170
1761837966882 0.21455997228622437 171
1761837966918 0.2142556756734848 172
1761837966954 0.2138538807630539 173
1761837966988 0.21342337131500244 174
1761837967025 0.21327325701713562 175
1761837967061 0.21286071836948395 176
1761837967096 0.21244488656520844 177
1761837967130 0.21219474077224731 178
1761837967167 0.21183480322360992 179
1761837967201 0.2113739550113678 180
1761837967237 0.21110956370830536 181
1761837967273 0.21080341935157776 182
1761837967308 0.21050158143043518 183
1761837967344 0.21006639301776886 184
1761837967379 0.2099989950656891 185
1761837967415 0.20968453586101532 186
1761837967451 0.20945976674556732 187
1761837967485 0.20906849205493927 188
1761837967522 0.2084667831659317 189
1761837967556 0.20814016461372375 190
1761837967593 0.20781287550926208 191
1761837967627 0.20745518803596497 192
1761837967664 0.20725969970226288 193
1761837967700 0.20684054493904114 194
1761837967735 0.206538587808609 195
1761837967769 0.20634423196315765 196
1761837967806 0.20599649846553802 197
1761837967842 0.20569415390491486 198
1761837967877 0.20534127950668335 199
1761837967914 0.20523348450660706 200
1761837967949 0.204800546169281 201
1761837967985 0.20471873879432678 202
1761837968021 0.2043299823999405 203
1761837968057 0.2041165679693222 204
1761837968093 0.20393776893615723 205
1761837968128 0.20359990000724792 206
1761837968168 0.20344574749469757 207
1761837968204 0.20326484739780426 208
1761837968240 0.20303113758563995 209
1761837968275 0.2027682214975357 210
1761837968309 0.20248693227767944 211
1761837968345 0.20230379700660706 212
1761837968380 0.2019585818052292 213
1761837968417 0.20165938138961792 214
1761837968452 0.2014913260936737 215
1761837968487 0.20117950439453125 216
1761837968522 0.20099684596061707 217
1761837968557 0.20060588419437408 218
1761837968594 0.20053401589393616 219
1761837968629 0.2002774029970169 220
1761837968664 0.19999730587005615 221
1761837968699 0.19968518614768982 222
1761837968736 0.19946932792663574 223
1761837968770 0.19930268824100494 224
1761837968807 0.19898945093154907 225
1761837968842 0.19891802966594696 226
1761837968877 0.1987171322107315 227
1761837968913 0.1985480934381485 228
1761837968948 0.1984044909477234 229
1761837968983 0.19831332564353943 230
1761837969018 0.1980406641960144 231
1761837969055 0.19782719016075134 232
1761837969091 0.19763225317001343 233
1761837969127 0.19746850430965424 234
1761837969163 0.19729655981063843 235
1761837969200 0.19695208966732025 236
1761837969236 0.1967218518257141 237
1761837969271 0.19652864336967468 238
1761837969307 0.19634145498275757 239
1761837969343 0.19610780477523804 240
1761837969378 0.1957879513502121 241
1761837969414 0.19557790458202362 242
1761837969452 0.19543592631816864 243
1761837969489 0.1951298862695694 244
1761837969525 0.1949293613433838 245
1761837969560 0.19470743834972382 246
1761837969596 0.19449995458126068 247
1761837969633 0.19435237348079681 248
1761837969669 0.1942255049943924 249
1761837969704 0.19418320059776306 250
1761837969740 0.19402077794075012 251
1761837969776 0.19391676783561707 252
1761837969813 0.19374306499958038 253
1761837969849 0.19365304708480835 254
1761837969885 0.1935247778892517 255
1761837969921 0.19336703419685364 256
1761837969958 0.1931200921535492 257
1761837969994 0.1929939091205597 258
1761837970033 0.19279980659484863 259
1761837970069 0.19255702197551727 260
1761837970107 0.1923767626285553 261
1761837970142 0.19215300679206848 262
1761837970179 0.19184443354606628 263
1761837970215 0.19159190356731415 264
1761837970253 0.19148540496826172 265
1761837970288 0.1914180964231491 266
1761837970324 0.19129398465156555 267
1761837970362 0.19110532104969025 268
1761837970398 0.1908542960882187 269
1761837970434 0.19066131114959717 270
1761837970469 0.19061310589313507 271
1761837970505 0.19046910107135773 272
1761837970540 0.19021710753440857 273
1761837970575 0.19008098542690277 274
1761837970611 0.1899901032447815 275
1761837970646 0.18980880081653595 276
1761837970683 0.1897321343421936 277
1761837970718 0.18961036205291748 278
1761837970755 0.18953557312488556 279
1761837970791 0.1893913894891739 280
1761837970828 0.18917489051818848 281
1761837970865 0.18906669318675995 282
1761837970901 0.18881340324878693 283
1761837970938 0.1885395050048828 284
1761837970974 0.18843203783035278 285
1761837971010 0.188330739736557 286
1761837971051 0.18824750185012817 287
1761837971089 0.18825136125087738 288
1761837971125 0.18814995884895325 289
1761837971162 0.18797704577445984 290
1761837971199 0.18781398236751556 291
1761837971236 0.18757876753807068 292
1761837971274 0.1874726414680481 293
1761837971310 0.18734781444072723 294
1761837971346 0.18720561265945435 295
1761837971383 0.18700037896633148 296
1761837971418 0.18684588372707367 297
1761837971455 0.18678446114063263 298
1761837971491 0.18656031787395477 299
1761837971527 0.18651673197746277 300
1761837971563 0.18639595806598663 301
1761837971600 0.18625472486019135 302
1761837971635 0.18605849146842957 303
1761837971671 0.18592815101146698 304
1761837971708 0.18572591245174408 305
1761837971745 0.18561094999313354 306
1761837971783 0.18540440499782562 307
1761837971821 0.18531857430934906 308
1761837971857 0.18515372276306152 309
1761837971894 0.18512405455112457 310
1761837971931 0.1850433200597763 311
1761837971967 0.18486090004444122 312
1761837972003 0.1847962886095047 313
1761837972040 0.18479548394680023 314
1761837972077 0.1846686750650406 315
1761837972115 0.18448404967784882 316
1761837972153 0.1843157857656479 317
1761837972188 0.1841348558664322 318
1761837972225 0.18420833349227905 319
1761837972262 0.18403352797031403 320
1761837972299 0.1838829666376114 321
1761837972336 0.1837160736322403 322
1761837972374 0.1836860030889511 323
1761837972409 0.18360218405723572 324
1761837972447 0.18359027802944183 325
1761837972487 0.18353182077407837 326
1761837972524 0.1834011673927307 327
1761837972561 0.1832582950592041 328
1761837972599 0.18322819471359253 329
1761837972635 0.18313492834568024 330
1761837972671 0.18308299779891968 331
1761837972709 0.18297110497951508 332
1761837972745 0.1828775703907013 333
1761837972781 0.1827877014875412 334
1761837972820 0.18267220258712769 335
1761837972860 0.1825619786977768 336
1761837972898 0.1824508160352707 337
1761837972936 0.1823354810476303 338
1761837972973 0.1822911649942398 339
1761837973014 0.18219563364982605 340
1761837973054 0.18208175897598267 341
1761837973092 0.18197010457515717 342
1761837973129 0.18184393644332886 343
1761837973165 0.1817735731601715 344
1761837973207 0.1816396415233612 345
1761837973247 0.18155275285243988 346
1761837973288 0.1813436895608902 347
1761837973329 0.18122756481170654 348
1761837973371 0.18115068972110748 349
1761837973409 0.18099980056285858 350
1761837973446 0.18091066181659698 351
1761837973485 0.18078039586544037 352
1761837973523 0.18067283928394318 353
1761837973561 0.1805468648672104 354
1761837973601 0.18044395744800568 355
1761837973640 0.18038152158260345 356
1761837973678 0.18027088046073914 357
1761837973716 0.18021160364151 358
1761837973753 0.18006959557533264 359
1761837973789 0.1800779402256012 360
1761837973826 0.17989039421081543 361
1761837973864 0.179782435297966 362
1761837973903 0.17972172796726227 363
1761837973941 0.1796295940876007 364
1761837973979 0.17957459390163422 365
1761837974016 0.17945177853107452 366
1761837974055 0.17933019995689392 367
1761837974098 0.179177924990654 368
1761837974137 0.17910103499889374 369
1761837974175 0.1791258305311203 370
1761837974213 0.17902489006519318 371
1761837974252 0.17893140017986298 372
1761837974288 0.1788378208875656 373
1761837974325 0.17868804931640625 374
1761837974363 0.1786157637834549 375
1761837974401 0.1785178929567337 376
1761837974437 0.17836788296699524 377
1761837974474 0.17829832434654236 378
1761837974512 0.17829060554504395 379
1761837974551 0.17818604409694672 380
1761837974587 0.17810936272144318 381
1761837974623 0.17801734805107117 382
1761837974662 0.17794127762317657 383
1761837974699 0.17787101864814758 384
1761837974737 0.17773939669132233 385
1761837974774 0.17773453891277313 386
1761837974812 0.17766541242599487 387
1761837974848 0.177544966340065 388
1761837974887 0.1774713546037674 389
1761837974924 0.17738932371139526 390
1761837974962 0.17730571329593658 391
1761837975000 0.17725135385990143 392
1761837975038 0.17719358205795288 393
1761837975077 0.1771996021270752 394
1761837975116 0.17720024287700653 395
1761837975154 0.1770641803741455 396
1761837975190 0.17699500918388367 397
1761837975230 0.17685987055301666 398
1761837975267 0.17679189145565033 399
1761837975305 0.1766638308763504 400
