1761837960859 1.465328574180603 0
1761837960900 1.604985237121582 1
1761837960937 0.5288928747177124 2
1761837960972 0.9951035380363464 3
1761837961020 1.2541706562042236 4
1761837961059 0.776695728302002 5
1761837961097 0.08939818292856216 6
1761837961134 1.295300841331482 7
1761837961170 0.5110844969749451 8
1761837961206 1.304600477218628 9
1761837961240 0.571885883808136 10
1761837961275 1.4297980070114136 11
1761837961310 0.46784311532974243 12
1761837961344 1.7918816804885864 13
1761837961378 0.091150663793087 14
1761837961413 0.7922950983047485 15
1761837961451 0.895566999912262 16
1761837961489 0.9706315398216248 17
1761837961527 1.1233396530151367 18
1761837961567 0.7530924677848816 19
1761837961605 0.05364775285124779 20
1761837961639 0.7812272310256958 21
1761837961675 0.10272915661334991 22
1761837961712 0.16766975820064545 23
1761837961747 0.5961608290672302 24
1761837961783 0.01776839792728424 25
1761837961818 0.5713597536087036 26
1761837961853 0.12007081508636475 27
1761837961885 0.4557832181453705 28
1761837961919 0.13531918823719025 29
1761837961954 0.9683941602706909 30
1761837961990 0.473636269569397 31
1761837962024 0.0351346954703331 32
1761837962058 0.18583759665489197 33
1761837962093 0.5058760643005371 34
1761837962128 0.09865162521600723 35
1761837962165 0.13593639433383942 36
1761837962200 0.06800609827041626 37
1761837962235 0.18524520099163055 38
1761837962271 0.02566598728299141 39
1761837962306 0.15264436602592468 40
1761837962341 0.02845788188278675 41
1761837962375 0.22233045101165771 42
1761837962409 0.0873865932226181 43
1761837962444 0.3878440260887146 44
1761837962479 0.161312997341156 45
1761837962514 0.02284266985952854 46
1761837962548 0.06078680604696274 47
1761837962582 0.04670998081564903 48
1761837962616 0.40352025628089905 49
1761837962651 0.15635761618614197 50
1761837962684 0.7267680764198303 51
1761837962719 0.06763876974582672 52
1761837962754 0.27122408151626587 53
1761837962789 0.7976877689361572 54
1761837962824 0.1970173716545105 55
1761837962857 0.03935926407575607 56
1761837962892 0.03598012775182724 57
1761837962928 0.2494494765996933 58
1761837962963 0.288348525762558 59
1761837962999 0.1814732849597931 60
1761837963035 0.7436419725418091 61
1761837963069 0.08280940353870392 62
1761837963103 0.26925063133239746 63
1761837963137 0.37246209383010864 64
1761837963172 0.0678640753030777 65
1761837963208 0.07138445228338242 66
1761837963243 0.31366610527038574 67
1761837963278 0.10462738573551178 68
1761837963313 0.07441884279251099 69
1761837963347 0.029764292761683464 70
1761837963381 0.02351323515176773 71
1761837963416 0.11960850656032562 72
1761837963451 0.005924034398049116 73
1761837963486 0.5527506470680237 74
1761837963519 0.11016486585140228 75
1761837963553 0.062359537929296494 76
1761837963587 0.1651981920003891 77
1761837963622 0.34028106927871704 78
1761837963657 0.05325629562139511 79
1761837963693 0.30853044986724854 80
1761837963728 0.3823096454143524 81
1761837963763 0.11588824540376663 82
1761837963796 0.4302422106266022 83
1761837963831 0.028261372819542885 84
1761837963866 0.21750418841838837 85
1761837963901 0.6507213115692139 86
1761837963936 0.016726139932870865 87
1761837963971 0.003283969359472394 88
1761837964004 0.033557355403900146 89
1761837964040 0.18917597830295563 90
1761837964076 0.11181630194187164 91
1761837964111 0.8695992827415466 92
1761837964146 0.31393197178840637 93
1761837964181 0.10697586834430695 94
1761837964216 0.6225831508636475 95
1761837964250 1.0202757120132446 96
1761837964285 0.4257320761680603 97
1761837964318 0.29383307695388794 98
1761837964352 0.10836376249790192 99
1761837964388 1.0035359859466553 100
1761837964421 0.12288995832204819 101
1761837964454 0.0986318290233612 102
1761837964489 0.10588687658309937 103
1761837964525 0.03627024590969086 104
1761837964560 0.022316403687000275 105
1761837964596 0.3872528672218323 106
1761837964632 0.28241369128227234 107
1761837964666 0.15048903226852417 108
1761837964702 0.03219403326511383 109
1761837964737 0.6079414486885071 110
1761837964773 0.015660777688026428 111
1761837964809 0.08959686011075974 112
1761837964842 0.08601103723049164 113
1761837964876 0.014447818510234356 114
1761837964911 0.054168641567230225 115
1761837964947 0.2481352984905243 116
1761837964982 0.14072482287883759 117
1761837965018 0.7060646414756775 118
1761837965054 0.47658833861351013 119
1761837965087 0.03762339800596237 120
1761837965121 0.13696593046188354 121
1761837965156 0.7964155077934265 122
1761837965191 0.0694815143942833 123
1761837965226 0.3127896785736084 124
1761837965262 0.6423475742340088 125
1761837965295 0.3643202781677246 126
1761837965329 0.39076849818229675 127
1761837965364 0.008419632911682129 128
1761837965400 0.10598379373550415 129
1761837965435 0.08418523520231247 130
1761837965471 0.038586415350437164 131
1761837965504 0.05562232434749603 132
1761837965539 0.5161309242248535 133
1761837965573 0.08176272362470627 134
1761837965609 0.023902278393507004 135
1761837965646 0.08192292600870132 136
1761837965681 0.348074734210968 137
1761837965716 0.16619813442230225 138
1761837965750 0.19167949259281158 139
1761837965785 0.0700410008430481 140
1761837965822 0.07449176907539368 141
1761837965857 0.502551794052124 142
1761837965892 0.013885385356843472 143
1761837965927 0.3146921992301941 144
1761837965963 0.2608168125152588 145
1761837965999 0.4692080616950989 146
1761837966036 0.019751517102122307 147
1761837966072 0.21324414014816284 148
1761837966106 0.06261344254016876 149
1761837966141 0.3557805120944977 150
1761837966176 0.21300917863845825 151
1761837966213 0.4354887008666992 152
1761837966247 0.18602798879146576 153
1761837966282 0.09782924503087997 154
1761837966319 0.3489522337913513 155
1761837966353 0.03871157020330429 156
1761837966389 0.019598864018917084 157
1761837966425 0.38592445850372314 158
1761837966461 0.9234288930892944 159
1761837966496 0.08240309357643127 160
1761837966530 0.2934317886829376 161
1761837966566 0.26796767115592957 162
1761837966602 0.046533457934856415 163
1761837966638 0.05928594991564751 164
1761837966673 0.07449494302272797 165
1761837966709 0.007460130378603935 166
1761837966745 0.22550366818904877 167
1761837966780 0.14930599927902222 168
1761837966813 0.7750912308692932 169
1761837966848 0.40226346254348755 170
1761837966882 0.034066103398799896 171
1761837966918 0.34447211027145386 172
1761837966954 0.06332584470510483 173
1761837966988 0.7281320691108704 174
1761837967025 0.5161263346672058 175
1761837967061 0.032554153352975845 176
1761837967096 0.2270076870918274 177
1761837967130 0.4825763702392578 178
1761837967167 0.6020233631134033 179
1761837967201 0.1367720514535904 180
1761837967237 0.8470979928970337 181
1761837967273 0.08677992969751358 182
1761837967308 0.09241431951522827 183
1761837967344 0.08546297252178192 184
1761837967379 1.0551103353500366 185
1761837967415 0.3705279231071472 186
1761837967451 0.5513007044792175 187
1761837967485 0.3586646318435669 188
1761837967522 0.02479987032711506 189
1761837967556 0.4702155292034149 190
1761837967593 0.4469289779663086 191
1761837967627 0.09445086121559143 192
1761837967664 0.31590697169303894 193
1761837967700 0.2938762903213501 194
1761837967735 0.0624600350856781 195
1761837967769 0.01187743991613388 196
1761837967806 0.16591180860996246 197
1761837967842 0.14935697615146637 198
1761837967877 0.06569577008485794 199
1761837967914 0.29443854093551636 200
1761837967949 0.07271233946084976 201
1761837967985 0.39311981201171875 202
1761837968021 0.07858973741531372 203
1761837968057 0.20974476635456085 204
1761837968093 0.11585915088653564 205
1761837968128 0.5757791996002197 206
1761837968168 0.03980083018541336 207
1761837968204 0.14329862594604492 208
1761837968240 0.14635203778743744 209
1761837968275 0.3943203091621399 210
1761837968309 0.12217246741056442 211
1761837968345 0.18238186836242676 212
1761837968380 0.018898122012615204 213
1761837968417 0.0215488038957119 214
1761837968452 0.5111198425292969 215
1761837968487 0.018867645412683487 216
1761837968522 0.6290537118911743 217
1761837968557 0.06256303191184998 218
1761837968594 0.48169276118278503 219
1761837968629 0.18208348751068115 220
1761837968664 0.03896687552332878 221
1761837968699 0.32836365699768066 222
1761837968736 0.04004952311515808 223
1761837968770 0.06147327646613121 224
1761837968807 0.21573203802108765 225
1761837968842 0.726378858089447 226
1761837968877 0.21743464469909668 227
1761837968913 0.7181877493858337 228
1761837968948 0.0676916316151619 229
1761837968983 0.5818924307823181 230
1761837969018 0.09523336589336395 231
1761837969055 0.4152364432811737 232
1761837969091 0.06877745687961578 233
1761837969127 0.5777241587638855 234
1761837969163 0.20807220041751862 235
1761837969200 0.11180911958217621 236
1761837969236 0.272508829832077 237
1761837969271 0.07448938488960266 238
1761837969307 0.5759934186935425 239
1761837969343 0.018284210935235023 240
1761837969378 0.07140278816223145 241
1761837969414 0.09987863898277283 242
1761837969452 0.48440152406692505 243
1761837969489 0.10643356293439865 244
1761837969525 0.32626238465309143 245
1761837969560 0.1869335174560547 246
1761837969596 0.5307559967041016 247
1761837969633 0.01936541497707367 248
1761837969669 0.029812470078468323 249
1761837969704 0.5622705817222595 250
1761837969740 0.03015565127134323 251
1761837969776 0.21714650094509125 252
1761837969813 0.11695642024278641 253
1761837969849 0.13026060163974762 254
1761837969885 0.09746980667114258 255
1761837969921 0.2280053049325943 256
1761837969958 0.33660179376602173 257
1761837969994 0.2554740011692047 258
1761837970033 0.2989998161792755 259
1761837970069 0.11121997237205505 260
1761837970107 0.09420106559991837 261
1761837970142 0.1671265810728073 262
1761837970179 0.10851214081048965 263
1761837970215 0.06037246808409691 264
1761837970253 0.09511233866214752 265
1761837970288 0.41385790705680847 266
1761837970324 0.5056666135787964 267
1761837970362 0.13401482999324799 268
1761837970398 0.1612974852323532 269
1761837970434 0.27039724588394165 270
1761837970469 1.0927437543869019 271
1761837970505 0.4112507402896881 272
1761837970540 0.12045727670192719 273
1761837970575 0.1915285885334015 274
1761837970611 0.0957193672657013 275
1761837970646 0.15316078066825867 276
1761837970683 0.22864456474781036 277
1761837970718 0.080790214240551 278
1761837970755 0.888827383518219 279
1761837970791 0.22060315310955048 280
1761837970828 0.12974533438682556 281
1761837970865 0.41442880034446716 282
1761837970901 0.08738446235656738 283
1761837970938 0.02415040135383606 284
1761837970974 0.3975069224834442 285
1761837971010 0.18762068450450897 286
1761837971051 0.08911064267158508 287
1761837971089 0.7232149839401245 288
1761837971125 0.017940610647201538 289
1761837971162 0.016620147973299026 290
1761837971199 0.20485389232635498 291
1761837971236 0.12244091928005219 292
1761837971274 0.21492548286914825 293
1761837971310 0.0363689623773098 294
1761837971346 0.29759466648101807 295
1761837971383 0.03830337896943092 296
1761837971418 0.34220099449157715 297
1761837971455 0.24695633351802826 298
1761837971491 0.025365285575389862 299
1761837971527 0.6714072823524475 300
1761837971563 0.051861368119716644 301
1761837971600 0.4105778634548187 302
1761837971635 0.3957245945930481 303
1761837971671 0.054802730679512024 304
1761837971708 0.26259082555770874 305
1761837971745 0.04268784075975418 306
1761837971783 0.25789880752563477 307
1761837971821 0.0622711144387722 308
1761837971857 0.02546602301299572 309
1761837971894 0.29516640305519104 310
1761837971931 0.7958304286003113 311
1761837971967 0.29830196499824524 312
1761837972003 0.04597470909357071 313
1761837972040 0.2869364023208618 314
1761837972077 0.20409314334392548 315
1761837972115 0.12348878383636475 316
1761837972153 0.07863050699234009 317
1761837972188 0.050905127078294754 318
1761837972225 1.5745807886123657 319
1761837972262 0.16156326234340668 320
1761837972299 0.1910412758588791 321
1761837972336 0.29624462127685547 322
1761837972374 0.21917574107646942 323
1761837972409 0.3653281629085541 324
1761837972447 0.047385793179273605 325
1761837972487 0.14832381904125214 326
1761837972524 0.012281174771487713 327
1761837972561 0.07926910370588303 328
1761837972599 0.3310053050518036 329
1761837972635 0.6353611946105957 330
1761837972671 0.04419974610209465 331
1761837972709 0.5160744786262512 332
1761837972745 0.12159666419029236 333
1761837972781 0.9737343788146973 334
1761837972820 0.012389708310365677 335
1761837972860 0.11679163575172424 336
1761837972898 0.4483209252357483 337
1761837972936 0.0065780701115727425 338
1761837972973 0.6858588457107544 339
1761837973014 0.7202761173248291 340
1761837973054 0.031295355409383774 341
1761837973092 0.06564867496490479 342
1761837973129 0.9678912162780762 343
1761837973165 0.38335439562797546 344
1761837973207 0.176432803273201 345
1761837973247 0.12432931363582611 346
1761837973288 0.06555120646953583 347
1761837973329 0.8664552569389343 348
1761837973371 0.024907317012548447 349
1761837973409 0.1508515477180481 350
1761837973446 0.12347915768623352 351
1761837973485 0.042266521602869034 352
1761837973523 0.056568507105112076 353
1761837973561 0.09227830171585083 354
1761837973601 0.14199890196323395 355
1761837973640 0.32691195607185364 356
1761837973678 0.5388200879096985 357
1761837973716 0.02751220390200615 358
1761837973753 0.11714431643486023 359
1761837973789 0.6916049122810364 360
1761837973826 0.02831210196018219 361
1761837973864 0.0676107257604599 362
1761837973903 0.4745402932167053 363
1761837973941 0.3629711866378784 364
1761837973979 0.22729572653770447 365
1761837974016 0.6603997945785522 366
1761837974055 0.08772994577884674 367
1761837974098 0.029386280104517937 368
1761837974137 0.4846794009208679 369
1761837974175 0.508307695388794 370
1761837974213 0.5034559965133667 371
1761837974252 0.27855053544044495 372
1761837974288 0.4830430746078491 373
1761837974325 0.05638331547379494 374
1761837974363 0.1218537837266922 375
1761837974401 0.4086969494819641 376
1761837974437 0.046503692865371704 377
1761837974474 0.10747011750936508 378
1761837974512 1.1412944793701172 379
1761837974551 0.7532631754875183 380
1761837974587 0.11945229768753052 381
1761837974623 0.29111313819885254 382
1761837974662 0.07607737183570862 383
1761837974699 0.37533634901046753 384
1761837974737 0.02004094235599041 385
1761837974774 1.04708731174469 386
1761837974812 0.6027430891990662 387
1761837974848 0.17945832014083862 388
1761837974887 0.030001699924468994 389
1761837974924 0.03516006097197533 390
1761837974962 0.3394045829772949 391
1761837975000 0.17241214215755463 392
1761837975038 1.4049749374389648 393
1761837975077 0.5089457631111145 394
1761837975116 0.07838773727416992 395
1761837975154 0.13774962723255157 396
1761837975190 0.7902904152870178 397
1761837975230 0.062106773257255554 398
1761837975267 0.09465452283620834 399
1761837975305 0.06293106079101562 400
