1761840436775 1.8380403518676758 0
1761840436850 1.6354705095291138 1
1761840436928 1.5170207023620605 2
1761840437014 1.4338939189910889 3
1761840437087 1.3795490264892578 4
1761840437164 1.3168139457702637 5
1761840437237 1.2565723657608032 6
1761840437310 1.2136658430099487 7
1761840437381 1.17870032787323 8
1761840437453 1.1486037969589233 9
1761840437523 1.113221287727356 10
1761840437593 1.0756586790084839 11
1761840437662 1.0519578456878662 12
1761840437732 1.0301084518432617 13
1761840437802 1.0138931274414062 14
1761840437877 0.9941834807395935 15
1761840437950 0.975773274898529 16
1761840438021 0.9609728455543518 17
1761840438092 0.9454808235168457 18
1761840438163 0.923184335231781 19
1761840438233 0.9096977710723877 20
1761840438305 0.8954175710678101 21
1761840438377 0.8815882802009583 22
1761840438446 0.868788480758667 23
1761840438517 0.859011709690094 24
1761840438587 0.8498339653015137 25
1761840438657 0.8415921330451965 26
1761840438728 0.8304997682571411 27
1761840438800 0.8222346305847168 28
1761840438872 0.81166672706604 29
1761840438943 0.8009973764419556 30
1761840439012 0.7911903262138367 31
1761840439084 0.7827771902084351 32
1761840439155 0.7757404446601868 33
1761840439227 0.7673105597496033 34
1761840439298 0.7622627019882202 35
1761840439368 0.7566695809364319 36
1761840439439 0.7472530603408813 37
1761840439509 0.7377112507820129 38
1761840439579 0.7282797694206238 39
1761840439650 0.7194592952728271 40
1761840439721 0.7091055512428284 41
1761840439791 0.7004589438438416 42
1761840439870 0.6918957829475403 43
1761840439944 0.6845269799232483 44
1761840440015 0.6759999990463257 45
1761840440086 0.6681768298149109 46
1761840440156 0.6600039005279541 47
1761840440228 0.6522282361984253 48
1761840440299 0.6441865563392639 49
1761840440371 0.6373668909072876 50
1761840440442 0.6303322911262512 51
1761840440514 0.6236540675163269 52
1761840440585 0.6168862581253052 53
1761840440655 0.6110188961029053 54
1761840440727 0.604638934135437 55
1761840440797 0.5985912084579468 56
1761840440869 0.5943968892097473 57
1761840440940 0.5895926356315613 58
1761840441011 0.5854161381721497 59
1761840441084 0.5801330804824829 60
1761840441156 0.5763375163078308 61
1761840441224 0.5720055103302002 62
1761840441296 0.5685898661613464 63
1761840441367 0.5644534230232239 64
1761840441437 0.5602790117263794 65
1761840441508 0.5561331510543823 66
1761840441581 0.5514990091323853 67
1761840441653 0.5481065511703491 68
1761840441725 0.5446272492408752 69
1761840441797 0.5408288836479187 70
1761840441868 0.5373193621635437 71
1761840441939 0.5338531732559204 72
1761840442009 0.5311881899833679 73
1761840442082 0.5277494788169861 74
1761840442155 0.5254373550415039 75
1761840442225 0.5218267440795898 76
1761840442297 0.5191594958305359 77
1761840442367 0.5167844891548157 78
1761840442437 0.5136928558349609 79
1761840442510 0.5114914178848267 80
1761840442582 0.5086211562156677 81
1761840442653 0.5060697793960571 82
1761840442724 0.5030153393745422 83
1761840442796 0.5004874467849731 84
1761840442866 0.4976861774921417 85
1761840442936 0.4957703948020935 86
1761840443007 0.49400052428245544 87
1761840443080 0.4914676249027252 88
1761840443152 0.4889201521873474 89
1761840443225 0.4873666763305664 90
1761840443297 0.4855607748031616 91
1761840443369 0.48338955640792847 92
1761840443441 0.48114919662475586 93
1761840443512 0.47969189286231995 94
1761840443584 0.47774291038513184 95
1761840443655 0.476350873708725 96
1761840443725 0.4744306206703186 97
1761840443797 0.4725087285041809 98
1761840443869 0.47098761796951294 99
1761840443941 0.46890294551849365 100
1761840444012 0.46744781732559204 101
1761840444084 0.4655204713344574 102
1761840444153 0.46368056535720825 103
1761840444226 0.462053120136261 104
1761840444300 0.4603305757045746 105
1761840444373 0.45836156606674194 106
1761840444445 0.4564790427684784 107
1761840444518 0.45469483733177185 108
1761840444589 0.45366355776786804 109
1761840444662 0.4523569643497467 110
1761840444734 0.4515562057495117 111
1761840444805 0.4502827525138855 112
1761840444876 0.4485061466693878 113
1761840444948 0.44743120670318604 114
1761840445019 0.44619232416152954 115
1761840445090 0.4448287785053253 116
1761840445162 0.44349855184555054 117
1761840445233 0.44237029552459717 118
1761840445304 0.44127321243286133 119
1761840445376 0.44058504700660706 120
1761840445448 0.4395984709262848 121
1761840445517 0.438389390707016 122
1761840445588 0.4368850886821747 123
1761840445659 0.4361492991447449 124
1761840445730 0.43471822142601013 125
1761840445802 0.4336704909801483 126
1761840445873 0.43258658051490784 127
1761840445945 0.43153056502342224 128
1761840446017 0.43041884899139404 129
1761840446092 0.42992472648620605 130
1761840446165 0.4290618598461151 131
1761840446237 0.42801958322525024 132
1761840446309 0.4270092844963074 133
1761840446380 0.4258999824523926 134
1761840446453 0.42468252778053284 135
1761840446523 0.42367684841156006 136
1761840446595 0.4227781295776367 137
1761840446667 0.4217490553855896 138
1761840446738 0.42056411504745483 139
1761840446808 0.41982463002204895 140
1761840446880 0.41897788643836975 141
1761840446950 0.4182127118110657 142
1761840447020 0.41753533482551575 143
1761840447091 0.4165562689304352 144
1761840447163 0.41603684425354004 145
1761840447233 0.41526588797569275 146
1761840447305 0.41438743472099304 147
1761840447376 0.4136207103729248 148
1761840447448 0.41272205114364624 149
1761840447519 0.41229742765426636 150
1761840447592 0.41145700216293335 151
1761840447664 0.4106502830982208 152
1761840447737 0.4101204574108124 153
1761840447812 0.4095049798488617 154
1761840447885 0.4086715281009674 155
1761840447960 0.4079178273677826 156
1761840448033 0.40740612149238586 157
1761840448105 0.4068100154399872 158
1761840448178 0.4060729444026947 159
1761840448251 0.4053260385990143 160
1761840448324 0.404869943857193 161
1761840448397 0.4040294885635376 162
1761840448468 0.4032536745071411 163
1761840448540 0.4024398922920227 164
1761840448615 0.4016219973564148 165
1761840448689 0.4010396897792816 166
1761840448763 0.4002220034599304 167
1761840448836 0.39961549639701843 168
1761840448907 0.3987864851951599 169
1761840448980 0.3979581296443939 170
1761840449052 0.397624671459198 171
1761840449126 0.3974057137966156 172
1761840449199 0.3968493938446045 173
1761840449270 0.3963398337364197 174
1761840449343 0.39565038681030273 175
1761840449415 0.3954313099384308 176
1761840449488 0.39490291476249695 177
1761840449560 0.3942447304725647 178
1761840449630 0.3935488760471344 179
1761840449702 0.3930533826351166 180
1761840449774 0.3923477232456207 181
1761840449844 0.39154937863349915 182
1761840449918 0.39102858304977417 183
1761840449992 0.39040327072143555 184
1761840450064 0.3898658752441406 185
1761840450138 0.3892049193382263 186
1761840450209 0.38843873143196106 187
1761840450281 0.38780659437179565 188
1761840450354 0.38749513030052185 189
1761840450427 0.3872928023338318 190
1761840450497 0.3867843449115753 191
1761840450570 0.3863885700702667 192
1761840450643 0.38589972257614136 193
1761840450717 0.3852694630622864 194
1761840450789 0.3846655786037445 195
1761840450860 0.38391387462615967 196
1761840450931 0.3832944929599762 197
1761840451003 0.38277217745780945 198
1761840451075 0.38223797082901 199
1761840451148 0.38196009397506714 200
1761840451221 0.381509006023407 201
1761840451295 0.3811780512332916 202
1761840451370 0.3806161880493164 203
1761840451445 0.38025280833244324 204
1761840451520 0.37991538643836975 205
1761840451594 0.3794626295566559 206
1761840451667 0.3789430260658264 207
1761840451739 0.3785260021686554 208
1761840451812 0.37829530239105225 209
1761840451885 0.37787193059921265 210
1761840451958 0.37742307782173157 211
1761840452031 0.37709343433380127 212
1761840452104 0.3768361508846283 213
1761840452177 0.3763473927974701 214
1761840452249 0.3760521113872528 215
1761840452321 0.3756310045719147 216
1761840452394 0.3752732574939728 217
1761840452469 0.3748227655887604 218
1761840452542 0.37424924969673157 219
1761840452615 0.373757541179657 220
1761840452688 0.373363196849823 221
1761840452761 0.37296074628829956 222
1761840452834 0.37281495332717896 223
1761840452908 0.37228789925575256 224
1761840452980 0.37176284193992615 225
1761840453052 0.371297687292099 226
1761840453124 0.371124804019928 227
1761840453197 0.37093979120254517 228
1761840453269 0.37071728706359863 229
1761840453341 0.370401531457901 230
1761840453414 0.3701379597187042 231
1761840453488 0.3698553442955017 232
1761840453562 0.3694576025009155 233
1761840453635 0.36924588680267334 234
1761840453709 0.3687251806259155 235
1761840453882 0.3685765564441681 236
1761840453956 0.3683457374572754 237
1761840454028 0.3680223822593689 238
1761840454104 0.3676583766937256 239
1761840454178 0.3674343526363373 240
1761840454251 0.36715590953826904 241
1761840454324 0.3670153021812439 242
1761840454398 0.3667122721672058 243
1761840454468 0.3664188086986542 244
1761840454541 0.3660915195941925 245
1761840454616 0.3657890856266022 246
1761840454690 0.3652370572090149 247
1761840454763 0.3651074469089508 248
1761840454837 0.3647916913032532 249
1761840454912 0.36448758840560913 250
1761840454985 0.36448344588279724 251
1761840455059 0.3641660511493683 252
1761840455132 0.36391639709472656 253
1761840455206 0.363631933927536 254
1761840455280 0.36346763372421265 255
1761840455353 0.36319005489349365 256
1761840455425 0.3628796637058258 257
1761840455498 0.36297377943992615 258
1761840455571 0.36263227462768555 259
1761840455643 0.3623097836971283 260
1761840455716 0.3620128631591797 261
1761840455788 0.36171960830688477 262
1761840455860 0.36144447326660156 263
1761840455932 0.3610880672931671 264
1761840456007 0.36074817180633545 265
1761840456086 0.3606760799884796 266
1761840456164 0.36038631200790405 267
1761840456239 0.3601096570491791 268
1761840456313 0.35984718799591064 269
1761840456387 0.35984212160110474 270
1761840456460 0.3597196638584137 271
1761840456547 0.3594232201576233 272
1761840456627 0.35941949486732483 273
1761840456703 0.35917091369628906 274
1761840456780 0.3589234948158264 275
1761840456855 0.35873594880104065 276
1761840456929 0.35837292671203613 277
1761840457001 0.35813891887664795 278
1761840457077 0.35792556405067444 279
1761840457152 0.3577473759651184 280
1761840457228 0.3574894070625305 281
1761840457303 0.3572171926498413 282
1761840457378 0.35693708062171936 283
1761840457451 0.35673975944519043 284
1761840457524 0.35656797885894775 285
1761840457598 0.3563951849937439 286
1761840457672 0.35645169019699097 287
1761840457751 0.3562872111797333 288
1761840457831 0.35598862171173096 289
1761840457907 0.3557695150375366 290
1761840457982 0.3555663228034973 291
1761840458056 0.35535484552383423 292
1761840458130 0.35542961955070496 293
1761840458204 0.3551405370235443 294
1761840458278 0.3550812304019928 295
1761840458351 0.3550224006175995 296
1761840458425 0.35496431589126587 297
1761840458497 0.35461878776550293 298
1761840458570 0.35433846712112427 299
1761840458647 0.3541789650917053 300
1761840458722 0.354012668132782 301
1761840458797 0.35376793146133423 302
1761840458873 0.3535633981227875 303
1761840458949 0.35343000292778015 304
1761840459025 0.3532230257987976 305
1761840459100 0.3529942035675049 306
1761840459175 0.35275208950042725 307
1761840459250 0.3524765968322754 308
1761840459326 0.3522631824016571 309
1761840459401 0.3520428538322449 310
1761840459475 0.35191190242767334 311
1761840459549 0.3518124222755432 312
1761840459626 0.3515949547290802 313
1761840459702 0.35125207901000977 314
1761840459779 0.35110336542129517 315
1761840459855 0.3509354293346405 316
1761840459931 0.3507347106933594 317
1761840460006 0.350502073764801 318
1761840460081 0.350189208984375 319
1761840460156 0.34983494877815247 320
1761840460230 0.34959080815315247 321
1761840460303 0.34939447045326233 322
1761840460377 0.34917566180229187 323
1761840460450 0.34891843795776367 324
1761840460524 0.3486732244491577 325
1761840460600 0.34852248430252075 326
1761840460680 0.3483427166938782 327
1761840460756 0.3481844365596771 328
1761840460832 0.34795263409614563 329
1761840460906 0.34765851497650146 330
1761840460981 0.3474738895893097 331
1761840461055 0.3473343551158905 332
1761840461129 0.3472854495048523 333
1761840461203 0.3470587730407715 334
1761840461278 0.34689632058143616 335
1761840461352 0.34672003984451294 336
1761840461431 0.34661057591438293 337
1761840461507 0.34640246629714966 338
1761840461592 0.3461860120296478 339
1761840461669 0.34613028168678284 340
1761840461746 0.3460620939731598 341
1761840461822 0.3457779288291931 342
1761840461899 0.34553948044776917 343
1761840461975 0.3454766869544983 344
1761840462052 0.3452643156051636 345
1761840462126 0.34512433409690857 346
1761840462200 0.3450695872306824 347
1761840462274 0.34492453932762146 348
1761840462348 0.34477168321609497 349
1761840462423 0.34451931715011597 350
1761840462497 0.34451037645339966 351
1761840462574 0.34427860379219055 352
1761840462651 0.3441932797431946 353
1761840462726 0.3439742624759674 354
1761840462799 0.34387776255607605 355
1761840462874 0.34368255734443665 356
1761840462950 0.3434256613254547 357
1761840463022 0.3433259427547455 358
1761840463096 0.34311798214912415 359
1761840463170 0.34293538331985474 360
1761840463244 0.3427012264728546 361
1761840463316 0.3424832224845886 362
1761840463391 0.34235668182373047 363
1761840463465 0.3422972559928894 364
1761840463537 0.3421279489994049 365
1761840463611 0.34199175238609314 366
1761840463684 0.34189343452453613 367
1761840463758 0.3417402505874634 368
1761840463831 0.3416177034378052 369
1761840463905 0.3416246771812439 370
1761840463985 0.34148716926574707 371
1761840464063 0.3413715064525604 372
1761840464140 0.3412661850452423 373
1761840464218 0.34112071990966797 374
1761840464292 0.3409803807735443 375
1761840464366 0.34078168869018555 376
1761840464440 0.34064558148384094 377
1761840464514 0.3405574858188629 378
1761840464588 0.3403838276863098 379
1761840464663 0.34029310941696167 380
1761840464736 0.340180367231369 381
1761840464811 0.34000808000564575 382
1761840464889 0.33983591198921204 383
1761840464965 0.3396714925765991 384
1761840465039 0.3395150899887085 385
1761840465115 0.33970046043395996 386
1761840465191 0.3394942283630371 387
1761840465266 0.3393614590167999 388
1761840465340 0.33921828866004944 389
1761840465415 0.33911287784576416 390
1761840465487 0.3390851616859436 391
1761840465564 0.3389052450656891 392
1761840465640 0.33874788880348206 393
1761840465716 0.3385946750640869 394
1761840465796 0.3386308252811432 395
1761840465873 0.33841148018836975 396
1761840465950 0.3385051488876343 397
1761840466024 0.33836978673934937 398
1761840466100 0.33825960755348206 399
1761840466177 0.338126003742218 400
