1761840436775 2.1899619102478027 0
1761840436850 1.4212839603424072 1
1761840436928 1.340620517730713 2
1761840437014 0.97408127784729 3
1761840437087 1.0336127281188965 4
1761840437164 1.0065315961837769 5
1761840437237 1.3459646701812744 6
1761840437310 1.00651216506958 7
1761840437381 0.880991518497467 8
1761840437453 1.1952080726623535 9
1761840437523 0.33251917362213135 10
1761840437593 0.4924875795841217 11
1761840437662 0.540885329246521 12
1761840437732 1.5592706203460693 13
1761840437802 1.2127954959869385 14
1761840437877 1.1090924739837646 15
1761840437950 1.150674819946289 16
1761840438021 0.36871594190597534 17
1761840438092 2.298746109008789 18
1761840438163 0.7820218801498413 19
1761840438233 0.49532368779182434 20
1761840438305 0.2380484938621521 21
1761840438377 1.4048527479171753 22
1761840438446 0.6247894167900085 23
1761840438517 1.5426815748214722 24
1761840438587 1.095384955406189 25
1761840438657 0.14717720448970795 26
1761840438728 0.1436038464307785 27
1761840438800 0.1930394321680069 28
1761840438872 0.594662070274353 29
1761840438943 0.2958320379257202 30
1761840439012 0.4160003364086151 31
1761840439084 0.12437311559915543 32
1761840439155 0.9015668630599976 33
1761840439227 0.37182530760765076 34
1761840439298 0.9167834520339966 35
1761840439368 0.9406250715255737 36
1761840439439 0.29616281390190125 37
1761840439509 1.0592319965362549 38
1761840439579 0.4741336405277252 39
1761840439650 0.8483757972717285 40
1761840439721 0.4036676287651062 41
1761840439791 0.5561807751655579 42
1761840439870 0.451847106218338 43
1761840439944 1.1319324970245361 44
1761840440015 0.8403045535087585 45
1761840440086 0.4484037756919861 46
1761840440156 0.6833245158195496 47
1761840440228 0.3708780109882355 48
1761840440299 0.26720279455184937 49
1761840440371 0.31203213334083557 50
1761840440442 0.5383397936820984 51
1761840440514 0.40532469749450684 52
1761840440585 0.058154087513685226 53
1761840440655 0.1450297087430954 54
1761840440727 0.2312435805797577 55
1761840440797 0.530295729637146 56
1761840440869 1.9395339488983154 57
1761840440940 0.6629782915115356 58
1761840441011 0.3485722541809082 59
1761840441084 0.5577278137207031 60
1761840441156 0.6056929230690002 61
1761840441224 0.2882590889930725 62
1761840441296 0.3947896957397461 63
1761840441367 0.598945140838623 64
1761840441437 0.08782239258289337 65
1761840441508 0.6489651799201965 66
1761840441581 0.049465734511613846 67
1761840441653 0.4949949383735657 68
1761840441725 0.6524211168289185 69
1761840441797 0.28213080763816833 70
1761840441868 1.2429527044296265 71
1761840441939 0.22108981013298035 72
1761840442009 0.3066648542881012 73
1761840442082 0.4554879069328308 74
1761840442155 0.7521874308586121 75
1761840442225 0.03244510293006897 76
1761840442297 0.237575501203537 77
1761840442367 0.498482882976532 78
1761840442437 0.3320598602294922 79
1761840442510 1.7042039632797241 80
1761840442582 0.23722487688064575 81
1761840442653 0.25580355525016785 82
1761840442724 0.5300390124320984 83
1761840442796 0.17083697021007538 84
1761840442866 0.30203598737716675 85
1761840442936 1.0855087041854858 86
1761840443007 1.3914324045181274 87
1761840443080 0.09992801398038864 88
1761840443152 1.1066983938217163 89
1761840443225 0.6884311437606812 90
1761840443297 0.3869882822036743 91
1761840443369 0.5823296308517456 92
1761840443441 0.05081446096301079 93
1761840443512 2.440683126449585 94
1761840443584 0.5143678188323975 95
1761840443655 0.5480632781982422 96
1761840443725 0.32934141159057617 97
1761840443797 0.18125608563423157 98
1761840443869 0.7568853497505188 99
1761840443941 0.18221861124038696 100
1761840444012 1.5637701749801636 101
1761840444084 0.21639539301395416 102
1761840444153 0.39642825722694397 103
1761840444226 0.29385432600975037 104
1761840444300 0.18143513798713684 105
1761840444373 0.07883736491203308 106
1761840444445 1.1334329843521118 107
1761840444518 0.20140613615512848 108
1761840444589 0.2098069041967392 109
1761840444662 0.27796080708503723 110
1761840444734 1.5889413356781006 111
1761840444805 0.8630406856536865 112
1761840444876 0.6447583436965942 113
1761840444948 0.8996024131774902 114
1761840445019 0.7361775040626526 115
1761840445090 0.0988960713148117 116
1761840445162 0.6245574951171875 117
1761840445233 1.0040581226348877 118
1761840445304 0.31526368856430054 119
1761840445376 0.21780134737491608 120
1761840445448 0.8421375751495361 121
1761840445517 0.5032239556312561 122
1761840445588 0.21971362829208374 123
1761840445659 1.2400848865509033 124
1761840445730 1.2397321462631226 125
1761840445802 0.7589676380157471 126
1761840445873 1.3873594999313354 127
1761840445945 0.502262532711029 128
1761840446017 0.20558594167232513 129
1761840446092 0.23557867109775543 130
1761840446165 0.07632218301296234 131
1761840446237 0.6021135449409485 132
1761840446309 0.11344420164823532 133
1761840446380 0.14503853023052216 134
1761840446453 0.33526474237442017 135
1761840446523 0.25812655687332153 136
1761840446595 0.2225651741027832 137
1761840446667 0.22216172516345978 138
1761840446738 0.2373446822166443 139
1761840446808 0.5954340100288391 140
1761840446880 0.4511208236217499 141
1761840446950 0.3351982831954956 142
1761840447020 0.1265646070241928 143
1761840447091 0.5233047008514404 144
1761840447163 1.1903496980667114 145
1761840447233 0.369089812040329 146
1761840447305 0.9526507258415222 147
1761840447376 0.8420710563659668 148
1761840447448 0.6811108589172363 149
1761840447519 0.3618932068347931 150
1761840447592 0.0653473511338234 151
1761840447664 0.9604533910751343 152
1761840447737 0.4315600097179413 153
1761840447812 0.11948566883802414 154
1761840447885 0.6404457688331604 155
1761840447960 0.6670007109642029 156
1761840448033 0.9684755206108093 157
1761840448105 0.4045223593711853 158
1761840448178 0.22304275631904602 159
1761840448251 0.2639254331588745 160
1761840448324 0.11610730737447739 161
1761840448397 0.73764967918396 162
1761840448468 0.1401582956314087 163
1761840448540 0.4864969253540039 164
1761840448615 0.05169077590107918 165
1761840448689 0.6780234575271606 166
1761840448763 0.46519935131073 167
1761840448836 0.9848638772964478 168
1761840448907 0.04481212794780731 169
1761840448980 0.4908697009086609 170
1761840449052 1.132063627243042 171
1761840449126 1.1005791425704956 172
1761840449199 0.616987407207489 173
1761840449270 0.8141907453536987 174
1761840449343 0.49956485629081726 175
1761840449415 0.29530611634254456 176
1761840449488 0.7070382833480835 177
1761840449560 0.17370730638504028 178
1761840449630 0.24982626736164093 179
1761840449702 1.0922653675079346 180
1761840449774 0.12685586512088776 181
1761840449844 0.15556533634662628 182
1761840449918 0.44733306765556335 183
1761840449992 0.1597137749195099 184
1761840450064 1.422173261642456 185
1761840450138 0.40165236592292786 186
1761840450209 0.08432179689407349 187
1761840450281 0.4470915198326111 188
1761840450354 0.5178838968276978 189
1761840450427 0.18075434863567352 190
1761840450497 0.52716463804245 191
1761840450570 0.2878122329711914 192
1761840450643 0.24215801060199738 193
1761840450717 0.28003183007240295 194
1761840450789 0.2858012020587921 195
1761840450860 0.35542482137680054 196
1761840450931 0.03671472519636154 197
1761840451003 0.15135905146598816 198
1761840451075 0.10348476469516754 199
1761840451148 0.8803961277008057 200
1761840451221 0.36938872933387756 201
1761840451295 0.6840563416481018 202
1761840451370 0.9667626619338989 203
1761840451445 0.5709740519523621 204
1761840451520 0.17688709497451782 205
1761840451594 0.39907312393188477 206
1761840451667 0.21960829198360443 207
1761840451739 1.0926682949066162 208
1761840451812 0.8811922669410706 209
1761840451885 0.7315918803215027 210
1761840451958 0.8438812494277954 211
1761840452031 1.0540207624435425 212
1761840452104 1.661768913269043 213
1761840452177 0.19724243879318237 214
1761840452249 0.5132192373275757 215
1761840452321 0.20353931188583374 216
1761840452394 0.08540043979883194 217
1761840452469 0.1261536180973053 218
1761840452542 0.2551730275154114 219
1761840452615 0.03739750757813454 220
1761840452688 0.5962553024291992 221
1761840452761 0.24874159693717957 222
1761840452834 0.7426421046257019 223
1761840452908 0.11324889212846756 224
1761840452980 0.38810086250305176 225
1761840453052 0.0759449303150177 226
1761840453124 0.0574340783059597 227
1761840453197 0.6532548069953918 228
1761840453269 0.1795821338891983 229
1761840453341 0.4154333174228668 230
1761840453414 0.3491361141204834 231
1761840453488 0.5178276896476746 232
1761840453562 0.0743209570646286 233
1761840453635 0.5772727131843567 234
1761840453709 0.13189156353473663 235
1761840453882 0.3803763687610626 236
1761840453956 0.6434134244918823 237
1761840454028 0.4603656232357025 238
1761840454104 0.31402382254600525 239
1761840454178 0.2682199776172638 240
1761840454251 0.24630016088485718 241
1761840454324 0.9649066925048828 242
1761840454398 0.2647837698459625 243
1761840454468 0.13725538551807404 244
1761840454541 0.7262551784515381 245
1761840454616 0.32220298051834106 246
1761840454690 0.4684496521949768 247
1761840454763 1.1579487323760986 248
1761840454837 1.0931700468063354 249
1761840454912 0.8394061326980591 250
1761840454985 0.727899432182312 251
1761840455059 0.3259589672088623 252
1761840455132 0.8082726001739502 253
1761840455206 0.1619449108839035 254
1761840455280 1.3797533512115479 255
1761840455353 0.2097577601671219 256
1761840455425 0.4261099696159363 257
1761840455498 1.5373356342315674 258
1761840455571 0.6978169679641724 259
1761840455643 0.23758834600448608 260
1761840455716 0.24281790852546692 261
1761840455788 0.42209866642951965 262
1761840455860 0.9497448205947876 263
1761840455932 0.18301934003829956 264
1761840456007 0.25734734535217285 265
1761840456086 1.4987667798995972 266
1761840456164 0.5767106413841248 267
1761840456239 0.17756390571594238 268
1761840456313 0.15439815819263458 269
1761840456387 1.0548248291015625 270
1761840456460 0.3698083758354187 271
1761840456547 0.42077645659446716 272
1761840456627 0.8050456643104553 273
1761840456703 0.13030152022838593 274
1761840456780 0.240526020526886 275
1761840456855 0.9131936430931091 276
1761840456929 0.21349743008613586 277
1761840457001 0.7036823034286499 278
1761840457077 0.17783279716968536 279
1761840457152 1.8813146352767944 280
1761840457228 0.09141349047422409 281
1761840457303 1.2929998636245728 282
1761840457378 0.8255279660224915 283
1761840457451 0.044223349541425705 284
1761840457524 0.3305659890174866 285
1761840457598 0.28131237626075745 286
1761840457672 1.6276776790618896 287
1761840457751 0.375842809677124 288
1761840457831 0.05102333053946495 289
1761840457907 0.20177799463272095 290
1761840457982 0.05688169226050377 291
1761840458056 0.5884127020835876 292
1761840458130 2.3186047077178955 293
1761840458204 1.271235466003418 294
1761840458278 1.416579246520996 295
1761840458351 0.1296890825033188 296
1761840458425 1.4428966045379639 297
1761840458497 0.16801728308200836 298
1761840458570 0.28339582681655884 299
1761840458647 1.4049310684204102 300
1761840458722 1.1805003881454468 301
1761840458797 0.3889996111392975 302
1761840458873 0.27035459876060486 303
1761840458949 1.7382234334945679 304
1761840459025 0.7636375427246094 305
1761840459100 0.4456799030303955 306
1761840459175 0.13854965567588806 307
1761840459250 0.3931655287742615 308
1761840459326 0.35443323850631714 309
1761840459401 0.35252487659454346 310
1761840459475 0.8155031204223633 311
1761840459549 0.2109755128622055 312
1761840459626 0.206963911652565 313
1761840459702 0.1155090406537056 314
1761840459779 0.8549566268920898 315
1761840459855 0.22379112243652344 316
1761840459931 0.09133639931678772 317
1761840460006 0.3508937954902649 318
1761840460081 0.35516372323036194 319
1761840460156 0.6826916933059692 320
1761840460230 0.24529363214969635 321
1761840460303 0.3529141843318939 322
1761840460377 0.2787107229232788 323
1761840460450 0.24108494818210602 324
1761840460524 0.20342543721199036 325
1761840460600 0.6248492002487183 326
1761840460680 0.5261417627334595 327
1761840460756 0.48534321784973145 328
1761840460832 0.16867759823799133 329
1761840460906 0.3789152204990387 330
1761840460981 0.4654034674167633 331
1761840461055 0.14665384590625763 332
1761840461129 1.3120449781417847 333
1761840461203 0.06007273495197296 334
1761840461278 0.558555006980896 335
1761840461352 0.09061332046985626 336
1761840461431 0.7377734184265137 337
1761840461507 0.3839265704154968 338
1761840461592 0.3114017844200134 339
1761840461669 0.501123309135437 340
1761840461746 0.42876115441322327 341
1761840461822 0.4694640040397644 342
1761840461899 0.3360045552253723 343
1761840461975 2.0230414867401123 344
1761840462052 0.02831767126917839 345
1761840462126 0.5649360418319702 346
1761840462200 0.2947899103164673 347
1761840462274 0.27784082293510437 348
1761840462348 0.1835309863090515 349
1761840462423 0.04362635314464569 350
1761840462497 1.0785295963287354 351
1761840462574 0.15698589384555817 352
1761840462651 0.6928279995918274 353
1761840462726 0.25990068912506104 354
1761840462799 0.7766873836517334 355
1761840462874 0.2791154980659485 356
1761840462950 0.0393359437584877 357
1761840463022 0.13542971014976501 358
1761840463096 0.04149424284696579 359
1761840463170 0.3370513916015625 360
1761840463244 0.6417298316955566 361
1761840463316 0.08958609402179718 362
1761840463391 0.12450040876865387 363
1761840463465 0.4148009419441223 364
1761840463537 1.2276912927627563 365
1761840463611 0.7664934992790222 366
1761840463684 0.3508981466293335 367
1761840463758 0.025495314970612526 368
1761840463831 0.3637060523033142 369
1761840463905 0.23023369908332825 370
1761840463985 0.7029696106910706 371
1761840464063 0.42881524562835693 372
1761840464140 0.45375826954841614 373
1761840464218 0.36898237466812134 374
1761840464292 0.1536320447921753 375
1761840464366 0.4327777028083801 376
1761840464440 1.4622597694396973 377
1761840464514 0.33479323983192444 378
1761840464588 0.14980514347553253 379
1761840464663 0.13761121034622192 380
1761840464736 0.26073041558265686 381
1761840464811 0.23689131438732147 382
1761840464889 0.3681812286376953 383
1761840464965 0.6052851676940918 384
1761840465039 0.2076839804649353 385
1761840465115 1.1460483074188232 386
1761840465191 0.4152644872665405 387
1761840465266 0.66719651222229 388
1761840465340 0.32468101382255554 389
1761840465415 0.23686477541923523 390
1761840465487 0.6564012765884399 391
1761840465564 0.30948421359062195 392
1761840465640 0.3534656763076782 393
1761840465716 0.7917667031288147 394
1761840465796 0.2095412015914917 395
1761840465873 0.20535984635353088 396
1761840465950 0.4966466724872589 397
1761840466024 0.4127499461174011 398
1761840466100 1.4015936851501465 399
1761840466177 0.4096813201904297 400
