1762798580690 1.727333426475525 0
1762798580794 1.5007284879684448 1
1762798580893 1.3955714702606201 2
1762798580987 1.3303112983703613 3
1762798581084 1.2630568742752075 4
1762798581181 1.2037025690078735 5
1762798581278 1.1533669233322144 6
1762798581376 1.1127705574035645 7
1762798581472 1.0787227153778076 8
1762798581572 1.0471750497817993 9
1762798581668 1.0163429975509644 10
1762798581766 0.9933019876480103 11
1762798581861 0.9725524187088013 12
1762798581959 0.9485083222389221 13
1762798582056 0.9252350926399231 14
1762798582154 0.9097781181335449 15
1762798582251 0.8918755054473877 16
1762798582346 0.8759685754776001 17
1762798582442 0.8603515625 18
1762798582540 0.844118595123291 19
1762798582636 0.8275189995765686 20
1762798582734 0.8158881068229675 21
1762798582830 0.8035328388214111 22
1762798582928 0.7904771566390991 23
1762798583026 0.7793458104133606 24
1762798583123 0.7679014205932617 25
1762798583219 0.7576935887336731 26
1762798583315 0.7457947731018066 27
1762798583411 0.7386929392814636 28
1762798583508 0.731574535369873 29
1762798583608 0.7226057052612305 30
1762798583706 0.7140467166900635 31
1762798583802 0.7067327499389648 32
1762798583897 0.6988096237182617 33
1762798583993 0.6925191283226013 34
1762798584090 0.6863781809806824 35
