1762798580690 1.711517333984375 0
1762798580794 1.7241625785827637 1
1762798580893 1.1301214694976807 2
1762798580987 1.0211070775985718 3
1762798581084 1.4400427341461182 4
1762798581181 0.7720767259597778 5
1762798581278 1.1044822931289673 6
1762798581376 1.4421658515930176 7
1762798581472 0.9579251408576965 8
1762798581572 0.6282913684844971 9
1762798581668 0.4493415653705597 10
1762798581766 0.8407257795333862 11
1762798581861 0.19245436787605286 12
1762798581959 0.3765410780906677 13
1762798582056 0.5422759652137756 14
1762798582154 0.6966053247451782 15
1762798582251 0.2315647304058075 16
1762798582346 0.40930530428886414 17
1762798582442 0.6749014854431152 18
1762798582540 0.7723244428634644 19
1762798582636 0.6791518926620483 20
1762798582734 0.7439824342727661 21
1762798582830 0.2599595785140991 22
1762798582928 0.33751973509788513 23
1762798583026 0.59745192527771 24
1762798583123 0.6782055497169495 25
1762798583219 0.29066553711891174 26
1762798583315 0.37035736441612244 27
1762798583411 0.5841895937919617 28
1762798583508 0.7872720956802368 29
1762798583608 0.34012311697006226 30
1762798583706 0.7476084232330322 31
1762798583802 0.35209059715270996 32
1762798583897 0.15936318039894104 33
1762798583993 0.8340105414390564 34
1762798584090 0.5325865745544434 35
