1761838362511 1.8036434650421143 0
1761838362566 1.6130151748657227 1
1761838362619 1.471418857574463 2
1761838362672 1.3819794654846191 3
1761838362724 1.304862380027771 4
1761838362777 1.2408937215805054 5
1761838362830 1.1896800994873047 6
1761838362881 1.1616154909133911 7
1761838362935 1.134790062904358 8
1761838362988 1.1028751134872437 9
1761838363046 1.070313572883606 10
1761838363102 1.0392475128173828 11
1761838363157 1.0155563354492188 12
1761838363211 0.9943092465400696 13
1761838363264 0.978394627571106 14
1761838363318 0.9587195515632629 15
1761838363371 0.9363176822662354 16
1761838363425 0.9198170304298401 17
1761838363478 0.9004736542701721 18
1761838363529 0.8881336450576782 19
1761838363580 0.8739057779312134 20
1761838363629 0.8611898422241211 21
1761838363679 0.8491369485855103 22
1761838363729 0.8383238911628723 23
1761838363777 0.8270761966705322 24
1761838363826 0.8174664378166199 25
1761838363875 0.805573046207428 26
1761838363924 0.794741690158844 27
1761838363973 0.7850062847137451 28
1761838364024 0.7778672575950623 29
1761838364074 0.7678859829902649 30
1761838364124 0.7595691084861755 31
1761838364172 0.7513235211372375 32
1761838364221 0.7419979572296143 33
1761838364270 0.7353816032409668 34
1761838364318 0.7289433479309082 35
1761838364367 0.723479688167572 36
1761838364416 0.7157814502716064 37
1761838364465 0.7088096141815186 38
1761838364512 0.7008619904518127 39
1761838364561 0.6951776742935181 40
1761838364610 0.6896157264709473 41
1761838364662 0.6844900250434875 42
1761838364719 0.6785795092582703 43
1761838364772 0.6723062992095947 44
1761838364822 0.6653649210929871 45
1761838364870 0.6589827537536621 46
1761838364920 0.6528210043907166 47
1761838364969 0.646878719329834 48
1761838365018 0.6403075456619263 49
1761838365066 0.6335098147392273 50
1761838365115 0.6273078322410583 51
