1761838362511 1.1986033916473389 0
1761838362566 0.747125506401062 1
1761838362619 1.3103491067886353 2
1761838362672 1.046976923942566 3
1761838362724 0.9224148988723755 4
1761838362777 2.2135791778564453 5
1761838362830 0.866946816444397 6
1761838362881 1.3391425609588623 7
1761838362935 1.3372948169708252 8
1761838362988 0.6015610098838806 9
1761838363046 1.4387174844741821 10
1761838363102 0.6851675510406494 11
1761838363157 0.7329932451248169 12
1761838363211 0.8568825721740723 13
1761838363264 2.4040675163269043 14
1761838363318 0.3985811173915863 15
1761838363371 0.38419702649116516 16
1761838363425 1.423599362373352 17
1761838363478 0.36654242873191833 18
1761838363529 1.0365939140319824 19
1761838363580 0.4471298158168793 20
1761838363629 0.9576940536499023 21
1761838363679 0.8886407017707825 22
1761838363729 0.5718912482261658 23
1761838363777 0.29766541719436646 24
1761838363826 1.1793462038040161 25
1761838363875 0.9631674885749817 26
1761838363924 0.3711859881877899 27
1761838363973 0.7151317000389099 28
1761838364024 1.067421317100525 29
1761838364074 0.8663501143455505 30
1761838364124 2.3682265281677246 31
1761838364172 1.698009967803955 32
1761838364221 0.1388111710548401 33
1761838364270 0.5945881605148315 34
1761838364318 0.9259015321731567 35
1761838364367 0.5915767550468445 36
1761838364416 0.5516799688339233 37
1761838364465 0.6837198734283447 38
1761838364512 0.7521315217018127 39
1761838364561 0.13583168387413025 40
1761838364610 0.8580371737480164 41
1761838364662 0.46512332558631897 42
1761838364719 1.3814746141433716 43
1761838364772 0.36514365673065186 44
1761838364822 0.9393446445465088 45
1761838364870 0.2543824315071106 46
1761838364920 0.15702030062675476 47
1761838364969 1.126922369003296 48
1761838365018 0.3161728084087372 49
1761838365066 0.622007429599762 50
1761838365115 0.32497715950012207 51
