1762798571128 1.7107834815979004 0
1762798571229 1.5092511177062988 1
1762798571330 1.4003928899765015 2
1762798571429 1.324255347251892 3
1762798571527 1.252530574798584 4
1762798571623 1.205183506011963 5
1762798571723 1.1607580184936523 6
1762798571821 1.1141409873962402 7
1762798571916 1.0758943557739258 8
1762798572011 1.0488975048065186 9
1762798572110 1.0233278274536133 10
1762798572205 0.9967021942138672 11
1762798572307 0.9752629995346069 12
1762798572408 0.9536330103874207 13
1762798572509 0.9306637644767761 14
1762798572609 0.9099488854408264 15
1762798572709 0.8933497071266174 16
1762798572808 0.8727277517318726 17
1762798572907 0.8584855794906616 18
1762798573004 0.8490573763847351 19
1762798573101 0.8356110453605652 20
1762798573198 0.8222237825393677 21
1762798573294 0.8111855387687683 22
1762798573389 0.7984274625778198 23
1762798573484 0.7876862287521362 24
1762798573582 0.7765322923660278 25
1762798573682 0.7646442651748657 26
1762798573778 0.7541451454162598 27
1762798573873 0.7439301013946533 28
1762798573970 0.7357069253921509 29
1762798574066 0.7268233299255371 30
1762798574161 0.7184781432151794 31
1762798574258 0.709975004196167 32
1762798574353 0.7006745934486389 33
1762798574448 0.6926518678665161 34
1762798574545 0.6837770342826843 35
1762798574640 0.6766887903213501 36
1762798574736 0.6704667806625366 37
1762798574831 0.6634908318519592 38
1762798574927 0.6569267511367798 39
1762798575022 0.6503744125366211 40
1762798575119 0.6446499228477478 41
