1762798571128 1.2036067247390747 0
1762798571229 1.0273927450180054 1
1762798571330 1.028651237487793 2
1762798571429 1.4587335586547852 3
1762798571527 1.3264166116714478 4
1762798571623 1.1111539602279663 5
1762798571723 1.1166372299194336 6
1762798571821 1.015049695968628 7
1762798571916 1.628814458847046 8
1762798572011 0.4283633828163147 9
1762798572110 1.0103754997253418 10
1762798572205 0.7372334599494934 11
1762798572307 0.9690607786178589 12
1762798572408 0.38882336020469666 13
1762798572509 0.5975781679153442 14
1762798572609 0.7495933175086975 15
1762798572709 0.5518776774406433 16
1762798572808 0.7475959658622742 17
1762798572907 0.9526233077049255 18
1762798573004 0.5254610776901245 19
1762798573101 0.42084383964538574 20
1762798573198 0.4767046272754669 21
1762798573294 0.7806802988052368 22
1762798573389 0.17581158876419067 23
1762798573484 0.7149208784103394 24
1762798573582 0.5327731370925903 25
1762798573682 0.5220012068748474 26
1762798573778 0.6367592811584473 27
1762798573873 0.4920557737350464 28
1762798573970 0.4995981752872467 29
1762798574066 0.37051674723625183 30
1762798574161 0.17326828837394714 31
1762798574258 0.5310283899307251 32
1762798574353 0.485320121049881 33
1762798574448 0.2284315675497055 34
1762798574545 0.13917095959186554 35
1762798574640 0.3505191504955292 36
1762798574736 0.6513881087303162 37
1762798574831 0.6023169159889221 38
1762798574927 0.2929033041000366 39
1762798575022 0.436257928609848 40
1762798575119 0.2908884882926941 41
