1761839508397 1.7930697202682495 0
1761839508472 1.617814064025879 1
1761839508551 1.4947049617767334 2
1761839508628 1.3921749591827393 3
1761839508701 1.3354065418243408 4
1761839508774 1.2940071821212769 5
1761839508847 1.2438188791275024 6
1761839508921 1.2074544429779053 7
1761839508995 1.1700439453125 8
1761839509067 1.1371463537216187 9
1761839509138 1.1045901775360107 10
1761839509209 1.082062840461731 11
1761839509280 1.050343632698059 12
1761839509350 1.0291061401367188 13
1761839509422 1.010677456855774 14
1761839509494 0.9890613555908203 15
1761839509563 0.9674027562141418 16
1761839509634 0.9562538266181946 17
1761839509705 0.9369537234306335 18
1761839509778 0.9200990200042725 19
1761839509850 0.9051992297172546 20
1761839509923 0.8957163691520691 21
1761839509994 0.8821437954902649 22
1761839510066 0.8705086708068848 23
1761839510138 0.8563881516456604 24
1761839510208 0.8448210954666138 25
1761839510279 0.8336712718009949 26
1761839510350 0.8226802349090576 27
1761839510422 0.8114680647850037 28
1761839510494 0.8025407195091248 29
1761839510564 0.7900640964508057 30
1761839510634 0.7802224159240723 31
1761839510707 0.7722806334495544 32
1761839510786 0.7647120356559753 33
1761839510861 0.7578865885734558 34
1761839510934 0.7499093413352966 35
1761839511005 0.7406308054924011 36
1761839511077 0.7303588390350342 37
1761839511148 0.721447229385376 38
