1761839508397 1.892876148223877 0
1761839508472 1.7810016870498657 1
1761839508551 0.9827225208282471 2
1761839508628 0.9475587010383606 3
1761839508701 2.9056520462036133 4
1761839508774 0.8536093235015869 5
1761839508847 0.38218778371810913 6
1761839508921 1.1164546012878418 7
1761839508995 1.2403477430343628 8
1761839509067 1.3953499794006348 9
1761839509138 0.5319190621376038 10
1761839509209 1.5002261400222778 11
1761839509280 0.34511327743530273 12
1761839509350 1.8065524101257324 13
1761839509422 1.5838336944580078 14
1761839509494 0.31356751918792725 15
1761839509563 0.7585976123809814 16
1761839509634 0.7086838483810425 17
1761839509705 0.3328455686569214 18
1761839509778 0.8697500824928284 19
1761839509850 0.7281513810157776 20
1761839509923 1.5267435312271118 21
1761839509994 0.6218987107276917 22
1761839510066 0.496740460395813 23
1761839510138 0.6700185537338257 24
1761839510208 0.4575006365776062 25
1761839510279 0.44141310453414917 26
1761839510350 1.0139998197555542 27
1761839510422 0.6664115190505981 28
1761839510494 0.7116517424583435 29
1761839510564 0.5148137807846069 30
1761839510634 0.3736267387866974 31
1761839510707 0.4701841175556183 32
1761839510786 1.035206913948059 33
1761839510861 1.2824499607086182 34
1761839510934 0.5421910285949707 35
1761839511005 0.6712267398834229 36
1761839511077 0.4745692014694214 37
1761839511148 1.0673471689224243 38
