1761839437557 1.7936357259750366 0
1761839437631 1.5917845964431763 1
1761839437702 1.4952036142349243 2
1761839437773 1.4251811504364014 3
1761839437846 1.3802937269210815 4
1761839437918 1.3290557861328125 5
1761839437991 1.267630696296692 6
1761839438066 1.2266367673873901 7
1761839438139 1.1918529272079468 8
1761839438217 1.1616443395614624 9
1761839438293 1.1376755237579346 10
1761839438367 1.1143181324005127 11
1761839438438 1.0931899547576904 12
1761839438511 1.0681805610656738 13
1761839438582 1.045292615890503 14
1761839438653 1.0224014520645142 15
1761839438722 1.0018632411956787 16
1761839438792 0.9811159372329712 17
1761839438864 0.9627127051353455 18
1761839438935 0.9473351836204529 19
1761839439006 0.9336150288581848 20
1761839439078 0.9158492088317871 21
1761839439148 0.9013268351554871 22
1761839439218 0.8872365951538086 23
1761839439291 0.8769542574882507 24
1761839439361 0.8642780780792236 25
1761839439431 0.8565912842750549 26
1761839439501 0.8453094959259033 27
1761839439573 0.8348718881607056 28
1761839439645 0.8235922455787659 29
1761839439718 0.8123246431350708 30
1761839439790 0.8020750880241394 31
1761839439862 0.7913281321525574 32
1761839439933 0.7814974188804626 33
1761839440004 0.770933985710144 34
1761839440075 0.7603998184204102 35
1761839440143 0.7480250000953674 36
1761839440214 0.7379813194274902 37
1761839440290 0.7275267243385315 38
1761839440367 0.7171601057052612 39
1761839440444 0.7080715894699097 40
1761839440522 0.6991299986839294 41
1761839440600 0.6902229189872742 42
1761839440674 0.680921196937561 43
1761839440747 0.6738851070404053 44
1761839440818 0.6669554710388184 45
1761839440892 0.6599483489990234 46
1761839440965 0.6527273058891296 47
1761839441040 0.6480334997177124 48
1761839441112 0.6418896913528442 49
1761839441185 0.6357482075691223 50
1761839441258 0.6294699311256409 51
1761839441330 0.6243512034416199 52
1761839441401 0.6193574070930481 53
1761839441472 0.6142939925193787 54
1761839441544 0.6098515391349792 55
1761839441614 0.6045956611633301 56
1761839441685 0.6001604795455933 57
1761839441755 0.5964676737785339 58
1761839441827 0.5907481908798218 59
1761839441898 0.5877063274383545 60
1761839441974 0.5838994979858398 61
1761839442048 0.5798071026802063 62
1761839442120 0.5762974619865417 63
1761839442193 0.5726918578147888 64
1761839442265 0.5696375966072083 65
1761839442337 0.5658961534500122 66
1761839442408 0.5627914071083069 67
1761839442478 0.5601104497909546 68
1761839442550 0.5572185516357422 69
1761839442618 0.5539190173149109 70
1761839442689 0.5504876375198364 71
1761839442760 0.547673761844635 72
1761839442831 0.545183539390564 73
1761839442902 0.542783260345459 74
1761839442974 0.5392732620239258 75
1761839443045 0.5367572903633118 76
1761839443117 0.5339996814727783 77
1761839443189 0.5315956473350525 78
1761839443258 0.529933750629425 79
1761839443329 0.5276377201080322 80
1761839443401 0.5250789523124695 81
1761839443473 0.5230568647384644 82
1761839443544 0.5213493704795837 83
1761839443616 0.5196205377578735 84
1761839443685 0.5175654292106628 85
1761839443757 0.516022801399231 86
1761839443828 0.5137332081794739 87
1761839443899 0.5116157531738281 88
1761839443970 0.5100371241569519 89
1761839444041 0.5080698728561401 90
1761839444112 0.5061764121055603 91
1761839444186 0.5043962001800537 92
1761839444260 0.5027273893356323 93
1761839444331 0.5013769865036011 94
1761839444402 0.4997689127922058 95
1761839444472 0.49803847074508667 96
1761839444547 0.49664703011512756 97
1761839444623 0.49526432156562805 98
1761839444696 0.4939563572406769 99
1761839444770 0.49214595556259155 100
1761839444842 0.4904351234436035 101
1761839444914 0.4888748526573181 102
1761839444986 0.4874344766139984 103
1761839445062 0.4862797260284424 104
1761839445134 0.4850754737854004 105
1761839445207 0.48360127210617065 106
1761839445279 0.48261356353759766 107
1761839445353 0.48144978284835815 108
1761839445708 0.48013362288475037 109
1761839445780 0.47870656847953796 110
1761839445854 0.47773656249046326 111
1761839445931 0.47651422023773193 112
1761839446004 0.4757450222969055 113
1761839446078 0.47451943159103394 114
1761839446151 0.4732094407081604 115
1761839446224 0.4718244969844818 116
1761839446296 0.4704495668411255 117
1761839446370 0.4690355360507965 118
1761839446444 0.46761655807495117 119
1761839446517 0.46622326970100403 120
1761839446589 0.4651668965816498 121
1761839446662 0.46418413519859314 122
1761839446736 0.4631071984767914 123
1761839446809 0.4620395302772522 124
1761839446879 0.46100950241088867 125
1761839446952 0.4600345492362976 126
1761839447024 0.45912250876426697 127
1761839447096 0.4582608640193939 128
1761839447170 0.457390159368515 129
1761839447245 0.4565785825252533 130
1761839447318 0.455990195274353 131
1761839447390 0.4549606442451477 132
1761839447462 0.45369210839271545 133
1761839447535 0.4532260000705719 134
1761839447608 0.45272642374038696 135
1761839447681 0.4519566297531128 136
1761839447753 0.451064795255661 137
1761839447825 0.4502028524875641 138
1761839447899 0.4492966830730438 139
1761839447971 0.44881555438041687 140
1761839448043 0.4480648636817932 141
1761839448114 0.4477055072784424 142
1761839448185 0.44670215249061584 143
1761839448273 0.4460168182849884 144
1761839448348 0.44541507959365845 145
1761839448424 0.44462502002716064 146
1761839448496 0.4439273476600647 147
1761839448569 0.44283875823020935 148
1761839448641 0.4422914981842041 149
1761839448715 0.44137489795684814 150
1761839448795 0.4404279887676239 151
1761839448875 0.43958282470703125 152
1761839448955 0.43862491846084595 153
1761839449034 0.4381207525730133 154
1761839449110 0.437549352645874 155
1761839449184 0.4370540380477905 156
1761839449260 0.43677523732185364 157
1761839449334 0.4358920454978943 158
1761839449412 0.43560338020324707 159
1761839449496 0.43477511405944824 160
1761839449577 0.43419307470321655 161
1761839449656 0.433891624212265 162
1761839449734 0.4336168169975281 163
1761839449809 0.43295392394065857 164
1761839449882 0.4321328401565552 165
1761839449955 0.4316006600856781 166
1761839450028 0.4311366379261017 167
1761839450105 0.43057745695114136 168
1761839450180 0.4301764667034149 169
1761839450256 0.42944642901420593 170
1761839450328 0.4287622272968292 171
1761839450403 0.428259015083313 172
1761839450477 0.42752590775489807 173
1761839450549 0.4271838366985321 174
1761839450621 0.42637506127357483 175
1761839450694 0.42587006092071533 176
1761839450766 0.42509785294532776 177
1761839450836 0.42462167143821716 178
1761839450909 0.4243066608905792 179
1761839450981 0.42371249198913574 180
1761839451054 0.4233100414276123 181
1761839451129 0.4227185845375061 182
1761839451204 0.4223344027996063 183
1761839451279 0.4218827784061432 184
1761839451354 0.42143791913986206 185
1761839451429 0.4210436940193176 186
1761839451501 0.42065945267677307 187
1761839451572 0.42023324966430664 188
1761839451645 0.4202221930027008 189
1761839451716 0.41983163356781006 190
1761839451788 0.4194416105747223 191
1761839451861 0.4189595580101013 192
1761839451934 0.41856902837753296 193
1761839452008 0.4183303713798523 194
1761839452083 0.41798174381256104 195
1761839452158 0.4178142845630646 196
1761839452230 0.41715362668037415 197
1761839452300 0.41677168011665344 198
1761839452372 0.4165641665458679 199
1761839452445 0.4161873161792755 200
1761839452517 0.4157355725765228 201
1761839452589 0.4153944253921509 202
1761839452663 0.41505250334739685 203
1761839452737 0.41450241208076477 204
1761839452811 0.41399458050727844 205
1761839452885 0.4135423004627228 206
1761839452956 0.41330277919769287 207
1761839453026 0.4130186140537262 208
1761839453099 0.412607342004776 209
1761839453173 0.41219082474708557 210
1761839453246 0.4118179380893707 211
1761839453318 0.411334365606308 212
1761839453389 0.4110150635242462 213
1761839453462 0.4108148217201233 214
1761839453534 0.41065308451652527 215
1761839453607 0.41044533252716064 216
1761839453678 0.4101388156414032 217
1761839453752 0.40967676043510437 218
1761839453825 0.40959927439689636 219
1761839453898 0.4092518091201782 220
1761839453974 0.40879011154174805 221
1761839454051 0.4085467755794525 222
1761839454127 0.40827682614326477 223
1761839454201 0.40802931785583496 224
1761839454289 0.407829612493515 225
1761839454365 0.40768709778785706 226
1761839454439 0.4071630537509918 227
1761839454514 0.4069742262363434 228
1761839454589 0.40665343403816223 229
1761839454665 0.40623462200164795 230
1761839454741 0.4060775637626648 231
1761839454814 0.40566885471343994 232
1761839454888 0.40568917989730835 233
1761839454959 0.4051586091518402 234
1761839455032 0.4048478603363037 235
1761839455105 0.4046875238418579 236
1761839455176 0.40466853976249695 237
1761839455249 0.404317706823349 238
1761839455323 0.4041324257850647 239
1761839455396 0.40401381254196167 240
1761839455467 0.40366411209106445 241
1761839455537 0.4031781852245331 242
1761839455610 0.4028213322162628 243
1761839455682 0.4025419354438782 244
1761839455754 0.4024071991443634 245
1761839455828 0.40222612023353577 246
1761839455902 0.4020425081253052 247
1761839455974 0.40183693170547485 248
1761839456047 0.4015868306159973 249
1761839456122 0.4015308618545532 250
1761839456197 0.4011439085006714 251
1761839456275 0.4006553292274475 252
1761839456353 0.40036314725875854 253
1761839456432 0.39996346831321716 254
1761839456506 0.3996277451515198 255
1761839456579 0.3993295729160309 256
1761839456654 0.39909231662750244 257
1761839456727 0.3988337516784668 258
1761839456801 0.3988029360771179 259
1761839456873 0.39863359928131104 260
1761839456945 0.3983649015426636 261
1761839457018 0.3978946805000305 262
1761839457091 0.39760828018188477 263
1761839457163 0.3974268138408661 264
1761839457235 0.397040456533432 265
1761839457307 0.39670655131340027 266
1761839457385 0.3966043293476105 267
1761839457467 0.3963008224964142 268
1761839457549 0.3959687352180481 269
1761839457630 0.3957170248031616 270
1761839457706 0.39580684900283813 271
1761839457780 0.3954341411590576 272
1761839457854 0.3953133821487427 273
1761839457928 0.3952963650226593 274
1761839457999 0.39497464895248413 275
1761839458076 0.39482298493385315 276
1761839458152 0.3945028781890869 277
1761839458233 0.39442798495292664 278
1761839458322 0.3942357003688812 279
1761839458400 0.394052118062973 280
1761839458475 0.39376911520957947 281
1761839458551 0.3936760127544403 282
1761839458631 0.3934611976146698 283
1761839458716 0.39331257343292236 284
1761839458797 0.3931228816509247 285
1761839458874 0.3930162489414215 286
1761839458952 0.39285486936569214 287
1761839459028 0.392707496881485 288
1761839459104 0.39243873953819275 289
1761839459176 0.39245471358299255 290
1761839459262 0.3921380639076233 291
1761839459347 0.39181771874427795 292
1761839459427 0.39160650968551636 293
1761839459507 0.3915344476699829 294
1761839459582 0.3913167417049408 295
1761839459655 0.3911117613315582 296
1761839459728 0.390886515378952 297
1761839459801 0.39071181416511536 298
1761839459874 0.3905050754547119 299
1761839459951 0.39024558663368225 300
1761839460027 0.39007869362831116 301
1761839460103 0.389970988035202 302
1761839460177 0.3897363543510437 303
1761839460251 0.38955894112586975 304
1761839460325 0.3893781900405884 305
1761839460401 0.389465868473053 306
1761839460479 0.38924604654312134 307
1761839460552 0.38906940817832947 308
1761839460627 0.3887850046157837 309
1761839460702 0.38877221941947937 310
1761839460775 0.38846853375434875 311
1761839460850 0.38834115862846375 312
1761839460925 0.3879609704017639 313
1761839461000 0.38782569766044617 314
1761839461071 0.3877045810222626 315
1761839461145 0.3875136375427246 316
1761839461220 0.3873944878578186 317
1761839461295 0.3872606158256531 318
1761839461372 0.3871832489967346 319
1761839461446 0.3869761526584625 320
1761839461523 0.3866347372531891 321
1761839461597 0.38648495078086853 322
1761839461673 0.38638997077941895 323
1761839461748 0.3863755762577057 324
1761839461822 0.3863675892353058 325
1761839461896 0.38622283935546875 326
1761839461968 0.38609692454338074 327
1761839462044 0.3862752318382263 328
1761839462121 0.3861300051212311 329
1761839462196 0.3860090374946594 330
1761839462273 0.3859352767467499 331
1761839462349 0.385670930147171 332
1761839462424 0.38544952869415283 333
1761839462498 0.3852594792842865 334
1761839462571 0.38502705097198486 335
1761839462644 0.3851187825202942 336
1761839462720 0.3849649131298065 337
1761839462794 0.3848402202129364 338
1761839462873 0.3846223056316376 339
1761839462966 0.3842932879924774 340
1761839463042 0.38408994674682617 341
1761839463118 0.38405609130859375 342
1761839463194 0.38400572538375854 343
1761839463269 0.3838436007499695 344
1761839463344 0.3837560713291168 345
1761839463418 0.3838779330253601 346
1761839463492 0.3837442398071289 347
1761839463563 0.38353627920150757 348
1761839463638 0.3833655118942261 349
1761839463712 0.38322368264198303 350
1761839463787 0.3831261396408081 351
1761839463864 0.3829582631587982 352
1761839463940 0.38284602761268616 353
1761839464014 0.38259196281433105 354
1761839464092 0.38255855441093445 355
1761839464166 0.38240861892700195 356
1761839464246 0.38240087032318115 357
1761839464321 0.3823641538619995 358
1761839464395 0.382307231426239 359
1761839464470 0.38233813643455505 360
1761839464543 0.3822006285190582 361
1761839464616 0.38203486800193787 362
1761839464692 0.3818977475166321 363
1761839464766 0.3815874755382538 364
1761839464840 0.38146501779556274 365
1761839464916 0.38124027848243713 366
1761839464989 0.3810422420501709 367
1761839465068 0.3810497522354126 368
1761839465148 0.38097652792930603 369
1761839465236 0.38094672560691833 370
1761839465318 0.38089609146118164 371
1761839465398 0.3808231055736542 372
1761839465476 0.38073432445526123 373
1761839465563 0.3805621564388275 374
1761839465651 0.3804829716682434 375
1761839465730 0.38022199273109436 376
1761839465812 0.3801800608634949 377
1761839465895 0.3802017867565155 378
1761839465975 0.37992703914642334 379
1761839466057 0.37972021102905273 380
1761839466133 0.37961652874946594 381
1761839466228 0.37950053811073303 382
1761839466333 0.37950599193573 383
1761839466412 0.3793874680995941 384
1761839466495 0.37925928831100464 385
1761839466582 0.37918609380722046 386
1761839466667 0.37897738814353943 387
1761839466753 0.3788875639438629 388
1761839466838 0.37880414724349976 389
1761839466919 0.37871691584587097 390
1761839467003 0.37864452600479126 391
1761839467086 0.37851864099502563 392
1761839467171 0.3783445358276367 393
1761839467256 0.37839239835739136 394
1761839467334 0.3782859146595001 395
1761839467410 0.3781760036945343 396
1761839467485 0.3782046139240265 397
1761839467557 0.3781622052192688 398
1761839467632 0.3780600428581238 399
1761839467711 0.3779875636100769 400
