1761839437557 1.6409066915512085 0
1761839437631 1.8912322521209717 1
1761839437702 1.502676010131836 2
1761839437773 2.548433542251587 3
1761839437846 1.6903513669967651 4
1761839437918 0.8391324877738953 5
1761839437991 0.6302850246429443 6
1761839438066 0.5229137539863586 7
1761839438139 0.7126012444496155 8
1761839438217 1.064072608947754 9
1761839438293 1.5010430812835693 10
1761839438367 1.1571018695831299 11
1761839438438 0.6510888338088989 12
1761839438511 0.5321730375289917 13
1761839438582 1.7575294971466064 14
1761839438653 0.6387340426445007 15
1761839438722 0.8412101864814758 16
1761839438792 0.7134793996810913 17
1761839438864 1.0908223390579224 18
1761839438935 1.26300847530365 19
1761839439006 0.3174301087856293 20
1761839439078 0.7230149507522583 21
1761839439148 0.37008869647979736 22
1761839439218 0.277534157037735 23
1761839439291 0.9887436032295227 24
1761839439361 1.4003469944000244 25
1761839439431 0.9767782688140869 26
1761839439501 0.8753453493118286 27
1761839439573 0.4352920949459076 28
1761839439645 0.29168155789375305 29
1761839439718 1.869739294052124 30
1761839439790 1.0105236768722534 31
1761839439862 1.0424484014511108 32
1761839439933 1.8026859760284424 33
1761839440004 0.7314833998680115 34
1761839440075 0.531449556350708 35
1761839440143 0.44513624906539917 36
1761839440214 0.4514925479888916 37
1761839440290 1.051095724105835 38
1761839440367 0.26383861899375916 39
1761839440444 0.5607960820198059 40
1761839440522 0.4362879693508148 41
1761839440600 0.1546703428030014 42
1761839440674 0.2275543212890625 43
1761839440747 0.9473046064376831 44
1761839440818 0.8363920450210571 45
1761839440892 0.15891416370868683 46
1761839440965 0.036041539162397385 47
1761839441040 1.0994757413864136 48
1761839441112 1.1283310651779175 49
1761839441185 0.31932926177978516 50
1761839441258 0.25000059604644775 51
1761839441330 0.46372175216674805 52
1761839441401 0.9435974359512329 53
1761839441472 1.0601849555969238 54
1761839441544 0.6748464107513428 55
1761839441614 1.0517200231552124 56
1761839441685 1.093317985534668 57
1761839441755 0.9514819383621216 58
1761839441827 0.2868843674659729 59
1761839441898 1.2386791706085205 60
1761839441974 0.7318645119667053 61
1761839442048 0.4182155728340149 62
1761839442120 0.2066689133644104 63
1761839442193 0.38317081332206726 64
1761839442265 0.47276222705841064 65
1761839442337 0.6106191277503967 66
1761839442408 0.2929200828075409 67
1761839442478 0.33091121912002563 68
1761839442550 0.11400380730628967 69
1761839442618 0.37419164180755615 70
1761839442689 0.40188848972320557 71
1761839442760 0.08844798058271408 72
1761839442831 0.17420274019241333 73
1761839442902 0.9371455311775208 74
1761839442974 0.13591857254505157 75
1761839443045 1.8085284233093262 76
1761839443117 0.5929260849952698 77
1761839443189 0.1390409767627716 78
1761839443258 0.3270145654678345 79
1761839443329 0.21115022897720337 80
1761839443401 0.11222566664218903 81
1761839443473 0.9563831686973572 82
1761839443544 1.0562599897384644 83
1761839443616 0.4112008810043335 84
1761839443685 0.4269905090332031 85
1761839443757 0.8250044584274292 86
1761839443828 0.4661487638950348 87
1761839443899 0.5578066110610962 88
1761839443970 0.3305133879184723 89
1761839444041 0.13866198062896729 90
1761839444112 0.15284878015518188 91
1761839444186 0.7689411640167236 92
1761839444260 0.518060028553009 93
1761839444331 0.8743948936462402 94
1761839444402 0.5253931283950806 95
1761839444472 0.6168875098228455 96
1761839444547 0.3126685321331024 97
1761839444623 0.42897841334342957 98
1761839444696 0.7957530617713928 99
1761839444770 0.7836079001426697 100
1761839444842 0.09106982499361038 101
1761839444914 0.6453663110733032 102
1761839444986 0.10733360052108765 103
1761839445062 0.8565249443054199 104
1761839445134 0.18570037186145782 105
1761839445207 0.1813279390335083 106
1761839445279 0.5771425366401672 107
1761839445353 0.6166085004806519 108
1761839445708 0.2092113196849823 109
1761839445780 0.15317785739898682 110
1761839445854 1.9491453170776367 111
1761839445931 0.35922709107398987 112
1761839446004 0.08640173822641373 113
1761839446078 0.06354027986526489 114
1761839446151 0.4600086510181427 115
1761839446224 0.0955096110701561 116
1761839446296 0.6473016738891602 117
1761839446370 0.7037919163703918 118
1761839446444 0.2147369682788849 119
1761839446517 0.07096073776483536 120
1761839446589 0.08665776997804642 121
1761839446662 0.6555914282798767 122
1761839446736 0.34034353494644165 123
1761839446809 0.22170713543891907 124
1761839446879 0.1161578968167305 125
1761839446952 0.0955723375082016 126
1761839447024 2.0007736682891846 127
1761839447096 0.038144033402204514 128
1761839447170 0.3912363648414612 129
1761839447245 0.4830172061920166 130
1761839447318 1.2210137844085693 131
1761839447390 0.1145404577255249 132
1761839447462 0.1314748376607895 133
1761839447535 1.7814100980758667 134
1761839447608 0.8361003994941711 135
1761839447681 0.9622765779495239 136
1761839447753 0.207591250538826 137
1761839447825 0.3610420525074005 138
1761839447899 0.16628137230873108 139
1761839447971 0.2805279791355133 140
1761839448043 1.243500828742981 141
1761839448114 1.1476383209228516 142
1761839448185 0.3113192319869995 143
1761839448273 1.0963859558105469 144
1761839448348 0.17412841320037842 145
1761839448424 1.0451360940933228 146
1761839448496 0.321320116519928 147
1761839448569 0.21358078718185425 148
1761839448641 0.49958285689353943 149
1761839448715 0.08018209040164948 150
1761839448795 0.09634874761104584 151
1761839448875 0.26414772868156433 152
1761839448955 0.525148868560791 153
1761839449034 0.5243874788284302 154
1761839449110 0.05230468139052391 155
1761839449184 1.7863991260528564 156
1761839449260 1.27549409866333 157
1761839449334 0.18839822709560394 158
1761839449412 0.450527548789978 159
1761839449496 0.33394336700439453 160
1761839449577 1.0898460149765015 161
1761839449656 0.4831937551498413 162
1761839449734 0.47276362776756287 163
1761839449809 0.3014822006225586 164
1761839449882 0.3743261694908142 165
1761839449955 0.3370468020439148 166
1761839450028 2.062382936477661 167
1761839450105 0.3590344190597534 168
1761839450180 0.27806004881858826 169
1761839450256 0.16126370429992676 170
1761839450328 0.6950796842575073 171
1761839450403 0.9682384729385376 172
1761839450477 0.19949638843536377 173
1761839450549 0.47087717056274414 174
1761839450621 0.2555743157863617 175
1761839450694 0.36647096276283264 176
1761839450766 0.2542252540588379 177
1761839450836 0.14314112067222595 178
1761839450909 0.7992103695869446 179
1761839450981 0.24631990492343903 180
1761839451054 0.7654590010643005 181
1761839451129 0.777283251285553 182
1761839451204 0.2415076494216919 183
1761839451279 1.429640531539917 184
1761839451354 1.0013515949249268 185
1761839451429 1.153400182723999 186
1761839451501 0.3503292202949524 187
1761839451572 0.6634820699691772 188
1761839451645 2.1017000675201416 189
1761839451716 0.4727049767971039 190
1761839451788 0.30891111493110657 191
1761839451861 0.1641230434179306 192
1761839451934 0.4969782531261444 193
1761839452008 0.6004892587661743 194
1761839452083 0.8893594145774841 195
1761839452158 0.10103359073400497 196
1761839452230 0.5174266695976257 197
1761839452300 0.98179030418396 198
1761839452372 0.2249617725610733 199
1761839452445 0.4083418846130371 200
1761839452517 0.1676596999168396 201
1761839452589 1.6978938579559326 202
1761839452663 0.24591505527496338 203
1761839452737 0.17732089757919312 204
1761839452811 0.3412078022956848 205
1761839452885 0.15422280132770538 206
1761839452956 1.372081995010376 207
1761839453026 1.060458779335022 208
1761839453099 0.33614885807037354 209
1761839453173 0.7786669731140137 210
1761839453246 0.8100793361663818 211
1761839453318 0.11732178181409836 212
1761839453389 0.3401603102684021 213
1761839453462 1.2372175455093384 214
1761839453534 0.8424112200737 215
1761839453607 0.37205028533935547 216
1761839453678 0.35673069953918457 217
1761839453752 1.0139906406402588 218
1761839453825 0.18227112293243408 219
1761839453898 0.6567055583000183 220
1761839453974 0.6091389060020447 221
1761839454051 0.20660054683685303 222
1761839454127 0.8043058514595032 223
1761839454201 0.4005607068538666 224
1761839454289 1.4893226623535156 225
1761839454365 0.15982858836650848 226
1761839454439 0.433673620223999 227
1761839454514 1.1995031833648682 228
1761839454589 0.3913142681121826 229
1761839454665 0.07742460817098618 230
1761839454741 0.64290851354599 231
1761839454814 0.23748579621315002 232
1761839454888 2.1175501346588135 233
1761839454959 0.14190329611301422 234
1761839455032 2.0700936317443848 235
1761839455105 0.28462451696395874 236
1761839455176 0.7407084107398987 237
1761839455249 0.4965677261352539 238
1761839455323 1.0852012634277344 239
1761839455396 1.4593971967697144 240
1761839455467 0.39951252937316895 241
1761839455537 0.6485763788223267 242
1761839455610 0.44161275029182434 243
1761839455682 0.49181756377220154 244
1761839455754 1.7500332593917847 245
1761839455828 1.5559794902801514 246
1761839455902 0.40635961294174194 247
1761839455974 0.7323796153068542 248
1761839456047 0.7221063375473022 249
1761839456122 0.26541823148727417 250
1761839456197 0.5343993902206421 251
1761839456275 0.2573930323123932 252
1761839456353 0.9534966945648193 253
1761839456432 0.2214556187391281 254
1761839456506 0.9909873604774475 255
1761839456579 0.2208794355392456 256
1761839456654 0.08485148102045059 257
1761839456727 1.1838939189910889 258
1761839456801 0.27115756273269653 259
1761839456873 1.3810986280441284 260
1761839456945 0.3185601234436035 261
1761839457018 0.13545164465904236 262
1761839457091 0.9726683497428894 263
1761839457163 0.07517073303461075 264
1761839457235 0.25126129388809204 265
1761839457307 0.20657752454280853 266
1761839457385 1.306754231452942 267
1761839457467 0.8034743070602417 268
1761839457549 0.2930755317211151 269
1761839457630 0.2572195827960968 270
1761839457706 0.8367575407028198 271
1761839457780 0.11509145051240921 272
1761839457854 0.5511829853057861 273
1761839457928 0.9503183364868164 274
1761839457999 0.4514618217945099 275
1761839458076 0.13156694173812866 276
1761839458152 0.2763177454471588 277
1761839458233 0.7576910853385925 278
1761839458322 0.8689941763877869 279
1761839458400 0.25629982352256775 280
1761839458475 0.16741609573364258 281
1761839458551 0.479626327753067 282
1761839458631 0.11649883538484573 283
1761839458716 0.5425664186477661 284
1761839458797 0.6498086452484131 285
1761839458874 0.6432939171791077 286
1761839458952 0.45316269993782043 287
1761839459028 0.4342452585697174 288
1761839459104 0.8128795027732849 289
1761839459176 0.718160092830658 290
1761839459262 0.08095689862966537 291
1761839459347 0.1103125810623169 292
1761839459427 0.353089302778244 293
1761839459507 0.6660988330841064 294
1761839459582 0.3139687180519104 295
1761839459655 0.3675985336303711 296
1761839459728 0.291128545999527 297
1761839459801 0.6497013568878174 298
1761839459874 1.186426043510437 299
1761839459951 0.857772707939148 300
1761839460027 0.48457080125808716 301
1761839460103 0.2053855061531067 302
1761839460177 0.09732738137245178 303
1761839460251 0.5873241424560547 304
1761839460325 0.10626846551895142 305
1761839460401 0.45339399576187134 306
1761839460479 0.22188663482666016 307
1761839460552 0.48393988609313965 308
1761839460627 0.6430140137672424 309
1761839460702 0.7746697068214417 310
1761839460775 0.5728546380996704 311
1761839460850 0.6382040977478027 312
1761839460925 0.5240035057067871 313
1761839461000 0.816379964351654 314
1761839461071 1.006969690322876 315
1761839461145 0.6451414823532104 316
1761839461220 0.4980309307575226 317
1761839461295 0.6804987788200378 318
1761839461372 0.3462320566177368 319
1761839461446 0.7150471210479736 320
1761839461523 0.21509991586208344 321
1761839461597 0.26915407180786133 322
1761839461673 0.24781771004199982 323
1761839461748 0.9344040751457214 324
1761839461822 0.624173104763031 325
1761839461896 0.5231765508651733 326
1761839461968 0.5515547394752502 327
1761839462044 1.9063632488250732 328
1761839462121 1.159680724143982 329
1761839462196 0.3445296883583069 330
1761839462273 0.7106969356536865 331
1761839462349 0.10970694571733475 332
1761839462424 0.10202284902334213 333
1761839462498 0.4215642511844635 334
1761839462571 0.15252132713794708 335
1761839462644 0.8582097887992859 336
1761839462720 0.0366385318338871 337
1761839462794 0.13676005601882935 338
1761839462873 0.5109718441963196 339
1761839462966 0.11835231631994247 340
1761839463042 0.7208375930786133 341
1761839463118 0.5144009590148926 342
1761839463194 1.381447434425354 343
1761839463269 0.5491294860839844 344
1761839463344 0.2041906863451004 345
1761839463418 1.4001426696777344 346
1761839463492 0.17657557129859924 347
1761839463563 0.25457626581192017 348
1761839463638 0.15220767259597778 349
1761839463712 0.3498261570930481 350
1761839463787 0.9782225489616394 351
1761839463864 0.6663022041320801 352
1761839463940 0.11687403172254562 353
1761839464014 0.07635563611984253 354
1761839464092 1.3032569885253906 355
1761839464166 0.6865024566650391 356
1761839464246 0.2681494951248169 357
1761839464321 0.22383080422878265 358
1761839464395 0.7859505414962769 359
1761839464470 0.2933846414089203 360
1761839464543 0.848039984703064 361
1761839464616 0.211372971534729 362
1761839464692 0.6359992027282715 363
1761839464766 0.585285484790802 364
1761839464840 0.08519507944583893 365
1761839464916 0.12663163244724274 366
1761839464989 0.8059777617454529 367
1761839465068 0.1238258108496666 368
1761839465148 0.9395319223403931 369
1761839465236 0.3057558536529541 370
1761839465318 0.6622561812400818 371
1761839465398 0.652922511100769 372
1761839465476 0.4543590843677521 373
1761839465563 0.1544133722782135 374
1761839465651 0.7265145778656006 375
1761839465730 0.8721768260002136 376
1761839465812 1.5414607524871826 377
1761839465895 2.2814342975616455 378
1761839465975 0.26686155796051025 379
1761839466057 0.1259903758764267 380
1761839466133 0.8180789947509766 381
1761839466228 0.38574308156967163 382
1761839466333 0.49861443042755127 383
1761839466412 0.5092753767967224 384
1761839466495 0.06624633073806763 385
1761839466582 0.7934301495552063 386
1761839466667 0.3116958439350128 387
1761839466753 2.1834492683410645 388
1761839466838 0.9213017225265503 389
1761839466919 1.2942405939102173 390
1761839467003 0.48236507177352905 391
1761839467086 0.16275933384895325 392
1761839467171 0.8113507628440857 393
1761839467256 0.782598614692688 394
1761839467334 0.44076353311538696 395
1761839467410 0.5781567692756653 396
1761839467485 1.37331223487854 397
1761839467557 0.9353037476539612 398
1761839467632 0.5540280938148499 399
1761839467711 0.23617766797542572 400
