1761838758723 1.8405059576034546 0
1761838758797 1.6614681482315063 1
1761838758875 1.5186058282852173 2
1761838758952 1.4253828525543213 3
1761838759027 1.3563727140426636 4
1761838759099 1.298969030380249 5
1761838759171 1.2621427774429321 6
1761838759241 1.2198052406311035 7
1761838759312 1.1907315254211426 8
1761838759384 1.159562587738037 9
1761838759455 1.130110263824463 10
1761838759525 1.1013059616088867 11
1761838759595 1.0758492946624756 12
1761838759665 1.0509679317474365 13
1761838759735 1.0248733758926392 14
1761838759807 1.0017250776290894 15
1761838759877 0.9770241379737854 16
1761838759946 0.9556502103805542 17
1761838760015 0.9350012540817261 18
1761838760086 0.9132780432701111 19
1761838760156 0.8953487277030945 20
1761838760226 0.8780819773674011 21
1761838760295 0.8616735935211182 22
1761838760365 0.8475503921508789 23
1761838760434 0.8340938091278076 24
1761838760505 0.8206542730331421 25
1761838760577 0.807845950126648 26
1761838760646 0.7961651086807251 27
1761838760717 0.7855532169342041 28
1761838760787 0.774383544921875 29
1761838760858 0.767087996006012 30
1761838760928 0.7589742541313171 31
1761838760997 0.750041127204895 32
1761838761069 0.7425099015235901 33
1761838761140 0.7346895933151245 34
1761838761208 0.7289089560508728 35
1761838761277 0.72089684009552 36
1761838761347 0.7176010012626648 37
1761838761415 0.71377032995224 38
1761838761486 0.7071714997291565 39
1761838761556 0.7012608051300049 40
1761838761627 0.696401059627533 41
1761838761695 0.6915653944015503 42
1761838761766 0.6864200830459595 43
1761838761837 0.6827627420425415 44
1761838761907 0.6788622140884399 45
1761838761978 0.674846351146698 46
1761838762048 0.6712609529495239 47
1761838762119 0.667463481426239 48
1761838762191 0.6636415719985962 49
1761838762263 0.6606453657150269 50
1761838762330 0.6567044258117676 51
1761838762403 0.6531578898429871 52
1761838762475 0.6509081125259399 53
1761838762547 0.6485043168067932 54
1761838762616 0.6454383730888367 55
1761838762687 0.6420903205871582 56
1761838762758 0.6399374604225159 57
1761838762828 0.6369046568870544 58
1761838762900 0.634066641330719 59
1761838762973 0.6318040490150452 60
1761838763045 0.6296998262405396 61
1761838763116 0.627379834651947 62
1761838763188 0.6257485151290894 63
1761838763260 0.6242446303367615 64
1761838763330 0.6218793988227844 65
1761838763401 0.6196569204330444 66
1761838763473 0.6180832386016846 67
1761838763544 0.6158917546272278 68
1761838763616 0.6139649748802185 69
1761838763688 0.6119951605796814 70
1761838763760 0.6100640296936035 71
1761838763831 0.6085377335548401 72
1761838763901 0.606630802154541 73
1761838763972 0.605064868927002 74
1761838764042 0.6033215522766113 75
1761838764113 0.6011183857917786 76
1761838764184 0.599739670753479 77
1761838764253 0.5985029339790344 78
1761838764325 0.5976313948631287 79
1761838764397 0.59621661901474 80
1761838764468 0.5956413745880127 81
1761838764538 0.5947039723396301 82
1761838764610 0.5930579900741577 83
1761838764681 0.5922547578811646 84
1761838764751 0.5909644961357117 85
1761838764822 0.5899577736854553 86
1761838764893 0.5884186625480652 87
1761838764964 0.5874255895614624 88
1761838765035 0.5871180295944214 89
1761838765108 0.587245523929596 90
1761838765180 0.5863199830055237 91
1761838765250 0.5850287079811096 92
1761838765321 0.5835845470428467 93
1761838765393 0.5823450684547424 94
1761838765462 0.5817374587059021 95
1761838765531 0.5809125304222107 96
1761838765602 0.5805002450942993 97
1761838765673 0.5793144702911377 98
1761838765745 0.5783492922782898 99
1761838765817 0.5775486826896667 100
1761838765889 0.5765349864959717 101
1761838765961 0.5755763053894043 102
1761838766033 0.5742251873016357 103
1761838766108 0.5733188986778259 104
1761838766181 0.5731770992279053 105
1761838766252 0.572058379650116 106
1761838766323 0.5712723731994629 107
1761838766392 0.5704236626625061 108
1761838766463 0.5695503950119019 109
1761838766535 0.5687442421913147 110
1761838766607 0.567807674407959 111
1761838766678 0.567105770111084 112
1761838766749 0.5665906071662903 113
1761838766819 0.5658078193664551 114
1761838766890 0.5650119781494141 115
1761838766961 0.5645307898521423 116
1761838767033 0.5637345910072327 117
1761838767105 0.5628189444541931 118
1761838767176 0.5623059868812561 119
1761838767248 0.5617603659629822 120
1761838767320 0.5617169141769409 121
1761838767392 0.5613721013069153 122
1761838767463 0.5609025359153748 123
1761838767539 0.5603544116020203 124
1761838767615 0.5594591498374939 125
1761838767688 0.5586442351341248 126
1761838767760 0.5575720071792603 127
1761838767832 0.5571022629737854 128
1761838767907 0.5564805865287781 129
1761838767981 0.5556738376617432 130
1761838768057 0.5554079413414001 131
1761838768129 0.5549381971359253 132
1761838768203 0.5544090270996094 133
1761838768276 0.5538640022277832 134
1761838768349 0.553422212600708 135
1761838768420 0.5527523159980774 136
1761838768491 0.5520014762878418 137
1761838768562 0.5513328313827515 138
1761838768634 0.550700306892395 139
1761838768704 0.5502570867538452 140
1761838768774 0.5501843094825745 141
1761838768844 0.5497089624404907 142
1761838768917 0.549705982208252 143
1761838768987 0.5486629009246826 144
1761838769060 0.5481895804405212 145
1761838769132 0.5479127168655396 146
1761838769203 0.5474737286567688 147
1761838769276 0.5466939210891724 148
1761838769350 0.5464639067649841 149
1761838769426 0.5461844205856323 150
1761838769499 0.5457648038864136 151
1761838769570 0.5453107357025146 152
1761838769641 0.5449002385139465 153
1761838769713 0.5446746945381165 154
1761838769785 0.54429692029953 155
1761838769858 0.544049859046936 156
1761838769929 0.5433911681175232 157
1761838770002 0.5429357886314392 158
1761838770077 0.5424049496650696 159
1761838770150 0.5421576499938965 160
1761838770223 0.5420953035354614 161
1761838770298 0.5417864322662354 162
1761838770373 0.5413247346878052 163
1761838770461 0.5412936806678772 164
1761838770538 0.5409781336784363 165
1761838770613 0.5407975912094116 166
1761838770685 0.5403788089752197 167
1761838770761 0.5404463410377502 168
1761838770835 0.5404177308082581 169
1761838770908 0.5400160551071167 170
1761838770980 0.5396251082420349 171
1761838771054 0.5392400622367859 172
1761838771130 0.538698673248291 173
1761838771202 0.5385622382164001 174
1761838771276 0.5382495522499084 175
1761838771348 0.5376964807510376 176
1761838771420 0.5372419357299805 177
1761838771499 0.5374164581298828 178
1761838771573 0.5371092557907104 179
1761838771645 0.5367525219917297 180
1761838771717 0.5365612506866455 181
1761838771789 0.5361905097961426 182
1761838771861 0.535832405090332 183
1761838771934 0.5353646874427795 184
1761838772007 0.5349722504615784 185
1761838772083 0.5346834063529968 186
1761838772159 0.5347893834114075 187
1761838772233 0.5343730449676514 188
1761838772306 0.5339179635047913 189
1761838772380 0.5337411761283875 190
1761838772452 0.533448338508606 191
1761838772524 0.5333730578422546 192
1761838772597 0.5332443714141846 193
1761838772668 0.5331369638442993 194
1761838772741 0.532824695110321 195
1761838772814 0.5323775410652161 196
1761838772887 0.5321857333183289 197
1761838772960 0.5320866107940674 198
1761838773031 0.5317916870117188 199
1761838773104 0.5315330624580383 200
1761838773177 0.5312473177909851 201
1761838773250 0.5310879349708557 202
1761838773322 0.5307406187057495 203
1761838773398 0.5304033160209656 204
1761838773472 0.5301629304885864 205
1761838773549 0.5298154354095459 206
1761838773624 0.5297804474830627 207
1761838773700 0.5296058058738708 208
1761838773778 0.5295751094818115 209
1761838773851 0.5294930934906006 210
1761838773922 0.5292290449142456 211
1761838774000 0.528996467590332 212
1761838774078 0.5285890102386475 213
1761838774154 0.5282546877861023 214
1761838774231 0.5280205607414246 215
1761838774304 0.5279125571250916 216
1761838774377 0.5276179313659668 217
1761838774450 0.5276195406913757 218
1761838774529 0.5273997187614441 219
1761838774610 0.52720046043396 220
1761838774687 0.5270848870277405 221
1761838774763 0.5269134640693665 222
1761838774836 0.5269271731376648 223
1761838774910 0.5267324447631836 224
1761838774995 0.5264800190925598 225
1761838775074 0.5263729691505432 226
1761838775151 0.5263059735298157 227
1761838775226 0.5260060429573059 228
1761838775300 0.5260447263717651 229
1761838775374 0.5259634852409363 230
1761838775447 0.5258112549781799 231
1761838775519 0.5255021452903748 232
1761838775593 0.5251436829566956 233
1761838775664 0.5250304937362671 234
1761838775739 0.5248645544052124 235
1761838775816 0.5248839259147644 236
1761838775890 0.5247695446014404 237
1761838775965 0.5245459675788879 238
1761838776038 0.5244136452674866 239
1761838776112 0.524189829826355 240
1761838776186 0.5240967869758606 241
1761838776259 0.5238545536994934 242
1761838776332 0.5236438512802124 243
1761838776405 0.5233487486839294 244
1761838776479 0.5234247446060181 245
1761838776551 0.5234344601631165 246
1761838776627 0.5233294367790222 247
1761838776704 0.5232717394828796 248
1761838776778 0.5231416821479797 249
1761838776852 0.5230623483657837 250
1761838776925 0.5228683352470398 251
1761838776999 0.5228254199028015 252
1761838777073 0.5227091312408447 253
1761838777146 0.5226624011993408 254
1761838777219 0.5226495862007141 255
1761838777292 0.5225285291671753 256
1761838777366 0.5221893787384033 257
1761838777438 0.5218822956085205 258
1761838777511 0.5216586589813232 259
1761838777584 0.521392285823822 260
1761838777659 0.5212522149085999 261
1761838777734 0.5212685465812683 262
1761838777807 0.5211731791496277 263
1761838777880 0.521166205406189 264
1761838777952 0.52089923620224 265
1761838778023 0.5207082629203796 266
1761838778097 0.5205652713775635 267
1761838778171 0.5204387307167053 268
1761838778245 0.5203757286071777 269
1761838778318 0.5203319191932678 270
1761838778390 0.520336389541626 271
1761838778463 0.520216703414917 272
1761838778537 0.5199589729309082 273
1761838778610 0.5198497772216797 274
1761838778683 0.5197455286979675 275
1761838778757 0.5195602178573608 276
1761838778831 0.5193846225738525 277
1761838778904 0.519546389579773 278
1761838778977 0.5195383429527283 279
1761838779050 0.5194504857063293 280
1761838779123 0.5193827152252197 281
1761838779195 0.5193513035774231 282
1761838779269 0.519196093082428 283
1761838779341 0.5189878940582275 284
1761838779414 0.5189211964607239 285
1761838779489 0.5188023447990417 286
1761838779561 0.5185873508453369 287
1761838779633 0.5183815956115723 288
1761838779708 0.5181950330734253 289
1761838779783 0.5180644989013672 290
1761838779856 0.5180324912071228 291
1761838779929 0.5182443261146545 292
1761838780003 0.5181394219398499 293
1761838780078 0.5179920196533203 294
1761838780152 0.5180372595787048 295
1761838780226 0.5177529454231262 296
1761838780298 0.5175466537475586 297
1761838780371 0.5175573229789734 298
1761838780445 0.517524003982544 299
1761838780519 0.5173773765563965 300
1761838780591 0.5173053741455078 301
1761838780664 0.5171617865562439 302
1761838780738 0.5172378420829773 303
1761838780814 0.5170503258705139 304
1761838780888 0.5169865489006042 305
1761838780963 0.516984760761261 306
1761838781038 0.5167725086212158 307
1761838781111 0.5168129801750183 308
1761838781184 0.5169436931610107 309
1761838781258 0.5169911980628967 310
1761838781332 0.5167835354804993 311
1761838781404 0.5165745615959167 312
1761838781478 0.5164563655853271 313
1761838781551 0.5163485407829285 314
1761838781623 0.5162878036499023 315
1761838781696 0.516286313533783 316
1761838781771 0.5162198543548584 317
1761838781844 0.5160953402519226 318
1761838781919 0.5159983038902283 319
1761838781993 0.5158382654190063 320
1761838782067 0.5157474279403687 321
1761838782141 0.5157032608985901 322
1761838782215 0.5154427886009216 323
1761838782289 0.5153388977050781 324
1761838782362 0.5151944756507874 325
1761838782436 0.515165388584137 326
1761838782510 0.5150078535079956 327
1761838782584 0.5150536298751831 328
1761838782656 0.5149253606796265 329
1761838782730 0.5147063732147217 330
1761838782806 0.5146788954734802 331
1761838782879 0.5145410299301147 332
1761838782951 0.5144878029823303 333
1761838783026 0.514248788356781 334
1761838783101 0.5141369104385376 335
1761838783175 0.5139939188957214 336
1761838783248 0.5140236616134644 337
1761838783322 0.5140342712402344 338
1761838783396 0.5139526128768921 339
1761838783468 0.5138939023017883 340
1761838783542 0.5137417316436768 341
1761838783616 0.5135983824729919 342
1761838783691 0.5135675072669983 343
1761838783764 0.5134877562522888 344
1761838783836 0.5134527087211609 345
1761838783908 0.513343870639801 346
1761838783983 0.5132957100868225 347
1761838784057 0.5132688879966736 348
1761838784131 0.5132228136062622 349
1761838784205 0.5130465626716614 350
1761838784278 0.5131010413169861 351
1761838784352 0.5130100846290588 352
1761838784427 0.5127503275871277 353
1761838784501 0.512636661529541 354
1761838784575 0.5125617384910583 355
1761838784648 0.5124971866607666 356
1761838784722 0.5123521685600281 357
1761838784795 0.5122994184494019 358
1761838784870 0.5121704936027527 359
1761838784943 0.5120494365692139 360
1761838785018 0.5118818879127502 361
1761838785091 0.5118812918663025 362
1761838785163 0.5116484761238098 363
1761838785236 0.5115419626235962 364
1761838785310 0.5115261673927307 365
1761838785382 0.5113176703453064 366
1761838785455 0.5112307667732239 367
1761838785530 0.5112254619598389 368
1761838785603 0.5111818909645081 369
1761838785679 0.5111166834831238 370
1761838785753 0.5110669136047363 371
1761838785826 0.5109332203865051 372
1761838785900 0.5110399723052979 373
1761838785973 0.5108485221862793 374
1761838786047 0.5107252597808838 375
1761838786122 0.5106424689292908 376
1761838786196 0.5104476809501648 377
1761838786269 0.5102331042289734 378
1761838786342 0.5102258920669556 379
1761838786417 0.5101403594017029 380
1761838786492 0.5100719332695007 381
1761838786564 0.5100404024124146 382
1761838786639 0.510007917881012 383
1761838786713 0.5100683569908142 384
1761838786788 0.5100841522216797 385
1761838786862 0.5100308656692505 386
1761838786935 0.5099887251853943 387
1761838787009 0.5100334286689758 388
1761838787085 0.5100690126419067 389
1761838787160 0.5099555253982544 390
1761838787234 0.5098885893821716 391
1761838787309 0.509864330291748 392
1761838787383 0.5097028017044067 393
1761838787457 0.5094979405403137 394
1761838787529 0.5093262195587158 395
1761838787605 0.5092294812202454 396
1761838787679 0.5091966390609741 397
1761838787752 0.5092215538024902 398
1761838787828 0.509213387966156 399
1761838787902 0.5090136528015137 400
