1761838758723 2.0787739753723145 0
1761838758797 1.4796361923217773 1
1761838758875 2.3120789527893066 2
1761838758952 1.339347004890442 3
1761838759027 0.6686199903488159 4
1761838759099 1.1808288097381592 5
1761838759171 1.5750463008880615 6
1761838759241 0.41039031744003296 7
1761838759312 1.0750117301940918 8
1761838759384 1.366471529006958 9
1761838759455 1.6296025514602661 10
1761838759525 0.334896981716156 11
1761838759595 1.5433790683746338 12
1761838759665 0.8411985039710999 13
1761838759735 0.8023574352264404 14
1761838759807 0.5695033669471741 15
1761838759877 1.4293994903564453 16
1761838759946 1.505730152130127 17
1761838760015 0.5317064523696899 18
1761838760086 0.6292551159858704 19
1761838760156 1.079060435295105 20
1761838760226 0.1750904619693756 21
1761838760295 0.5941495299339294 22
1761838760365 0.42812901735305786 23
1761838760434 1.3180763721466064 24
1761838760505 0.586816668510437 25
1761838760577 0.09381221234798431 26
1761838760646 0.6128523349761963 27
1761838760717 0.4787409007549286 28
1761838760787 0.1793683022260666 29
1761838760858 0.7398667931556702 30
1761838760928 0.41444772481918335 31
1761838760997 0.8329829573631287 32
1761838761069 0.43291616439819336 33
1761838761140 1.1423804759979248 34
1761838761208 1.0274128913879395 35
1761838761277 0.35254043340682983 36
1761838761347 0.9757742285728455 37
1761838761415 1.2142993211746216 38
1761838761486 0.15281441807746887 39
1761838761556 0.3005501627922058 40
1761838761627 1.572007656097412 41
1761838761695 0.1963621973991394 42
1761838761766 0.6862895488739014 43
1761838761837 0.44789838790893555 44
1761838761907 0.7615595459938049 45
1761838761978 0.40744471549987793 46
1761838762048 0.6943228840827942 47
1761838762119 1.527357578277588 48
1761838762191 1.1150656938552856 49
1761838762263 0.3030296564102173 50
1761838762330 0.1658511608839035 51
1761838762403 0.24809317290782928 52
1761838762475 0.6561759114265442 53
1761838762547 1.2130324840545654 54
1761838762616 0.7421632409095764 55
1761838762687 0.13783623278141022 56
1761838762758 0.4387243688106537 57
1761838762828 0.5252866744995117 58
1761838762900 0.27696147561073303 59
1761838762973 0.6694245338439941 60
1761838763045 0.5238620638847351 61
1761838763116 0.5894414186477661 62
1761838763188 0.5499164462089539 63
1761838763260 1.47434663772583 64
1761838763330 0.7929190993309021 65
1761838763401 0.15198864042758942 66
1761838763473 0.18292750418186188 67
1761838763544 0.40685632824897766 68
1761838763616 0.1797502338886261 69
1761838763688 0.7099114656448364 70
1761838763760 0.17392820119857788 71
1761838763831 0.9856621623039246 72
1761838763901 0.36797770857810974 73
1761838763972 0.7716616988182068 74
1761838764042 0.8792678117752075 75
1761838764113 0.5182947516441345 76
1761838764184 0.3242526352405548 77
1761838764253 0.9417335987091064 78
1761838764325 1.0487726926803589 79
1761838764397 0.7971466779708862 80
1761838764468 0.5279183387756348 81
1761838764538 1.3401521444320679 82
1761838764610 0.8637146949768066 83
1761838764681 0.7064943313598633 84
1761838764751 0.220092311501503 85
1761838764822 1.1138684749603271 86
1761838764893 0.5124390125274658 87
1761838764964 1.722240924835205 88
1761838765035 0.7874119877815247 89
1761838765108 1.9765286445617676 90
1761838765180 0.4953307509422302 91
1761838765250 0.514228880405426 92
1761838765321 0.17737965285778046 93
1761838765393 0.19688716530799866 94
1761838765462 1.2073878049850464 95
1761838765531 0.36083003878593445 96
1761838765602 1.296522855758667 97
1761838765673 0.5010542273521423 98
1761838765745 0.35988694429397583 99
1761838765817 0.18653351068496704 100
1761838765889 0.4575415253639221 101
1761838765961 0.34460318088531494 102
1761838766033 1.3272478580474854 103
1761838766108 1.362231969833374 104
1761838766181 1.4196361303329468 105
1761838766252 1.307294249534607 106
1761838766323 0.6463278532028198 107
1761838766392 0.584480345249176 108
1761838766463 0.49491679668426514 109
1761838766535 0.5017930865287781 110
1761838766607 0.5714202523231506 111
1761838766678 0.6799514889717102 112
1761838766749 0.2544991672039032 113
1761838766819 0.2732647657394409 114
1761838766890 0.8857375383377075 115
1761838766961 0.4222906827926636 116
1761838767033 0.6157375574111938 117
1761838767105 0.790633499622345 118
1761838767176 0.2263631671667099 119
1761838767248 0.9834045171737671 120
1761838767320 0.9531614184379578 121
1761838767392 0.8619464039802551 122
1761838767463 1.5965914726257324 123
1761838767539 0.757364809513092 124
1761838767615 1.0007061958312988 125
1761838767688 0.2061108648777008 126
1761838767760 0.31532904505729675 127
1761838767832 0.27463215589523315 128
1761838767907 0.6731512546539307 129
1761838767981 0.9990930557250977 130
1761838768057 0.2953716516494751 131
1761838768129 0.7249307036399841 132
1761838768203 0.8548164963722229 133
1761838768276 1.5083800554275513 134
1761838768349 0.40844833850860596 135
1761838768420 1.9732437133789062 136
1761838768491 0.546287477016449 137
1761838768562 0.7932933568954468 138
1761838768634 0.6111852526664734 139
1761838768704 0.6731177568435669 140
1761838768774 0.47818315029144287 141
1761838768844 0.7267014980316162 142
1761838768917 0.4629926383495331 143
1761838768987 0.5977297425270081 144
1761838769060 0.6110648512840271 145
1761838769132 0.553152859210968 146
1761838769203 0.2668435573577881 147
1761838769276 0.37289825081825256 148
1761838769350 0.5622850656509399 149
1761838769426 0.9154448509216309 150
1761838769499 0.37508681416511536 151
1761838769570 0.32205602526664734 152
1761838769641 0.4699169099330902 153
1761838769713 0.8043656945228577 154
1761838769785 0.2086630016565323 155
1761838769858 0.8098909258842468 156
1761838769929 0.509985089302063 157
1761838770002 0.6848231554031372 158
1761838770077 0.18581819534301758 159
1761838770150 0.8523574471473694 160
1761838770223 1.0306085348129272 161
1761838770298 1.5603550672531128 162
1761838770373 0.16127292811870575 163
1761838770461 0.9462880492210388 164
1761838770538 0.42734211683273315 165
1761838770613 0.7957432270050049 166
1761838770685 0.23794980347156525 167
1761838770761 1.0411819219589233 168
1761838770835 1.5843182802200317 169
1761838770908 0.335661381483078 170
1761838770980 0.9444748759269714 171
1761838771054 0.6048088073730469 172
1761838771130 0.648567259311676 173
1761838771202 1.2284839153289795 174
1761838771276 0.4123597741127014 175
1761838771348 0.21203267574310303 176
1761838771420 0.33517512679100037 177
1761838771499 0.9164343476295471 178
1761838771573 0.6267024874687195 179
1761838771645 0.5299370884895325 180
1761838771717 1.2415688037872314 181
1761838771789 0.26930946111679077 182
1761838771861 0.8865236043930054 183
1761838771934 0.27631399035453796 184
1761838772007 1.0476231575012207 185
1761838772083 0.4882400929927826 186
1761838772159 0.9531540870666504 187
1761838772233 0.5684524774551392 188
1761838772306 0.9149684906005859 189
1761838772380 0.5786963701248169 190
1761838772452 0.6447451710700989 191
1761838772524 0.7063107490539551 192
1761838772597 0.7230193018913269 193
1761838772668 0.2866376042366028 194
1761838772741 1.18460214138031 195
1761838772814 0.5482921004295349 196
1761838772887 0.6601325273513794 197
1761838772960 0.847575306892395 198
1761838773031 0.9264826774597168 199
1761838773104 0.806526243686676 200
1761838773177 0.4951789081096649 201
1761838773250 1.047846794128418 202
1761838773322 0.78398597240448 203
1761838773398 1.717795968055725 204
1761838773472 0.5274186730384827 205
1761838773549 0.8528552055358887 206
1761838773624 0.9620609879493713 207
1761838773700 0.47745218873023987 208
1761838773778 0.7978779673576355 209
1761838773851 0.6651431918144226 210
1761838773922 0.6168298721313477 211
1761838774000 1.6844269037246704 212
1761838774078 0.4918963611125946 213
1761838774154 1.1661467552185059 214
1761838774231 1.2309579849243164 215
1761838774304 0.31207507848739624 216
1761838774377 0.9117855429649353 217
1761838774450 1.5267702341079712 218
1761838774529 0.48248517513275146 219
1761838774610 0.6041160225868225 220
1761838774687 1.0772655010223389 221
1761838774763 0.08324969559907913 222
1761838774836 1.3431612253189087 223
1761838774910 0.3294665515422821 224
1761838774995 0.6040999293327332 225
1761838775074 1.9328892230987549 226
1761838775151 0.6009182929992676 227
1761838775226 0.9642148017883301 228
1761838775300 0.4726089537143707 229
1761838775374 1.0003550052642822 230
1761838775447 1.0413419008255005 231
1761838775519 1.0238629579544067 232
1761838775593 0.3421863317489624 233
1761838775664 1.25189208984375 234
1761838775739 1.4903837442398071 235
1761838775816 2.0236575603485107 236
1761838775890 1.0682854652404785 237
1761838775965 0.36802834272384644 238
1761838776038 0.9494705200195312 239
1761838776112 0.6798542141914368 240
1761838776186 0.594105064868927 241
1761838776259 0.9766649007797241 242
1761838776332 0.5941944122314453 243
1761838776405 0.2197493463754654 244
1761838776479 1.1628830432891846 245
1761838776551 1.4580590724945068 246
1761838776627 1.5346417427062988 247
1761838776704 1.8092643022537231 248
1761838776778 1.1308608055114746 249
1761838776852 0.6251435279846191 250
1761838776925 1.0351349115371704 251
1761838776999 0.2695172429084778 252
1761838777073 0.13855236768722534 253
1761838777146 0.13998547196388245 254
1761838777219 1.0431063175201416 255
1761838777292 0.918930172920227 256
1761838777366 0.5054131746292114 257
1761838777438 0.9942063093185425 258
1761838777511 0.6600241661071777 259
1761838777584 0.5138347148895264 260
1761838777659 1.332066535949707 261
1761838777734 1.6330167055130005 262
1761838777807 0.37803563475608826 263
1761838777880 0.9241368770599365 264
1761838777952 0.19069215655326843 265
1761838778023 0.8317017555236816 266
1761838778097 0.17128169536590576 267
1761838778171 0.9537445902824402 268
1761838778245 0.2984059751033783 269
1761838778318 0.4575514793395996 270
1761838778390 0.29317691922187805 271
1761838778463 0.5862772464752197 272
1761838778537 0.6782624125480652 273
1761838778610 0.6846449375152588 274
1761838778683 0.8225865364074707 275
1761838778757 0.624344527721405 276
1761838778831 0.18980130553245544 277
1761838778904 0.7702121734619141 278
1761838778977 0.5883566737174988 279
1761838779050 0.48711588978767395 280
1761838779123 0.32052770256996155 281
1761838779195 1.3097797632217407 282
1761838779269 0.17673557996749878 283
1761838779341 0.7551798820495605 284
1761838779414 0.8229802846908569 285
1761838779489 0.4534056782722473 286
1761838779561 0.9513446092605591 287
1761838779633 0.9777266383171082 288
1761838779708 0.8365464210510254 289
1761838779783 0.6689772009849548 290
1761838779856 0.9892690181732178 291
1761838779929 0.8731249570846558 292
1761838780003 0.8824782967567444 293
1761838780078 0.21613451838493347 294
1761838780152 1.9424116611480713 295
1761838780226 0.25758934020996094 296
1761838780298 0.3160468339920044 297
1761838780371 0.7055767774581909 298
1761838780445 1.3608391284942627 299
1761838780519 0.41753557324409485 300
1761838780591 0.10332143306732178 301
1761838780664 0.4925374686717987 302
1761838780738 1.2159454822540283 303
1761838780814 0.8162868618965149 304
1761838780888 0.6711758375167847 305
1761838780963 0.8414962291717529 306
1761838781038 0.31360477209091187 307
1761838781111 0.6251272559165955 308
1761838781184 0.9950730800628662 309
1761838781258 0.1792750358581543 310
1761838781332 0.7233253717422485 311
1761838781404 0.7004157304763794 312
1761838781478 0.4536859393119812 313
1761838781551 0.7378119826316833 314
1761838781623 0.30511993169784546 315
1761838781696 0.3551497459411621 316
1761838781771 0.7610979676246643 317
1761838781844 1.351326823234558 318
1761838781919 0.46491289138793945 319
1761838781993 1.0845468044281006 320
1761838782067 0.7009456157684326 321
1761838782141 1.4349305629730225 322
1761838782215 0.3705858588218689 323
1761838782289 0.27782484889030457 324
1761838782362 0.5761119723320007 325
1761838782436 0.39251187443733215 326
1761838782510 0.14952388405799866 327
1761838782584 0.548495888710022 328
1761838782656 0.5254783630371094 329
1761838782730 0.18914873898029327 330
1761838782806 1.1640384197235107 331
1761838782879 1.252328872680664 332
1761838782951 0.2905822992324829 333
1761838783026 0.3992369472980499 334
1761838783101 0.7733045220375061 335
1761838783175 0.3918130099773407 336
1761838783248 0.7764226198196411 337
1761838783322 1.5309171676635742 338
1761838783396 0.6251277923583984 339
1761838783468 1.6216236352920532 340
1761838783542 0.5664815902709961 341
1761838783616 0.526477575302124 342
1761838783691 0.32818782329559326 343
1761838783764 0.7049404382705688 344
1761838783836 0.6472501754760742 345
1761838783908 0.9396681189537048 346
1761838783983 0.9964312314987183 347
1761838784057 0.7075211405754089 348
1761838784131 0.5701137781143188 349
1761838784205 0.9171920418739319 350
1761838784278 1.6327540874481201 351
1761838784352 0.5998318195343018 352
1761838784427 0.4306006133556366 353
1761838784501 1.2513753175735474 354
1761838784575 0.5490748882293701 355
1761838784648 0.28518009185791016 356
1761838784722 1.1810656785964966 357
1761838784795 1.3112797737121582 358
1761838784870 0.8737188577651978 359
1761838784943 1.0775127410888672 360
1761838785018 0.9629945158958435 361
1761838785091 0.7796097993850708 362
1761838785163 0.33459100127220154 363
1761838785236 0.8127099871635437 364
1761838785310 0.2902184724807739 365
1761838785382 0.1651146113872528 366
1761838785455 0.5844805240631104 367
1761838785530 0.5003373622894287 368
1761838785603 0.7185295224189758 369
1761838785679 1.3043994903564453 370
1761838785753 0.4550526738166809 371
1761838785826 0.5258269309997559 372
1761838785900 0.8726911544799805 373
1761838785973 0.16868218779563904 374
1761838786047 0.4346959590911865 375
1761838786122 0.4023147225379944 376
1761838786196 0.3648386597633362 377
1761838786269 0.17273330688476562 378
1761838786342 1.3905870914459229 379
1761838786417 0.9045817852020264 380
1761838786492 0.19188711047172546 381
1761838786564 0.30320343375205994 382
1761838786639 0.5160627365112305 383
1761838786713 0.5577153563499451 384
1761838786788 0.41053318977355957 385
1761838786862 0.32103994488716125 386
1761838786935 1.3149595260620117 387
1761838787009 0.9459309577941895 388
1761838787085 0.4310295283794403 389
1761838787160 0.929224967956543 390
1761838787234 0.7535716891288757 391
1761838787309 0.25526487827301025 392
1761838787383 1.0947787761688232 393
1761838787457 0.3453253507614136 394
1761838787529 0.32687631249427795 395
1761838787605 1.0053287744522095 396
1761838787679 0.6671236157417297 397
1761838787752 0.7249359488487244 398
1761838787828 0.19015443325042725 399
1761838787902 0.8938044309616089 400
