1762792663487 1.7701207399368286 0
1762792663589 1.5745495557785034 1
1762792663688 1.4339101314544678 2
1762792663789 1.352980375289917 3
1762792663888 1.2820478677749634 4
1762792663988 1.2221120595932007 5
1762792664087 1.1825469732284546 6
1762792664185 1.1476925611495972 7
1762792664278 1.1168172359466553 8
1762792664371 1.0849089622497559 9
1762792664463 1.0644137859344482 10
1762792664554 1.0400943756103516 11
1762792664646 1.0114890336990356 12
1762792664739 0.9974666833877563 13
1762792664830 0.9725224375724792 14
1762792664923 0.9555232524871826 15
1762792665014 0.9355154037475586 16
1762792665107 0.9209993481636047 17
1762792665197 0.9036041498184204 18
1762792665289 0.8892014026641846 19
1762792665379 0.8769207000732422 20
