1762792663487 1.1869999170303345 0
1762792663589 1.568806767463684 1
1762792663688 0.6226308941841125 2
1762792663789 0.613294243812561 3
1762792663888 1.4824120998382568 4
1762792663988 0.853191077709198 5
1762792664087 1.4640851020812988 6
1762792664185 0.8960369229316711 7
1762792664278 0.7427653670310974 8
1762792664371 0.7905911207199097 9
1762792664463 0.8646930456161499 10
1762792664554 0.34397023916244507 11
1762792664646 0.5345377922058105 12
1762792664739 0.5357354879379272 13
1762792664830 0.5841772556304932 14
1762792664923 1.0117303133010864 15
1762792665014 1.0144048929214478 16
1762792665107 0.3906586468219757 17
1762792665197 0.29641664028167725 18
1762792665289 0.8016217350959778 19
1762792665379 0.5590733885765076 20
