1762792650290 1.7653700113296509 0
1762792650381 1.5662035942077637 1
1762792650473 1.4528353214263916 2
1762792650563 1.365108609199524 3
1762792650656 1.2829123735427856 4
1762792650748 1.2360998392105103 5
1762792650840 1.1814205646514893 6
1762792650930 1.1444077491760254 7
1762792651020 1.1063947677612305 8
1762792651111 1.0748707056045532 9
1762792651200 1.0493671894073486 10
1762792651292 1.0225257873535156 11
1762792651382 0.9979290962219238 12
1762792651472 0.9738221764564514 13
1762792651563 0.9541499614715576 14
1762792651655 0.9361452460289001 15
1762792651748 0.9177350997924805 16
1762792651839 0.9060547947883606 17
1762792651929 0.8911934494972229 18
1762792652026 0.875564694404602 19
1762792652129 0.8602863550186157 20
1762792652222 0.8451581597328186 21
1762792652314 0.8341071605682373 22
1762792652406 0.8216584324836731 23
1762792652497 0.8098383545875549 24
1762792652583 0.8013991117477417 25
1762792652673 0.7916639447212219 26
1762792652763 0.7852008938789368 27
1762792652854 0.7753661274909973 28
1762792652945 0.7656476497650146 29
1762792653036 0.7564983367919922 30
1762792653128 0.7458365559577942 31
1762792653218 0.7401664853096008 32
