1762792650290 1.2055778503417969 0
1762792650381 1.3345816135406494 1
1762792650473 0.7417866587638855 2
1762792650563 0.5942687392234802 3
1762792650656 1.06260347366333 4
1762792650748 0.6014155745506287 5
1762792650840 1.303012490272522 6
1762792650930 0.8477635979652405 7
1762792651020 0.5931575894355774 8
1762792651111 0.4869062900543213 9
1762792651200 0.8470582365989685 10
1762792651292 0.5416709780693054 11
1762792651382 1.4696736335754395 12
1762792651472 0.6350308656692505 13
1762792651563 0.6111530661582947 14
1762792651655 0.6933770179748535 15
1762792651748 0.9842517375946045 16
1762792651839 0.7651978135108948 17
1762792651929 0.41501063108444214 18
1762792652026 0.176333948969841 19
1762792652129 0.29632624983787537 20
1762792652222 0.9649955034255981 21
1762792652314 1.1755493879318237 22
1762792652406 0.38637256622314453 23
1762792652497 0.7225914001464844 24
1762792652583 0.9637877345085144 25
1762792652673 0.3501012325286865 26
1762792652763 0.5348480939865112 27
1762792652854 0.5095231533050537 28
1762792652945 0.4475162625312805 29
1762792653036 0.6819061040878296 30
1762792653128 0.44238510727882385 31
1762792653218 0.18563348054885864 32
