1762792243449 1.689813256263733 0
1762792243540 1.4819351434707642 1
1762792243648 1.3801615238189697 2
1762792243744 1.2663235664367676 3
1762792243837 1.2109758853912354 4
1762792243932 1.1589865684509277 5
1762792244026 1.1087232828140259 6
1762792244118 1.0705491304397583 7
1762792244209 1.0348477363586426 8
1762792244300 0.9986678957939148 9
1762792244391 0.9723089933395386 10
1762792244481 0.9450377225875854 11
1762792244572 0.9238718152046204 12
1762792244664 0.904444694519043 13
1762792244754 0.8821683526039124 14
1762792244843 0.8647550940513611 15
1762792244934 0.8444626331329346 16
1762792245025 0.8328434228897095 17
1762792245119 0.8195821046829224 18
1762792245209 0.8046707510948181 19
1762792245299 0.7928081750869751 20
1762792245389 0.7765326499938965 21
1762792245481 0.7645607590675354 22
1762792245572 0.7543027997016907 23
1762792245663 0.7423808574676514 24
1762792245754 0.7314984202384949 25
1762792245846 0.7205564379692078 26
