1762792243449 1.602152943611145 0
1762792243540 0.9996729493141174 1
1762792243648 1.4576462507247925 2
1762792243744 0.8324986696243286 3
1762792243837 1.2497045993804932 4
1762792243932 0.7013290524482727 5
1762792244026 1.2158459424972534 6
1762792244118 0.787602424621582 7
1762792244209 0.5050708055496216 8
1762792244300 0.44637253880500793 9
1762792244391 0.8899394869804382 10
1762792244481 1.3186289072036743 11
1762792244572 0.32379740476608276 12
1762792244664 0.5672232508659363 13
1762792244754 0.6019250154495239 14
1762792244843 0.5186033248901367 15
1762792244934 0.8848419189453125 16
1762792245025 0.49630534648895264 17
1762792245119 0.6040663123130798 18
1762792245209 1.0456095933914185 19
1762792245299 1.2954819202423096 20
1762792245389 0.28707873821258545 21
1762792245481 0.339158296585083 22
1762792245572 0.8490839600563049 23
1762792245663 0.29676613211631775 24
1762792245754 0.2435971349477768 25
1762792245846 0.08595941960811615 26
