1763913267719 1.7236446142196655 0
1763913267809 1.518240213394165 1
1763913267900 1.417483925819397 2
1763913267989 1.3249014616012573 3
1763913268079 1.261362075805664 4
1763913268169 1.209057331085205 5
1763913268261 1.1552784442901611 6
1763913268353 1.1122244596481323 7
1763913268445 1.078075647354126 8
1763913268537 1.0506287813186646 9
1763913268630 1.0155888795852661 10
1763913268732 0.9899778366088867 11
1763913268835 0.9682798385620117 12
1763913268932 0.9478657841682434 13
1763913269064 0.9302172064781189 14
1763913269162 0.9134171009063721 15
1763913269259 0.89708012342453 16
1763913269363 0.8807693123817444 17
1763913269464 0.8668007254600525 18
1763913269562 0.8532001972198486 19
1763913269679 0.8378095030784607 20
1763913269779 0.8234999775886536 21
1763913269879 0.811051607131958 22
1763913269980 0.7966777682304382 23
1763913270079 0.7842498421669006 24
1763913270175 0.7718681693077087 25
1763913270267 0.7605623602867126 26
1763913270364 0.7488340735435486 27
1763913270459 0.7382614612579346 28
1763913270555 0.7295337915420532 29
1763913270657 0.7208267450332642 30
1763913270756 0.7115277051925659 31
1763913270853 0.7039607167243958 32
1763913270950 0.6970571875572205 33
1763913271042 0.6889435052871704 34
1763913271135 0.6800819039344788 35
1763913271228 0.6729882955551147 36
1763913271319 0.666612982749939 37
1763913271409 0.6596761345863342 38
1763913271500 0.6515564322471619 39
1763913271593 0.6442978978157043 40
1763913271688 0.6369701027870178 41
1763913271781 0.6297944784164429 42
1763913271872 0.6216806769371033 43
1763913271965 0.6146056056022644 44
1763913272056 0.6074599623680115 45
1763913272148 0.6005006432533264 46
1763913272239 0.5931493639945984 47
1763913272332 0.5858611464500427 48
1763913272425 0.5798067450523376 49
1763913272517 0.5727155208587646 50
1763913272608 0.5661296844482422 51
1763913272701 0.5599451065063477 52
1763913272792 0.5538286566734314 53
1763913272885 0.5476841926574707 54
1763913272977 0.5411906838417053 55
1763913273068 0.5358640551567078 56
1763913273161 0.5302707552909851 57
1763913273258 0.5250917673110962 58
1763913273363 0.5198277831077576 59
1763913273467 0.5145803093910217 60
1763913273564 0.5099510550498962 61
1763913273661 0.5058802962303162 62
1763913273754 0.5006136298179626 63
1763913273846 0.496377557516098 64
1763913273939 0.49151498079299927 65
1763913274029 0.4869363605976105 66
1763913274134 0.48254919052124023 67
1763913274236 0.4785422682762146 68
1763913274333 0.4748442471027374 69
1763913274427 0.47102126479148865 70
1763913274521 0.4669845700263977 71
1763913274612 0.463615357875824 72
1763913274704 0.45965126156806946 73
1763913274795 0.4562190771102905 74
1763913274887 0.4524497389793396 75
1763913274978 0.44859927892684937 76
1763913275069 0.4451736509799957 77
1763913275162 0.44213736057281494 78
1763913275253 0.43869057297706604 79
1763913275346 0.43570253252983093 80
1763913275438 0.43263867497444153 81
1763913275529 0.4294695258140564 82
1763913275624 0.42672932147979736 83
1763913275719 0.4237319529056549 84
1763913275812 0.42081835865974426 85
1763913275905 0.4180293679237366 86
1763913275996 0.41514620184898376 87
1763913276087 0.41250020265579224 88
1763913276180 0.40969300270080566 89
1763913276271 0.4069778025150299 90
1763913276363 0.40428391098976135 91
1763913276455 0.4019627571105957 92
1763913276546 0.39984965324401855 93
1763913276640 0.3971601128578186 94
1763913276732 0.3947533667087555 95
1763913276823 0.39278265833854675 96
1763913276915 0.39065659046173096 97
1763913277006 0.38843441009521484 98
1763913277098 0.3860778212547302 99
1763913277191 0.3842148780822754 100
1763913277282 0.38220033049583435 101
1763913277374 0.380447119474411 102
1763913277465 0.37862759828567505 103
1763913277558 0.3763584792613983 104
1763913277657 0.3742453455924988 105
1763913277755 0.37228620052337646 106
1763913277856 0.3706194758415222 107
1763913277955 0.3685349225997925 108
1763913278057 0.36684611439704895 109
1763913278159 0.3653315603733063 110
1763913278269 0.36336612701416016 111
1763913278371 0.36149153113365173 112
1763913278470 0.35975560545921326 113
1763913278573 0.35796281695365906 114
1763913278688 0.3562934398651123 115
1763913278788 0.354740172624588 116
1763913278890 0.3535166084766388 117
1763913278988 0.35260501503944397 118
1763913279092 0.35114413499832153 119
1763913279195 0.3494870662689209 120
1763913279292 0.3481583297252655 121
1763913279391 0.3464522659778595 122
1763913279486 0.3446667492389679 123
1763913279580 0.34335801005363464 124
1763913279690 0.34184151887893677 125
1763913279792 0.3404189348220825 126
1763913279888 0.33911484479904175 127
1763913279990 0.3377009928226471 128
1763913280092 0.33655911684036255 129
1763913280191 0.33560803532600403 130
1763913280296 0.3343765437602997 131
1763913280397 0.3331545293331146 132
1763913280499 0.33203691244125366 133
1763913280613 0.3308957517147064 134
1763913280715 0.3296509087085724 135
1763913280826 0.32841718196868896 136
1763913280933 0.32737159729003906 137
1763913281039 0.32635077834129333 138
1763913281143 0.32516658306121826 139
1763913281244 0.32380208373069763 140
1763913281337 0.32271608710289 141
1763913281429 0.32178398966789246 142
1763913281521 0.320919007062912 143
1763913281618 0.3198552131652832 144
1763913281745 0.3187448978424072 145
1763913281840 0.3179500699043274 146
1763913281935 0.317165732383728 147
1763913282029 0.31615883111953735 148
1763913282122 0.3152131736278534 149
1763913282221 0.31437551975250244 150
1763913282320 0.3133874237537384 151
1763913282414 0.312426894903183 152
1763913282507 0.3113361895084381 153
1763913282599 0.310683012008667 154
1763913282696 0.30978459119796753 155
1763913282790 0.30907735228538513 156
1763913282882 0.30824804306030273 157
1763913282974 0.3073071539402008 158
1763913283067 0.3065018355846405 159
1763913283159 0.305464506149292 160
1763913283256 0.3045789897441864 161
1763913283350 0.30384498834609985 162
1763913283445 0.30307456851005554 163
1763913283538 0.302168071269989 164
1763913283633 0.30152106285095215 165
1763913283727 0.300725519657135 166
1763913283824 0.30005139112472534 167
1763913283920 0.2992061674594879 168
1763913284015 0.2986457943916321 169
1763913284109 0.29773327708244324 170
1763913284204 0.2970254123210907 171
1763913284301 0.29627180099487305 172
1763913284397 0.295524001121521 173
1763913284492 0.29482316970825195 174
1763913284588 0.2941223084926605 175
1763913284684 0.29338163137435913 176
1763913284776 0.29250648617744446 177
1763913284869 0.29211047291755676 178
1763913284963 0.2915121018886566 179
1763913285055 0.2907670736312866 180
1763913285151 0.2901427745819092 181
1763913285245 0.28949469327926636 182
1763913285342 0.28888174891471863 183
1763913285437 0.28825074434280396 184
1763913285535 0.2877071499824524 185
1763913285647 0.2871595323085785 186
1763913285746 0.2866155803203583 187
1763913285844 0.28620901703834534 188
1763913285938 0.28565576672554016 189
1763913286032 0.285169780254364 190
1763913286128 0.28462159633636475 191
1763913286222 0.28406286239624023 192
1763913286315 0.2833406329154968 193
1763913286411 0.28278177976608276 194
1763913286504 0.28220513463020325 195
1763913286597 0.2815195620059967 196
1763913286691 0.2808244526386261 197
1763913286786 0.28022685647010803 198
1763913286880 0.2799009382724762 199
1763913286976 0.2795359492301941 200
1763913287073 0.2791159749031067 201
1763913287170 0.27849072217941284 202
1763913287266 0.2780841290950775 203
1763913287361 0.2774699032306671 204
1763913287454 0.27683186531066895 205
1763913287548 0.2761712968349457 206
1763913287644 0.27550801634788513 207
1763913287741 0.27489328384399414 208
1763913287834 0.2744947373867035 209
1763913287924 0.27393466234207153 210
1763913288018 0.27341899275779724 211
1763913288113 0.27308619022369385 212
1763913288208 0.27278923988342285 213
1763913288307 0.2722927927970886 214
1763913288405 0.27194318175315857 215
1763913288499 0.27153852581977844 216
1763913288592 0.27113643288612366 217
1763913288689 0.2706525921821594 218
1763913288785 0.2701796591281891 219
1763913288880 0.2695784270763397 220
1763913288974 0.26914912462234497 221
1763913289067 0.26875877380371094 222
1763913289161 0.2682534456253052 223
1763913289254 0.2678547501564026 224
1763913289353 0.2673872411251068 225
1763913289448 0.2669915556907654 226
1763913289541 0.26646101474761963 227
1763913289639 0.2660568952560425 228
1763913289738 0.265622615814209 229
1763913289835 0.2650512158870697 230
1763913289930 0.2645430862903595 231
1763913290023 0.26406461000442505 232
1763913290118 0.2635795474052429 233
1763913290219 0.2632611095905304 234
1763913290315 0.2628145217895508 235
1763913290409 0.26245343685150146 236
1763913290503 0.26195234060287476 237
1763913290595 0.2616369128227234 238
1763913290691 0.2612362504005432 239
1763913290787 0.2608656883239746 240
1763913290885 0.26057496666908264 241
1763913290983 0.2601870596408844 242
1763913291082 0.25979748368263245 243
1763913291179 0.25943341851234436 244
1763913291277 0.2588101029396057 245
1763913291375 0.2584192454814911 246
1763913291470 0.2579665184020996 247
1763913291564 0.2575954496860504 248
1763913291657 0.2571597397327423 249
1763913291750 0.2569521367549896 250
1763913291844 0.25660982728004456 251
1763913291938 0.2563702464103699 252
1763913292034 0.25612831115722656 253
1763913292127 0.2557385563850403 254
1763913292221 0.2552420198917389 255
1763913292317 0.254872590303421 256
1763913292413 0.2546609044075012 257
1763913292507 0.25449690222740173 258
1763913292602 0.25417590141296387 259
1763913292699 0.25389185547828674 260
1763913292793 0.2535226345062256 261
1763913292887 0.2532513737678528 262
1763913292981 0.2529345452785492 263
1763913293075 0.252683162689209 264
1763913293170 0.25243133306503296 265
1763913293265 0.25204166769981384 266
1763913293358 0.251854807138443 267
1763913293455 0.2515758275985718 268
1763913293553 0.2511879801750183 269
1763913293650 0.25086265802383423 270
1763913293745 0.25060269236564636 271
1763913293840 0.2502407729625702 272
1763913293933 0.24991631507873535 273
1763913294027 0.24955734610557556 274
1763913294122 0.24920938909053802 275
1763913294217 0.2490074634552002 276
1763913294313 0.24864818155765533 277
1763913294409 0.2484990656375885 278
1763913294503 0.24819420278072357 279
1763913294599 0.24789877235889435 280
1763913294695 0.247568741440773 281
1763913294791 0.24734891951084137 282
1763913294886 0.2470693290233612 283
1763913294981 0.24680201709270477 284
1763913295079 0.2464388608932495 285
1763913295177 0.24603047966957092 286
1763913295274 0.24585750699043274 287
1763913295369 0.24551348388195038 288
1763913295463 0.24523839354515076 289
1763913295557 0.2450065165758133 290
1763913295652 0.24482053518295288 291
1763913295748 0.2445356547832489 292
1763913295843 0.2443203628063202 293
1763913295938 0.2441636025905609 294
1763913296032 0.24388262629508972 295
1763913296126 0.24368681013584137 296
1763913296220 0.24337874352931976 297
1763913296315 0.24316254258155823 298
1763913296411 0.24286045134067535 299
1763913296507 0.24262140691280365 300
1763913296601 0.2423083782196045 301
1763913296694 0.2421906590461731 302
1763913296787 0.24191612005233765 303
1763913296883 0.24160930514335632 304
1763913296982 0.24124780297279358 305
1763913297077 0.24094243347644806 306
1763913297175 0.24078324437141418 307
1763913297269 0.24059177935123444 308
1763913297365 0.24048469960689545 309
1763913297459 0.24018312990665436 310
1763913297556 0.23997198045253754 311
1763913297651 0.23972684144973755 312
1763913297744 0.2395530343055725 313
1763913297839 0.23927238583564758 314
1763913297933 0.23904144763946533 315
1763913298026 0.23881946504116058 316
1763913298122 0.23857463896274567 317
1763913298219 0.23837724328041077 318
1763913298316 0.23816852271556854 319
1763913298413 0.23784297704696655 320
1763913298512 0.23769956827163696 321
1763913298618 0.23751360177993774 322
1763913298724 0.23725983500480652 323
1763913298827 0.23706552386283875 324
1763913298932 0.23687461018562317 325
1763913299029 0.23674480617046356 326
1763913299128 0.23657765984535217 327
1763913299228 0.23639005422592163 328
1763913299325 0.23619376122951508 329
1763913299420 0.23592548072338104 330
1763913299516 0.23571185767650604 331
1763913299613 0.2354797124862671 332
1763913299709 0.2353431135416031 333
1763913299805 0.23528189957141876 334
1763913299898 0.23507249355316162 335
1763913299992 0.23484812676906586 336
1763913300087 0.23464800417423248 337
1763913300182 0.23449835181236267 338
1763913300282 0.2343289852142334 339
1763913300378 0.23416432738304138 340
1763913300474 0.23404119908809662 341
1763913300571 0.23383119702339172 342
1763913300670 0.23372289538383484 343
1763913300767 0.23349545896053314 344
1763913300863 0.2333192080259323 345
1763913300961 0.23317965865135193 346
1763913301060 0.23296907544136047 347
1763913301160 0.2328324168920517 348
1763913301259 0.2327144294977188 349
1763913301354 0.23245447874069214 350
1763913301448 0.23225055634975433 351
1763913301544 0.23206812143325806 352
1763913301642 0.23191985487937927 353
1763913301738 0.23179589211940765 354
1763913301852 0.2316179722547531 355
1763913301953 0.23152239620685577 356
1763913302051 0.23135676980018616 357
1763913302149 0.23113787174224854 358
1763913302247 0.23102229833602905 359
1763913302345 0.23084582388401031 360
1763913302442 0.2307734340429306 361
1763913302538 0.23066408932209015 362
1763913302636 0.23047800362110138 363
1763913302732 0.2302606999874115 364
1763913302828 0.2301526814699173 365
1763913302924 0.2300199270248413 366
1763913303019 0.22985003888607025 367
1763913303117 0.2295810580253601 368
1763913303212 0.22944413125514984 369
1763913303308 0.22920753061771393 370
1763913303405 0.22897860407829285 371
1763913303500 0.22877664864063263 372
1763913303600 0.22879533469676971 373
1763913303697 0.22863931953907013 374
1763913303794 0.2285088151693344 375
1763913303891 0.2283504158258438 376
1763913303988 0.22816839814186096 377
1763913304084 0.22801440954208374 378
1763913304180 0.22786657512187958 379
1763913304276 0.22775939106941223 380
1763913304372 0.22762340307235718 381
1763913304469 0.22751402854919434 382
1763913304571 0.22745633125305176 383
1763913304670 0.22743481397628784 384
1763913304768 0.22729122638702393 385
1763913304863 0.22709441184997559 386
1763913304959 0.2269996553659439 387
1763913305055 0.22688047587871552 388
1763913305156 0.22671924531459808 389
1763913305252 0.22661302983760834 390
1763913305349 0.2265220731496811 391
1763913305446 0.22635237872600555 392
1763913305544 0.2262217402458191 393
1763913305643 0.2260976880788803 394
1763913305738 0.22591690719127655 395
1763913305835 0.22570545971393585 396
1763913305930 0.22559374570846558 397
1763913306028 0.22547249495983124 398
1763913306126 0.22532153129577637 399
1763913306226 0.2251684069633484 400
