1763913267719 1.7816277742385864 0
1763913267809 2.305263042449951 1
1763913267900 1.044250249862671 2
1763913267989 0.9825087189674377 3
1763913268079 0.844058632850647 4
1763913268169 0.7438250184059143 5
1763913268261 0.816545844078064 6
1763913268353 0.8850316405296326 7
1763913268445 1.312628984451294 8
1763913268537 0.5316154360771179 9
1763913268630 0.36697137355804443 10
1763913268732 0.44618144631385803 11
1763913268835 0.8151284456253052 12
1763913268932 0.29516592621803284 13
1763913269064 0.8867208957672119 14
1763913269162 0.5118957757949829 15
1763913269259 0.6239736080169678 16
1763913269363 0.895863950252533 17
1763913269464 0.3933671712875366 18
1763913269562 0.6388495564460754 19
1763913269679 0.20763304829597473 20
1763913269779 0.3830152153968811 21
1763913269879 0.41884446144104004 22
1763913269980 0.5506795644760132 23
1763913270079 0.5495072603225708 24
1763913270175 0.721743106842041 25
1763913270267 0.5593521595001221 26
1763913270364 0.7715916633605957 27
1763913270459 0.451116681098938 28
1763913270555 0.4629669189453125 29
1763913270657 1.0453585386276245 30
1763913270756 0.47940805554389954 31
1763913270853 0.20483681559562683 32
1763913270950 0.2609530985355377 33
1763913271042 0.6566769480705261 34
1763913271135 0.12125406414270401 35
1763913271228 0.9444339871406555 36
1763913271319 0.32598233222961426 37
1763913271409 0.7755450010299683 38
1763913271500 0.41468849778175354 39
1763913271593 0.20781253278255463 40
1763913271688 0.17594380676746368 41
1763913271781 0.11759191006422043 42
1763913271872 0.14664429426193237 43
1763913271965 0.2068387120962143 44
1763913272056 0.3436537981033325 45
1763913272148 0.10316795110702515 46
1763913272239 0.3187228739261627 47
1763913272332 0.36274096369743347 48
1763913272425 0.44913432002067566 49
1763913272517 0.20614904165267944 50
1763913272608 0.25505515933036804 51
1763913272701 0.0978570505976677 52
1763913272792 0.12363290041685104 53
1763913272885 0.0451166070997715 54
1763913272977 0.2794896066188812 55
1763913273068 0.2585417628288269 56
1763913273161 0.15509845316410065 57
1763913273258 0.1808290332555771 58
1763913273363 0.3207733929157257 59
1763913273467 0.1460910588502884 60
1763913273564 0.15203945338726044 61
1763913273661 0.24697864055633545 62
1763913273754 0.07696642726659775 63
1763913273846 0.549383819103241 64
1763913273939 0.30448898673057556 65
1763913274029 0.20925220847129822 66
1763913274134 0.2718512713909149 67
1763913274236 0.023211240768432617 68
1763913274333 0.3237341046333313 69
1763913274427 0.14990104734897614 70
1763913274521 0.3890499770641327 71
1763913274612 0.10894817113876343 72
1763913274704 0.3271723985671997 73
1763913274795 0.13723956048488617 74
1763913274887 0.06507489830255508 75
1763913274978 0.035953689366579056 76
1763913275069 0.049175016582012177 77
1763913275162 0.16706645488739014 78
1763913275253 0.05637098476290703 79
1763913275346 0.1980922818183899 80
1763913275438 0.13277079164981842 81
1763913275529 0.46898555755615234 82
1763913275624 0.3949585258960724 83
1763913275719 0.07427652925252914 84
1763913275812 0.1543448567390442 85
1763913275905 0.07354266196489334 86
1763913275996 0.3181471526622772 87
1763913276087 0.26636913418769836 88
1763913276180 0.1013287752866745 89
1763913276271 0.1473526954650879 90
1763913276363 0.1726008504629135 91
1763913276455 0.4172312915325165 92
1763913276546 0.21793626248836517 93
1763913276640 0.14541864395141602 94
1763913276732 0.02987968549132347 95
1763913276823 0.05372375622391701 96
1763913276915 0.11391936242580414 97
1763913277006 0.0309903547167778 98
1763913277098 0.16460995376110077 99
1763913277191 0.419679194688797 100
1763913277282 0.516625702381134 101
1763913277374 0.4889507591724396 102
1763913277465 0.13874542713165283 103
1763913277558 0.1259247362613678 104
1763913277657 0.04596138373017311 105
1763913277755 0.0848238542675972 106
1763913277856 0.2169821858406067 107
1763913277955 0.1326647698879242 108
1763913278057 0.04664317145943642 109
1763913278159 0.06670740246772766 110
1763913278269 0.2358984351158142 111
1763913278371 0.12281391024589539 112
1763913278470 0.21388161182403564 113
1763913278573 0.06052607670426369 114
1763913278688 0.3210577070713043 115
1763913278788 0.18384072184562683 116
1763913278890 0.08587448298931122 117
1763913278988 0.2811153531074524 118
1763913279092 0.056492455303668976 119
1763913279195 0.23957322537899017 120
1763913279292 0.26999589800834656 121
1763913279391 0.04153088107705116 122
1763913279486 0.02593475766479969 123
1763913279580 0.23101024329662323 124
1763913279690 0.18615388870239258 125
1763913279792 0.04973335936665535 126
1763913279888 0.23258650302886963 127
1763913279990 0.09213831275701523 128
1763913280092 0.06246721372008324 129
1763913280191 0.5935185551643372 130
1763913280296 0.04862711951136589 131
1763913280397 0.05506205931305885 132
1763913280499 0.07775375992059708 133
1763913280613 0.11349900811910629 134
1763913280715 0.33137381076812744 135
1763913280826 0.06130185350775719 136
1763913280933 0.30894139409065247 137
1763913281039 0.05856660008430481 138
1763913281143 0.18813417851924896 139
1763913281244 0.0798758864402771 140
1763913281337 0.10828006267547607 141
1763913281429 0.13349467515945435 142
1763913281521 0.3177659511566162 143
1763913281618 0.21086880564689636 144
1763913281745 0.26316630840301514 145
1763913281840 0.3757271468639374 146
1763913281935 0.34396663308143616 147
1763913282029 0.16135241091251373 148
1763913282122 0.04919811338186264 149
1763913282221 0.32104378938674927 150
1763913282320 0.12184970825910568 151
1763913282414 0.1400938779115677 152
1763913282507 0.20358149707317352 153
1763913282599 0.027215100824832916 154
1763913282696 0.6472695469856262 155
1763913282790 0.19609829783439636 156
1763913282882 0.09009981155395508 157
1763913282974 0.17094624042510986 158
1763913283067 0.10174310952425003 159
1763913283159 0.23640386760234833 160
1763913283256 0.1337539404630661 161
1763913283350 0.03444470465183258 162
1763913283445 0.08028493076562881 163
1763913283538 0.3051210045814514 164
1763913283633 0.14598515629768372 165
1763913283727 0.12941989302635193 166
1763913283824 0.1644037365913391 167
1763913283920 0.1352054476737976 168
1763913284015 0.5110905766487122 169
1763913284109 0.49469462037086487 170
1763913284204 0.05687658488750458 171
1763913284301 0.1458987295627594 172
1763913284397 0.2008979767560959 173
1763913284492 0.07188217341899872 174
1763913284588 0.1081034392118454 175
1763913284684 0.04794560372829437 176
1763913284776 0.23010483384132385 177
1763913284869 0.09655702114105225 178
1763913284963 0.03373603895306587 179
1763913285055 0.33273816108703613 180
1763913285151 0.07568846642971039 181
1763913285245 0.1412142664194107 182
1763913285342 0.0326029434800148 183
1763913285437 0.1882154643535614 184
1763913285535 0.14504507184028625 185
1763913285647 0.22718726098537445 186
1763913285746 0.15488970279693604 187
1763913285844 0.28361329436302185 188
1763913285938 0.1671437919139862 189
1763913286032 0.2207394689321518 190
1763913286128 0.08392419666051865 191
1763913286222 0.16514155268669128 192
1763913286315 0.30982452630996704 193
1763913286411 0.2501462399959564 194
1763913286504 0.13866589963436127 195
1763913286597 0.08067096769809723 196
1763913286691 0.44849419593811035 197
1763913286786 0.30675724148750305 198
1763913286880 0.18569934368133545 199
1763913286976 0.11940006166696548 200
1763913287073 0.28056809306144714 201
1763913287170 0.08510518819093704 202
1763913287266 0.027240809053182602 203
1763913287361 0.22732344269752502 204
1763913287454 0.3541615903377533 205
1763913287548 0.060907911509275436 206
1763913287644 0.1365080028772354 207
1763913287741 0.0474536195397377 208
1763913287834 0.03348743915557861 209
1763913287924 0.3710293173789978 210
1763913288018 0.14402568340301514 211
1763913288113 0.30309849977493286 212
1763913288208 0.05573674663901329 213
1763913288307 0.11834923923015594 214
1763913288405 0.3151901364326477 215
1763913288499 0.09187494963407516 216
1763913288592 0.1474727988243103 217
1763913288689 0.02335411310195923 218
1763913288785 0.204372838139534 219
1763913288880 0.11872250586748123 220
1763913288974 0.36690887808799744 221
1763913289067 0.020159929990768433 222
1763913289161 0.07482896745204926 223
1763913289254 0.8236679434776306 224
1763913289353 0.1766595095396042 225
1763913289448 0.03980399668216705 226
1763913289541 0.42283493280410767 227
1763913289639 0.13471513986587524 228
1763913289738 0.028606848791241646 229
1763913289835 0.11052882671356201 230
1763913289930 0.1482177972793579 231
1763913290023 0.12926456332206726 232
1763913290118 0.09081065654754639 233
1763913290219 0.029010500758886337 234
1763913290315 0.028673773631453514 235
1763913290409 0.267190158367157 236
1763913290503 0.10232003033161163 237
1763913290595 0.06043411046266556 238
1763913290691 0.160899356007576 239
1763913290787 0.3429279625415802 240
1763913290885 0.3029782176017761 241
1763913290983 0.1574612408876419 242
1763913291082 0.09196603298187256 243
1763913291179 0.5357104539871216 244
1763913291277 0.02404995635151863 245
1763913291375 0.15711477398872375 246
1763913291470 0.023669613525271416 247
1763913291564 0.15398569405078888 248
1763913291657 0.1535159796476364 249
1763913291750 0.06868575513362885 250
1763913291844 0.10303200781345367 251
1763913291938 0.1685686707496643 252
1763913292034 0.05922112986445427 253
1763913292127 0.01715030148625374 254
1763913292221 0.35123583674430847 255
1763913292317 0.21554401516914368 256
1763913292413 0.09716960042715073 257
1763913292507 0.4560142755508423 258
1763913292602 0.36310875415802 259
1763913292699 0.3511044681072235 260
1763913292793 0.15961229801177979 261
1763913292887 0.20843768119812012 262
1763913292981 0.03366047143936157 263
1763913293075 0.2526048719882965 264
1763913293170 0.09195443242788315 265
1763913293265 0.18582291901111603 266
1763913293358 0.07970588654279709 267
1763913293455 0.30119314789772034 268
1763913293553 0.1418037861585617 269
1763913293650 0.07816340774297714 270
1763913293745 0.03771178051829338 271
1763913293840 0.09033509343862534 272
1763913293933 0.11396345496177673 273
1763913294027 0.06483715772628784 274
1763913294122 0.1502021849155426 275
1763913294217 0.19436687231063843 276
1763913294313 0.06294038891792297 277
1763913294409 0.07377088069915771 278
1763913294503 0.37972351908683777 279
1763913294599 0.21711385250091553 280
1763913294695 0.14309270679950714 281
1763913294791 0.017156844958662987 282
1763913294886 0.28035691380500793 283
1763913294981 0.02929636649787426 284
1763913295079 0.07200632244348526 285
1763913295177 0.24452470242977142 286
1763913295274 0.28173694014549255 287
1763913295369 0.09065919369459152 288
1763913295463 0.17021286487579346 289
1763913295557 0.0861167386174202 290
1763913295652 0.047486379742622375 291
1763913295748 0.03153371065855026 292
1763913295843 0.22634156048297882 293
1763913295938 0.013988111168146133 294
1763913296032 0.04041838273406029 295
1763913296126 0.06421509385108948 296
1763913296220 0.12381570041179657 297
1763913296315 0.020056860521435738 298
1763913296411 0.2765309810638428 299
1763913296507 0.13500158488750458 300
1763913296601 0.04787065088748932 301
1763913296694 0.39546558260917664 302
1763913296787 0.055272176861763 303
1763913296883 0.08862067759037018 304
1763913296982 0.42366886138916016 305
1763913297077 0.3171423077583313 306
1763913297175 0.2471766322851181 307
1763913297269 0.41157227754592896 308
1763913297365 0.2790983021259308 309
1763913297459 0.29658275842666626 310
1763913297556 0.2520182728767395 311
1763913297651 0.0516090951859951 312
1763913297744 0.19596606492996216 313
1763913297839 0.17430852353572845 314
1763913297933 0.31956255435943604 315
1763913298026 0.09079956263303757 316
1763913298122 0.09414565563201904 317
1763913298219 0.3371027410030365 318
1763913298316 0.24264578521251678 319
1763913298413 0.0919981524348259 320
1763913298512 0.15692740678787231 321
1763913298618 0.030349047854542732 322
1763913298724 0.05027194693684578 323
1763913298827 0.06149321049451828 324
1763913298932 0.12610238790512085 325
1763913299029 0.1149660050868988 326
1763913299128 0.058151308447122574 327
1763913299228 0.017401617020368576 328
1763913299325 0.21486546099185944 329
1763913299420 0.06365940719842911 330
1763913299516 0.2615683972835541 331
1763913299613 0.16688230633735657 332
1763913299709 0.2578594982624054 333
1763913299805 0.1531504988670349 334
1763913299898 0.13680197298526764 335
1763913299992 0.5207210779190063 336
1763913300087 0.2927493155002594 337
1763913300182 0.2917652726173401 338
1763913300282 0.1596415787935257 339
1763913300378 0.17410916090011597 340
1763913300474 0.09756480902433395 341
1763913300571 0.040505118668079376 342
1763913300670 0.27323856949806213 343
1763913300767 0.05663073807954788 344
1763913300863 0.08180258423089981 345
1763913300961 0.3599194288253784 346
1763913301060 0.28159016370773315 347
1763913301160 0.1095179095864296 348
1763913301259 0.2210479974746704 349
1763913301354 0.18426699936389923 350
1763913301448 0.32627853751182556 351
1763913301544 0.12834542989730835 352
1763913301642 0.4554577171802521 353
1763913301738 0.08767558634281158 354
1763913301852 0.11730093508958817 355
1763913301953 0.026052234694361687 356
1763913302051 0.17503149807453156 357
1763913302149 0.06011491268873215 358
1763913302247 0.12884129583835602 359
1763913302345 0.08502678573131561 360
1763913302442 0.31561344861984253 361
1763913302538 0.05552470684051514 362
1763913302636 0.1909635365009308 363
1763913302732 0.1384938508272171 364
1763913302828 0.08041800558567047 365
1763913302924 0.39976927638053894 366
1763913303019 0.22601531445980072 367
1763913303117 0.01398639939725399 368
1763913303212 0.08989446610212326 369
1763913303308 0.10440031439065933 370
1763913303405 0.24415791034698486 371
1763913303500 0.3640976548194885 372
1763913303600 0.7546842694282532 373
1763913303697 0.23138855397701263 374
1763913303794 0.5697075724601746 375
1763913303891 0.0725443959236145 376
1763913303988 0.10308817028999329 377
1763913304084 0.021724088117480278 378
1763913304180 0.25961872935295105 379
1763913304276 0.09791436791419983 380
1763913304372 0.09868116676807404 381
1763913304469 0.18346405029296875 382
1763913304571 0.6170337200164795 383
1763913304670 0.3850442171096802 384
1763913304768 0.08899492025375366 385
1763913304863 0.12175044417381287 386
1763913304959 0.06976892054080963 387
1763913305055 0.16960667073726654 388
1763913305156 0.20346039533615112 389
1763913305252 0.0717376321554184 390
1763913305349 0.015039821155369282 391
1763913305446 0.28766515851020813 392
1763913305544 0.2481415569782257 393
1763913305643 0.08154645562171936 394
1763913305738 0.06565995514392853 395
1763913305835 0.06829048693180084 396
1763913305930 0.15022476017475128 397
1763913306028 0.059248168021440506 398
1763913306126 0.21606463193893433 399
1763913306226 0.1232476532459259 400
