1763904944826 1.8030990362167358 0
1763904944918 1.5545059442520142 1
1763904945010 1.439946174621582 2
1763904945103 1.35039484500885 3
1763904945197 1.2778958082199097 4
1763904945289 1.226107120513916 5
1763904945380 1.1836351156234741 6
1763904945472 1.1379761695861816 7
1763904945564 1.1039526462554932 8
1763904945655 1.0720278024673462 9
1763904945746 1.044050693511963 10
1763904945839 1.0204389095306396 11
1763904945931 0.9940536618232727 12
1763904946024 0.9702276587486267 13
1763904946115 0.9470399618148804 14
1763904946207 0.9258904457092285 15
1763904946299 0.9059208631515503 16
1763904946390 0.8847690224647522 17
1763904946480 0.8683502078056335 18
1763904946572 0.8515118956565857 19
1763904946663 0.8370444178581238 20
1763904946755 0.8240293264389038 21
1763904946845 0.8131697773933411 22
1763904946937 0.7984431982040405 23
1763904947029 0.786796510219574 24
1763904947125 0.7778040766716003 25
1763904947220 0.7665807604789734 26
1763904947311 0.75544273853302 27
1763904947402 0.7454822063446045 28
