1763904944826 1.3241705894470215 0
1763904944918 1.4801139831542969 1
1763904945010 1.0914467573165894 2
1763904945103 1.4122796058654785 3
1763904945197 0.8603100180625916 4
1763904945289 1.1766953468322754 5
1763904945380 0.7538453936576843 6
1763904945472 0.8157704472541809 7
1763904945564 1.655853509902954 8
1763904945655 0.4192003309726715 9
1763904945746 0.6256829500198364 10
1763904945839 0.5040475726127625 11
1763904945931 0.7790458798408508 12
1763904946024 0.6313543915748596 13
1763904946115 0.6169350743293762 14
1763904946207 0.8695622682571411 15
1763904946299 0.41194140911102295 16
1763904946390 0.7290549874305725 17
1763904946480 0.2770041227340698 18
1763904946572 0.9734510183334351 19
1763904946663 0.6017290353775024 20
1763904946755 0.8734050393104553 21
1763904946845 0.6040502786636353 22
1763904946937 0.32999172806739807 23
1763904947029 0.7417410016059875 24
1763904947125 0.8381850123405457 25
1763904947220 0.5181208848953247 26
1763904947311 1.0888603925704956 27
1763904947402 0.3252129554748535 28
