1761839811154 1.6879814863204956 0
1761839811216 1.4060730934143066 1
1761839811279 1.2900736331939697 2
1761839811334 1.1756806373596191 3
1761839811388 1.10568368434906 4
1761839811443 1.0394715070724487 5
1761839811498 0.988083004951477 6
1761839811552 0.9412333965301514 7
1761839811604 0.8997246623039246 8
1761839811655 0.8639119863510132 9
1761839811704 0.8335716724395752 10
1761839811755 0.8097805976867676 11
1761839811807 0.7767494320869446 12
1761839811858 0.7527402639389038 13
1761839811910 0.7267176508903503 14
1761839811959 0.7098874449729919 15
1761839812010 0.7001869678497314 16
1761839812064 0.6808208227157593 17
1761839812115 0.665056586265564 18
1761839812167 0.6465021967887878 19
1761839812218 0.6311834454536438 20
1761839812268 0.6173312067985535 21
1761839812320 0.6080054044723511 22
1761839812374 0.5982740521430969 23
1761839812428 0.5881344079971313 24
1761839812481 0.5801732540130615 25
1761839812530 0.5691804885864258 26
1761839812582 0.5598440766334534 27
1761839812633 0.5507135391235352 28
1761839812685 0.5414674878120422 29
