1761839811154 1.422590732574463 0
1761839811216 1.3225147724151611 1
1761839811279 2.062819004058838 2
1761839811334 1.8512823581695557 3
1761839811388 0.5666645765304565 4
1761839811443 0.644093930721283 5
1761839811498 0.41696232557296753 6
1761839811552 0.12616921961307526 7
1761839811604 0.17236937582492828 8
1761839811655 0.7348966598510742 9
1761839811704 0.5723176002502441 10
1761839811755 0.8728844523429871 11
1761839811807 0.24196304380893707 12
1761839811858 0.47035884857177734 13
1761839811910 0.7134402394294739 14
1761839811959 0.20470672845840454 15
1761839812010 0.3642275333404541 16
1761839812064 0.8018544316291809 17
1761839812115 0.6310328245162964 18
1761839812167 0.6337788105010986 19
1761839812218 0.13412944972515106 20
1761839812268 0.1566738784313202 21
1761839812320 0.8288021087646484 22
1761839812374 0.9446889758110046 23
1761839812428 0.8343751430511475 24
1761839812481 0.5678868889808655 25
1761839812530 0.029590092599391937 26
1761839812582 0.47081902623176575 27
1761839812633 0.8001875281333923 28
1761839812685 0.49477264285087585 29
