1762793354799 1.7070666551589966 0
1762793354899 1.5050365924835205 1
1762793354993 1.374495267868042 2
1762793355087 1.2769511938095093 3
1762793355178 1.20723295211792 4
1762793355267 1.1618467569351196 5
1762793355358 1.1135220527648926 6
1762793355448 1.0747582912445068 7
1762793355540 1.0355660915374756 8
1762793355630 1.0011521577835083 9
1762793355720 0.9775848984718323 10
1762793355811 0.9563680291175842 11
1762793355902 0.9319320917129517 12
1762793355994 0.9121052026748657 13
1762793356086 0.8935428261756897 14
1762793356180 0.876634955406189 15
1762793356272 0.857982873916626 16
1762793356365 0.8435583710670471 17
1762793356455 0.8310366868972778 18
1762793356544 0.8168926239013672 19
1762793356635 0.8021772503852844 20
1762793356728 0.788503885269165 21
