1762793354799 1.2976322174072266 0
1762793354899 2.0115842819213867 1
1762793354993 0.9345619678497314 2
1762793355087 1.5924510955810547 3
1762793355178 1.563873529434204 4
1762793355267 0.5989644527435303 5
1762793355358 1.2331511974334717 6
1762793355448 0.6622334122657776 7
1762793355540 1.025527834892273 8
1762793355630 0.43585652112960815 9
1762793355720 0.6756322383880615 10
1762793355811 0.7940583229064941 11
1762793355902 0.5466397404670715 12
1762793355994 1.1308070421218872 13
1762793356086 0.7095338702201843 14
1762793356180 0.3453397750854492 15
1762793356272 1.2334660291671753 16
1762793356365 0.589214563369751 17
1762793356455 0.4957435131072998 18
1762793356544 0.37025186419487 19
1762793356635 0.720795750617981 20
1762793356728 0.3316091001033783 21
