1761838036842 1.9052242040634155 0
1761838036888 1.6637026071548462 1
1761838036929 1.4886767864227295 2
1761838036973 1.3562126159667969 3
1761838037014 1.2665746212005615 4
1761838037055 1.1783415079116821 5
1761838037096 1.114554762840271 6
1761838037137 1.0753660202026367 7
1761838037176 1.0285532474517822 8
1761838037215 0.9920088648796082 9
1761838037254 0.9607301354408264 10
1761838037293 0.9341821074485779 11
1761838037333 0.9099833965301514 12
1761838037371 0.8844032883644104 13
1761838037411 0.8653489351272583 14
1761838037449 0.8415268659591675 15
1761838037487 0.8291494846343994 16
1761838037528 0.8105901479721069 17
1761838037568 0.7950827479362488 18
1761838037608 0.7789905667304993 19
1761838037648 0.7603819966316223 20
1761838037689 0.7430896162986755 21
1761838037727 0.7269495129585266 22
1761838037765 0.713510274887085 23
1761838037804 0.6982774138450623 24
1761838037842 0.6887953281402588 25
1761838037880 0.678447961807251 26
1761838037918 0.6661698222160339 27
1761838037956 0.6589303016662598 28
1761838037994 0.6473749279975891 29
1761838038037 0.6345434188842773 30
1761838038076 0.6218262910842896 31
