1761838036842 1.5351568460464478 0
1761838036888 1.2544527053833008 1
1761838036929 0.8065569996833801 2
1761838036973 0.66312175989151 3
1761838037014 0.27916836738586426 4
1761838037055 1.7085257768630981 5
1761838037096 1.0488173961639404 6
1761838037137 1.4571690559387207 7
1761838037176 0.8183687925338745 8
1761838037215 1.3845267295837402 9
1761838037254 1.4462600946426392 10
1761838037293 1.0642404556274414 11
1761838037333 1.9928174018859863 12
1761838037371 0.4220498502254486 13
1761838037411 0.34535911679267883 14
1761838037449 0.6868737936019897 15
1761838037487 1.83977472782135 16
1761838037528 0.2763386070728302 17
1761838037568 0.4799167811870575 18
1761838037608 0.3210016191005707 19
1761838037648 0.5598061084747314 20
1761838037689 0.0632280632853508 21
1761838037727 0.5585632920265198 22
1761838037765 0.11356477439403534 23
1761838037804 0.3379895091056824 24
1761838037842 0.4703480303287506 25
1761838037880 0.10419148951768875 26
1761838037918 0.7168933153152466 27
1761838037956 0.9439111351966858 28
1761838037994 1.5541725158691406 29
1761838038037 0.49486488103866577 30
1761838038076 0.5296644568443298 31
