1762792647055 1.7658275365829468 0
1762792647149 1.5482841730117798 1
1762792647246 1.4454872608184814 2
1762792647343 1.3761835098266602 3
1762792647436 1.300601601600647 4
1762792647530 1.249394178390503 5
1762792647623 1.2222157716751099 6
1762792647717 1.1799441576004028 7
1762792647811 1.147214412689209 8
1762792647907 1.1125365495681763 9
1762792648006 1.0841366052627563 10
1762792648104 1.0571449995040894 11
1762792648211 1.0378789901733398 12
1762792648309 1.0115036964416504 13
1762792648405 0.9931291341781616 14
1762792648500 0.9777675867080688 15
1762792648595 0.9648776650428772 16
1762792648690 0.9490165114402771 17
1762792648782 0.9321728944778442 18
1762792648875 0.9171881079673767 19
1762792648970 0.9042225480079651 20
1762792649063 0.8923282027244568 21
1762792649154 0.8820623159408569 22
1762792649247 0.871621310710907 23
1762792649340 0.8592007756233215 24
1762792649433 0.8474674224853516 25
1762792649528 0.8377150297164917 26
1762792649622 0.8267270922660828 27
1762792649719 0.8170715570449829 28
1762792649811 0.808915913105011 29
1762792649903 0.8002742528915405 30
1762792649995 0.7918823957443237 31
1762792650085 0.7822079062461853 32
