1762792647055 0.928221583366394 0
1762792647149 1.6185226440429688 1
1762792647246 1.4725295305252075 2
1762792647343 1.689989447593689 3
1762792647436 1.646915316581726 4
1762792647530 1.5599887371063232 5
1762792647623 0.8335888385772705 6
1762792647717 1.0121768712997437 7
1762792647811 0.8445096611976624 8
1762792647907 0.7968073487281799 9
1762792648006 0.44681185483932495 10
1762792648104 0.734706461429596 11
1762792648211 0.6807268261909485 12
1762792648309 0.707546591758728 13
1762792648405 0.592796266078949 14
1762792648500 0.2985439598560333 15
1762792648595 1.735085368156433 16
1762792648690 0.9597469568252563 17
1762792648782 0.46412113308906555 18
1762792648875 0.8536882400512695 19
1762792648970 0.804990291595459 20
1762792649063 1.1835455894470215 21
1762792649154 0.4770808815956116 22
1762792649247 0.6137147545814514 23
1762792649340 0.7268588542938232 24
1762792649433 0.4329432547092438 25
1762792649528 0.9148358702659607 26
1762792649622 0.25941088795661926 27
1762792649719 0.3663676381111145 28
1762792649811 0.4201350510120392 29
1762792649903 0.4847404360771179 30
1762792649995 1.7555930614471436 31
1762792650085 0.5624507069587708 32
