1761841450344 1.789554238319397 0
1761841450434 1.337361216545105 1
1761841450525 1.2060469388961792 2
1761841450626 1.0677452087402344 3
1761841450712 1.0268069505691528 4
1761841450794 0.9235684871673584 5
1761841450877 0.9300079345703125 6
1761841450956 0.8814345002174377 7
1761841451039 0.807586669921875 8
1761841451131 0.7993993163108826 9
1761841451229 0.7306877374649048 10
1761841451318 0.7350860238075256 11
1761841451402 0.6517761945724487 12
1761841451488 0.6753520369529724 13
1761841451572 0.6077421307563782 14
1761841451652 0.5961559414863586 15
1761841451731 0.5979737639427185 16
1761841451810 0.5449233651161194 17
1761841451889 0.6444623470306396 18
