1762792693004 1.7729498147964478 0
1762792693104 1.5345053672790527 1
1762792693201 1.4029756784439087 2
1762792693295 1.312718391418457 3
1762792693396 1.2474689483642578 4
1762792693491 1.1789789199829102 5
1762792693584 1.1207125186920166 6
1762792693676 1.0742756128311157 7
1762792693768 1.0362800359725952 8
1762792693862 1.0090252161026 9
1762792693956 0.9900932312011719 10
1762792694050 0.9618144631385803 11
1762792694144 0.9387620091438293 12
1762792694238 0.9134572148323059 13
1762792694333 0.8914856910705566 14
1762792694428 0.8680480718612671 15
1762792694528 0.848052978515625 16
1762792694633 0.828744649887085 17
1762792694736 0.8118971586227417 18
1762792694838 0.7996270656585693 19
1762792694939 0.7871398329734802 20
1762792695035 0.776667058467865 21
1762792695131 0.7635114789009094 22
