1762792693004 1.601200819015503 0
1762792693104 1.5833792686462402 1
1762792693201 1.1304701566696167 2
1762792693295 1.1018176078796387 3
1762792693396 1.2871191501617432 4
1762792693491 0.6502442955970764 5
1762792693584 0.8610033392906189 6
1762792693676 0.8064877390861511 7
1762792693768 0.38356685638427734 8
1762792693862 0.7608328461647034 9
1762792693956 0.7107481360435486 10
1762792694050 0.4214148223400116 11
1762792694144 0.977513313293457 12
1762792694238 0.33287930488586426 13
1762792694333 0.42814818024635315 14
1762792694428 0.5614484548568726 15
1762792694528 0.9337427020072937 16
1762792694633 0.40309882164001465 17
1762792694736 0.4921760559082031 18
1762792694838 0.3177975118160248 19
1762792694939 0.9307190179824829 20
1762792695035 0.4252170920372009 21
1762792695131 0.4247792661190033 22
