1761840476983 1.880120873451233 0
1761840477056 1.6209717988967896 1
1761840477138 1.4719053506851196 2
1761840477218 1.3747150897979736 3
1761840477290 1.3043383359909058 4
1761840477361 1.262751579284668 5
1761840477436 1.203766107559204 6
1761840477509 1.1572635173797607 7
1761840477580 1.1208752393722534 8
1761840477650 1.090216875076294 9
1761840477718 1.0591316223144531 10
1761840477788 1.0380685329437256 11
1761840477857 1.0077224969863892 12
1761840477928 0.9813987612724304 13
1761840477998 0.9545522332191467 14
1761840478070 0.9324862957000732 15
1761840478142 0.9091504216194153 16
1761840478213 0.8934745788574219 17
1761840478282 0.8748670220375061 18
1761840478352 0.8585570454597473 19
1761840478421 0.8450724482536316 20
1761840478495 0.8305917382240295 21
1761840478567 0.8197073936462402 22
1761840478637 0.8066596388816833 23
1761840478708 0.7953827977180481 24
1761840478779 0.7825770378112793 25
1761840478847 0.7704523801803589 26
1761840478916 0.7572432160377502 27
1761840478991 0.7452880144119263 28
1761840479065 0.7317277789115906 29
1761840479136 0.7206946015357971 30
1761840479207 0.7077509164810181 31
1761840479278 0.697554349899292 32
1761840479349 0.6890701055526733 33
1761840479420 0.6798794865608215 34
1761840479490 0.6695486903190613 35
1761840479561 0.6598955988883972 36
1761840479636 0.6502935886383057 37
1761840479708 0.640293538570404 38
1761840479778 0.6317355036735535 39
1761840479855 0.6244805455207825 40
1761840479930 0.6174121499061584 41
1761840480004 0.6100566387176514 42
1761840480079 0.6042296290397644 43
1761840480150 0.5965526103973389 44
1761840480222 0.5894472599029541 45
1761840480295 0.5833014845848083 46
1761840480366 0.5761774182319641 47
1761840480443 0.5704627633094788 48
1761840480518 0.5640197396278381 49
1761840480590 0.5590035319328308 50
1761840480662 0.5535945296287537 51
1761840480735 0.5483222007751465 52
1761840480806 0.5439210534095764 53
1761840480880 0.5397942066192627 54
1761840480952 0.5351397395133972 55
1761840481024 0.5309275388717651 56
1761840481099 0.5269254446029663 57
1761840481174 0.5227010846138 58
1761840481246 0.5186243057250977 59
1761840481321 0.5148348808288574 60
1761840481393 0.5119536519050598 61
1761840481463 0.5085017681121826 62
1761840481540 0.5050913095474243 63
1761840481615 0.5017239451408386 64
1761840481710 0.49912789463996887 65
1761840481795 0.496155709028244 66
1761840481876 0.49281641840934753 67
1761840481964 0.4896708130836487 68
1761840482042 0.48713418841362 69
1761840482122 0.4839857220649719 70
1761840482201 0.4810376465320587 71
1761840482280 0.4782896637916565 72
1761840482361 0.4758559465408325 73
1761840482440 0.4742737412452698 74
1761840482517 0.47208306193351746 75
1761840482593 0.4698357880115509 76
1761840482666 0.4675031304359436 77
1761840482756 0.4648352861404419 78
1761840482843 0.46272581815719604 79
1761840482921 0.4605134129524231 80
1761840483000 0.45843902230262756 81
1761840483079 0.45662036538124084 82
1761840483157 0.4545721709728241 83
1761840483232 0.45259952545166016 84
1761840483305 0.45104169845581055 85
1761840483374 0.4488446116447449 86
1761840483446 0.44723960757255554 87
1761840483517 0.445885568857193 88
1761840483588 0.44420135021209717 89
1761840483659 0.44254547357559204 90
1761840483728 0.4407173991203308 91
1761840483799 0.438778281211853 92
1761840483869 0.43726417422294617 93
1761840483941 0.43538132309913635 94
1761840484012 0.4334982633590698 95
1761840484084 0.4319864809513092 96
1761840484155 0.4311063885688782 97
1761840484230 0.42958712577819824 98
1761840484303 0.4277195334434509 99
1761840484374 0.4261735677719116 100
1761840484444 0.42465919256210327 101
1761840484516 0.4237009584903717 102
1761840484589 0.42221322655677795 103
1761840484663 0.421542227268219 104
1761840484736 0.42011016607284546 105
1761840484815 0.4188615083694458 106
1761840484888 0.41781747341156006 107
1761840484959 0.41646912693977356 108
1761840485033 0.4154968559741974 109
1761840485106 0.4140031635761261 110
1761840485181 0.41289806365966797 111
1761840485252 0.411629855632782 112
1761840485326 0.4108423888683319 113
1761840485399 0.4097951650619507 114
1761840485470 0.4092530608177185 115
1761840485543 0.4079192578792572 116
1761840485615 0.4067193865776062 117
1761840485687 0.40567144751548767 118
1761840485758 0.40451595187187195 119
1761840485828 0.4033716917037964 120
1761840485905 0.40226829051971436 121
1761840485979 0.4011601209640503 122
1761840486051 0.40048083662986755 123
1761840486120 0.3992266058921814 124
1761840486191 0.39817342162132263 125
1761840486260 0.39721402525901794 126
1761840486333 0.39616188406944275 127
1761840486404 0.3953760862350464 128
1761840486477 0.3946463167667389 129
1761840486548 0.39379745721817017 130
1761840486618 0.39288172125816345 131
1761840486691 0.3923156261444092 132
1761840486763 0.39148181676864624 133
1761840486834 0.39104747772216797 134
1761840486907 0.3904942274093628 135
1761840486977 0.38985270261764526 136
1761840487048 0.38894158601760864 137
1761840487119 0.3882763087749481 138
1761840487192 0.38793477416038513 139
1761840487265 0.38727638125419617 140
1761840487335 0.3865169584751129 141
1761840487407 0.38578155636787415 142
1761840487479 0.3850913345813751 143
1761840487554 0.38459938764572144 144
1761840487627 0.38388630747795105 145
1761840487699 0.3834477961063385 146
1761840487770 0.3826804757118225 147
1761840487842 0.3818289041519165 148
1761840487914 0.3813837170600891 149
1761840488007 0.3806215226650238 150
1761840488079 0.38006752729415894 151
1761840488150 0.3797949552536011 152
1761840488223 0.37948355078697205 153
1761840488295 0.37885788083076477 154
1761840488368 0.37808865308761597 155
1761840488440 0.3773694336414337 156
1761840488512 0.37710997462272644 157
1761840488583 0.37649497389793396 158
1761840488660 0.37607982754707336 159
1761840488736 0.3755052387714386 160
1761840488811 0.37509459257125854 161
1761840488885 0.3743854761123657 162
1761840488958 0.37379175424575806 163
1761840489030 0.3733217418193817 164
1761840489102 0.3728945851325989 165
1761840489178 0.37245163321495056 166
1761840489255 0.37183234095573425 167
1761840489334 0.37127485871315 168
1761840489410 0.3706521689891815 169
1761840489485 0.3701634705066681 170
1761840489560 0.369780033826828 171
1761840489633 0.36937475204467773 172
1761840489706 0.3688597083091736 173
1761840489793 0.36870741844177246 174
1761840489869 0.36842456459999084 175
1761840489944 0.368083119392395 176
1761840490019 0.3674420416355133 177
1761840490092 0.36702001094818115 178
1761840490180 0.36663761734962463 179
1761840490255 0.3662163317203522 180
1761840490331 0.36569273471832275 181
1761840490405 0.36513546109199524 182
1761840490479 0.36464643478393555 183
1761840490553 0.3641359210014343 184
1761840490628 0.3638461232185364 185
1761840490700 0.3634975552558899 186
1761840490773 0.36322668194770813 187
1761840490851 0.36270248889923096 188
1761840490922 0.36231639981269836 189
1761840490995 0.36186033487319946 190
1761840491070 0.36136874556541443 191
1761840491143 0.36078953742980957 192
1761840491213 0.36037972569465637 193
1761840491287 0.3599678575992584 194
1761840491363 0.35983791947364807 195
1761840491435 0.3594365119934082 196
1761840491508 0.35920947790145874 197
1761840491581 0.3588375747203827 198
1761840491653 0.3585963249206543 199
1761840491724 0.35852840542793274 200
1761840491797 0.35801243782043457 201
1761840491870 0.3575446605682373 202
1761840491943 0.35727325081825256 203
1761840492020 0.35693833231925964 204
1761840492093 0.3567231595516205 205
1761840492165 0.3562823235988617 206
1761840492237 0.3561755418777466 207
1761840492312 0.3558748960494995 208
1761840492386 0.35545822978019714 209
1761840492459 0.3551824390888214 210
1761840492532 0.3549601137638092 211
1761840492604 0.35486075282096863 212
1761840492678 0.35466817021369934 213
1761840492749 0.3545683026313782 214
1761840492821 0.35421258211135864 215
1761840492895 0.353880375623703 216
1761840492969 0.35359108448028564 217
1761840493042 0.353236585855484 218
1761840493117 0.3529355525970459 219
1761840493188 0.3526592552661896 220
1761840493266 0.35238516330718994 221
1761840493341 0.35216930508613586 222
1761840493416 0.3519287705421448 223
1761840493490 0.3517269194126129 224
1761840493569 0.35132312774658203 225
1761840493646 0.3510971665382385 226
1761840493723 0.35071128606796265 227
1761840493798 0.3508504331111908 228
1761840493872 0.3506169021129608 229
1761840493950 0.3505637049674988 230
1761840494023 0.35022681951522827 231
1761840494097 0.35010823607444763 232
1761840494168 0.3499825596809387 233
1761840494241 0.3497747778892517 234
1761840494315 0.3496602177619934 235
1761840494389 0.34932741522789 236
1761840494462 0.34903091192245483 237
1761840494534 0.34870755672454834 238
1761840494609 0.34835413098335266 239
1761840494684 0.3482678234577179 240
1761840494758 0.3480510413646698 241
1761840494832 0.34771573543548584 242
1761840494907 0.3474704325199127 243
1761840494983 0.3473311960697174 244
1761840495060 0.3470395803451538 245
1761840495136 0.34674271941185 246
1761840495207 0.3466086685657501 247
1761840495280 0.34655144810676575 248
1761840495351 0.3464203476905823 249
1761840495426 0.3462573289871216 250
1761840495499 0.3459932506084442 251
1761840495578 0.34571918845176697 252
1761840495665 0.3456172049045563 253
1761840495757 0.3453421890735626 254
1761840495839 0.34508219361305237 255
1761840495923 0.3447214961051941 256
1761840496003 0.34453773498535156 257
1761840496084 0.34429270029067993 258
1761840496164 0.3441125750541687 259
1761840496244 0.3438563644886017 260
1761840496322 0.34349870681762695 261
1761840496401 0.3433729410171509 262
1761840496504 0.343178927898407 263
1761840496583 0.3428798317909241 264
1761840496659 0.34250950813293457 265
1761840496735 0.34220442175865173 266
1761840496809 0.34203067421913147 267
1761840496879 0.3417195975780487 268
1761840496953 0.3414629399776459 269
1761840497027 0.3411979079246521 270
1761840497099 0.34089070558547974 271
1761840497172 0.3406420052051544 272
1761840497246 0.340338796377182 273
1761840497320 0.340252161026001 274
1761840497395 0.34013068675994873 275
1761840497472 0.3399839699268341 276
1761840497549 0.33988943696022034 277
1761840497626 0.3397738039493561 278
1761840497701 0.3395572006702423 279
1761840497775 0.3393128514289856 280
1761840497848 0.33916211128234863 281
1761840497922 0.33899515867233276 282
1761840497997 0.338817834854126 283
1761840498073 0.33855950832366943 284
1761840498151 0.3383903205394745 285
1761840498229 0.3382035195827484 286
1761840498303 0.3380586802959442 287
1761840498379 0.337965190410614 288
1761840498456 0.3377976715564728 289
1761840498529 0.33769723773002625 290
1761840498603 0.3375476598739624 291
1761840498679 0.3374778628349304 292
1761840498750 0.33714351058006287 293
1761840498823 0.336996465921402 294
1761840498896 0.3369501233100891 295
1761840498971 0.3367224335670471 296
1761840499044 0.33669355511665344 297
1761840499117 0.3364911377429962 298
1761840499191 0.33631831407546997 299
1761840499264 0.3361707925796509 300
1761840499340 0.3359787166118622 301
1761840499415 0.33592548966407776 302
1761840499492 0.33574363589286804 303
1761840499571 0.3354114592075348 304
1761840499647 0.3351863622665405 305
1761840499723 0.3350692391395569 306
1761840499797 0.3349112272262573 307
1761840499876 0.3346843719482422 308
1761840499950 0.334380567073822 309
1761840500026 0.33431148529052734 310
1761840500099 0.3341473340988159 311
1761840500173 0.3341205418109894 312
1761840500247 0.33400392532348633 313
1761840500320 0.33374226093292236 314
1761840500396 0.33355486392974854 315
1761840500470 0.33337804675102234 316
1761840500546 0.3332541286945343 317
1761840500618 0.3331093192100525 318
1761840500693 0.33309346437454224 319
1761840500767 0.3331056833267212 320
1761840500841 0.3329700529575348 321
1761840500915 0.33283862471580505 322
1761840500990 0.3328171372413635 323
1761840501066 0.33274638652801514 324
1761840501142 0.3326949179172516 325
1761840501216 0.3325501084327698 326
1761840501290 0.33250612020492554 327
1761840501362 0.33238667249679565 328
1761840501434 0.3321419060230255 329
1761840501509 0.3321097493171692 330
1761840501583 0.33192571997642517 331
1761840501655 0.3318752944469452 332
1761840501730 0.33166196942329407 333
1761840501803 0.331585168838501 334
1761840501875 0.3317517638206482 335
1761840501950 0.33168908953666687 336
1761840502025 0.33159223198890686 337
1761840502102 0.33142319321632385 338
1761840502179 0.3313438892364502 339
1761840502254 0.3312392830848694 340
1761840502328 0.3311787545681 341
1761840502404 0.33114370703697205 342
1761840502477 0.3309205174446106 343
1761840502551 0.3307536840438843 344
1761840502626 0.3305398225784302 345
1761840502700 0.33024531602859497 346
1761840502776 0.33015358448028564 347
1761840502849 0.3301033079624176 348
1761840502923 0.3300458788871765 349
1761840502998 0.3298281729221344 350
1761840503072 0.32973673939704895 351
1761840503145 0.3295786380767822 352
1761840503219 0.3294641077518463 353
1761840503294 0.3293515741825104 354
1761840503368 0.3293250799179077 355
1761840503444 0.32926705479621887 356
1761840503519 0.3291749954223633 357
1761840503591 0.329082190990448 358
1761840503665 0.3290129005908966 359
1761840503738 0.3290744721889496 360
1761840503812 0.3289472162723541 361
1761840503886 0.328861266374588 362
1761840503961 0.3286553621292114 363
1761840504036 0.32853367924690247 364
1761840504112 0.3284735381603241 365
1761840504186 0.3282872438430786 366
1761840504259 0.3282034993171692 367
1761840504333 0.32809266448020935 368
1761840504405 0.3278978168964386 369
1761840504479 0.32767778635025024 370
1761840504553 0.3276369273662567 371
1761840504627 0.32759517431259155 372
1761840504701 0.32750391960144043 373
1761840504776 0.3273055851459503 374
1761840504848 0.3272155225276947 375
1761840504922 0.3269919157028198 376
1761840504998 0.32687363028526306 377
1761840505073 0.3266857862472534 378
1761840505149 0.3266197144985199 379
1761840505222 0.326610803604126 380
1761840505298 0.3265661299228668 381
1761840505372 0.3264327645301819 382
1761840505445 0.3262876868247986 383
1761840505516 0.3262389004230499 384
1761840505586 0.3261708617210388 385
1761840505662 0.3260478377342224 386
1761840505736 0.3259536623954773 387
1761840505810 0.3258039355278015 388
1761840505885 0.32586103677749634 389
1761840505960 0.32582274079322815 390
1761840506035 0.3257884085178375 391
1761840506111 0.32567569613456726 392
1761840506186 0.3255278468132019 393
1761840506262 0.3253307640552521 394
1761840506334 0.32530415058135986 395
1761840506410 0.32514986395835876 396
1761840506482 0.3250110149383545 397
1761840506554 0.324903279542923 398
1761840506628 0.32485973834991455 399
1761840506703 0.3246883749961853 400
