1761840476983 1.9632596969604492 0
1761840477056 1.7813705205917358 1
1761840477138 1.6232680082321167 2
1761840477218 1.6543738842010498 3
1761840477290 0.34799954295158386 4
1761840477361 0.8983296751976013 5
1761840477436 0.6157690286636353 6
1761840477509 1.3458685874938965 7
1761840477580 0.6235261559486389 8
1761840477650 1.6119935512542725 9
1761840477718 0.40526220202445984 10
1761840477788 1.759070873260498 11
1761840477857 0.5218082666397095 12
1761840477928 0.7986302375793457 13
1761840477998 0.7220731377601624 14
1761840478070 0.6549628376960754 15
1761840478142 0.22824768722057343 16
1761840478213 0.4034298360347748 17
1761840478282 0.5374211072921753 18
1761840478352 0.5845848917961121 19
1761840478421 0.2774275541305542 20
1761840478495 0.16529566049575806 21
1761840478567 0.3873228430747986 22
1761840478637 0.6797672510147095 23
1761840478708 0.557930588722229 24
1761840478779 0.6453322172164917 25
1761840478847 0.3568415641784668 26
1761840478916 1.1828266382217407 27
1761840478991 0.653282105922699 28
1761840479065 1.0090389251708984 29
1761840479136 1.1972123384475708 30
1761840479207 0.29178082942962646 31
1761840479278 0.08852449059486389 32
1761840479349 1.4819061756134033 33
1761840479420 1.9158167839050293 34
1761840479490 0.6940418481826782 35
1761840479561 0.023627396672964096 36
1761840479636 1.0612457990646362 37
1761840479708 0.26398393511772156 38
1761840479778 0.3370506763458252 39
1761840479855 2.156965494155884 40
1761840479930 0.9309328198432922 41
1761840480004 0.2011820673942566 42
1761840480079 1.2731146812438965 43
1761840480150 0.9366991519927979 44
1761840480222 0.9323723316192627 45
1761840480295 0.15194672346115112 46
1761840480366 0.1874617636203766 47
1761840480443 0.3987026512622833 48
1761840480518 0.5971236228942871 49
1761840480590 0.17455680668354034 50
1761840480662 0.09256245195865631 51
1761840480735 0.029761431738734245 52
1761840480806 0.48736315965652466 53
1761840480880 0.8371262550354004 54
1761840480952 0.20217125117778778 55
1761840481024 0.7707241773605347 56
1761840481099 0.8069608211517334 57
1761840481174 0.35046103596687317 58
1761840481246 0.3739708364009857 59
1761840481321 0.07545259594917297 60
1761840481393 0.5336084365844727 61
1761840481463 0.11729814112186432 62
1761840481540 0.9224036335945129 63
1761840481615 0.14329172670841217 64
1761840481710 0.3711368143558502 65
1761840481795 0.07803161442279816 66
1761840481876 0.6183081865310669 67
1761840481964 0.2748717665672302 68
1761840482042 0.2540757656097412 69
1761840482122 0.45447880029678345 70
1761840482201 0.5816202163696289 71
1761840482280 0.6734945178031921 72
1761840482361 0.733970582485199 73
1761840482440 1.4839085340499878 74
1761840482517 0.8730521202087402 75
1761840482593 0.05846307426691055 76
1761840482666 0.21221646666526794 77
1761840482756 0.05354003235697746 78
1761840482843 1.198011875152588 79
1761840482921 0.29120466113090515 80
1761840483000 0.5441713333129883 81
1761840483079 0.44563594460487366 82
1761840483157 0.4552537202835083 83
1761840483232 0.43612155318260193 84
1761840483305 0.9934989213943481 85
1761840483374 0.29939496517181396 86
1761840483446 0.10396828502416611 87
1761840483517 1.6371042728424072 88
1761840483588 0.6787487864494324 89
1761840483659 0.03446322679519653 90
1761840483728 0.01551227830350399 91
1761840483799 0.5522939562797546 92
1761840483869 0.2331382930278778 93
1761840483941 0.6891161203384399 94
1761840484012 0.052872899919748306 95
1761840484084 0.29339733719825745 96
1761840484155 1.192993402481079 97
1761840484230 0.3668856918811798 98
1761840484303 1.612649917602539 99
1761840484374 0.17348355054855347 100
1761840484444 0.6170461177825928 101
1761840484516 0.2831765115261078 102
1761840484589 0.47233572602272034 103
1761840484663 1.8222216367721558 104
1761840484736 0.29046207666397095 105
1761840484815 0.7917718887329102 106
1761840484888 0.8305328488349915 107
1761840484959 0.049088042229413986 108
1761840485033 0.8784626126289368 109
1761840485106 0.6551730632781982 110
1761840485181 0.47427406907081604 111
1761840485252 0.07223182916641235 112
1761840485326 0.8230583071708679 113
1761840485399 0.4811359941959381 114
1761840485470 1.0347709655761719 115
1761840485543 0.16279807686805725 116
1761840485615 0.04435879364609718 117
1761840485687 0.23698391020298004 118
1761840485758 0.05366646498441696 119
1761840485828 0.6191192865371704 120
1761840485905 0.33076268434524536 121
1761840485979 0.6809474229812622 122
1761840486051 0.8051252365112305 123
1761840486120 0.25836265087127686 124
1761840486191 0.24997080862522125 125
1761840486260 0.21316006779670715 126
1761840486333 0.20144709944725037 127
1761840486404 0.4916938543319702 128
1761840486477 0.15579289197921753 129
1761840486548 0.26615193486213684 130
1761840486618 0.275479793548584 131
1761840486691 0.47844642400741577 132
1761840486763 0.18759594857692719 133
1761840486834 0.19042512774467468 134
1761840486907 0.09288665652275085 135
1761840486977 0.42516008019447327 136
1761840487048 0.6750407218933105 137
1761840487119 0.2338426262140274 138
1761840487192 0.31068727374076843 139
1761840487265 0.1461014747619629 140
1761840487335 0.738990843296051 141
1761840487407 0.3075970709323883 142
1761840487479 0.4232061505317688 143
1761840487554 0.301215261220932 144
1761840487627 0.5791687965393066 145
1761840487699 0.3782828450202942 146
1761840487770 0.44413918256759644 147
1761840487842 0.13667811453342438 148
1761840487914 0.9415934085845947 149
1761840488007 0.01447976753115654 150
1761840488079 0.200257807970047 151
1761840488150 0.20713452994823456 152
1761840488223 0.5124231576919556 153
1761840488295 0.4676443040370941 154
1761840488368 0.33364033699035645 155
1761840488440 0.6989921927452087 156
1761840488512 0.5308585166931152 157
1761840488583 0.510100781917572 158
1761840488660 1.0948892831802368 159
1761840488736 0.1515885442495346 160
1761840488811 0.9236773252487183 161
1761840488885 0.2183041274547577 162
1761840488958 0.16389639675617218 163
1761840489030 0.9351968765258789 164
1761840489102 0.4826355576515198 165
1761840489178 0.6882903575897217 166
1761840489255 0.048685844987630844 167
1761840489334 0.6496476531028748 168
1761840489410 1.0016974210739136 169
1761840489485 0.8245304226875305 170
1761840489560 0.44921985268592834 171
1761840489633 0.21199512481689453 172
1761840489706 0.5287644267082214 173
1761840489793 0.25971469283103943 174
1761840489869 0.4617460370063782 175
1761840489944 0.20945098996162415 176
1761840490019 0.8150567412376404 177
1761840490092 1.2915235757827759 178
1761840490180 1.1674606800079346 179
1761840490255 0.03174290060997009 180
1761840490331 0.5861606597900391 181
1761840490405 0.01936379261314869 182
1761840490479 0.9217240214347839 183
1761840490553 1.1260602474212646 184
1761840490628 0.537233829498291 185
1761840490700 1.3118809461593628 186
1761840490773 0.02777690440416336 187
1761840490851 0.28414809703826904 188
1761840490922 0.2678958773612976 189
1761840490995 0.2900693416595459 190
1761840491070 0.08367544412612915 191
1761840491143 0.21161334216594696 192
1761840491213 0.7989499568939209 193
1761840491287 0.1327650398015976 194
1761840491363 0.7806277871131897 195
1761840491435 0.33125025033950806 196
1761840491508 0.6478999257087708 197
1761840491581 0.10531201213598251 198
1761840491653 1.1987409591674805 199
1761840491724 0.647530734539032 200
1761840491797 0.1848202645778656 201
1761840491870 0.9098741412162781 202
1761840491943 1.59369957447052 203
1761840492020 0.4363556504249573 204
1761840492093 0.5650051832199097 205
1761840492165 0.2673521339893341 206
1761840492237 1.7316030263900757 207
1761840492312 0.1334584653377533 208
1761840492386 0.21753497421741486 209
1761840492459 0.5849598050117493 210
1761840492532 0.2960346043109894 211
1761840492604 0.6061574220657349 212
1761840492678 0.3119508624076843 213
1761840492749 0.5071542859077454 214
1761840492821 0.6275942325592041 215
1761840492895 0.5381936430931091 216
1761840492969 0.35472291707992554 217
1761840493042 0.2298457771539688 218
1761840493117 0.04606782644987106 219
1761840493188 0.22390934824943542 220
1761840493266 0.24172168970108032 221
1761840493341 0.9783060550689697 222
1761840493416 0.25873661041259766 223
1761840493490 0.5573168992996216 224
1761840493569 0.3411291837692261 225
1761840493646 0.11395338922739029 226
1761840493723 0.5396884083747864 227
1761840493798 1.1440095901489258 228
1761840493872 1.1823875904083252 229
1761840493950 0.7430121898651123 230
1761840494023 0.09093201905488968 231
1761840494097 0.9346626996994019 232
1761840494168 1.05153226852417 233
1761840494241 0.4776892066001892 234
1761840494315 0.5588688254356384 235
1761840494389 0.2677833139896393 236
1761840494462 0.0238568726927042 237
1761840494534 0.8207982182502747 238
1761840494609 0.12177115678787231 239
1761840494684 0.48006272315979004 240
1761840494758 0.3240671753883362 241
1761840494832 0.1359904557466507 242
1761840494907 0.2628423273563385 243
1761840494983 0.46600478887557983 244
1761840495060 0.31073349714279175 245
1761840495136 0.4551231265068054 246
1761840495207 0.8499084711074829 247
1761840495280 0.5041100382804871 248
1761840495351 1.0389914512634277 249
1761840495426 0.5238162279129028 250
1761840495499 0.03724991902709007 251
1761840495578 0.33893975615501404 252
1761840495665 0.34953734278678894 253
1761840495757 0.24060945212841034 254
1761840495839 0.712777316570282 255
1761840495923 0.4104970395565033 256
1761840496003 0.5985748171806335 257
1761840496084 0.12315252423286438 258
1761840496164 0.4585431218147278 259
1761840496244 0.8010057210922241 260
1761840496322 0.03186623007059097 261
1761840496401 0.606769859790802 262
1761840496504 0.3234926462173462 263
1761840496583 0.16847211122512817 264
1761840496659 0.1545218676328659 265
1761840496735 0.7375872135162354 266
1761840496809 0.49975404143333435 267
1761840496879 0.24093787372112274 268
1761840496953 0.4391767680644989 269
1761840497027 0.014839059673249722 270
1761840497099 0.08698301017284393 271
1761840497172 0.16577768325805664 272
1761840497246 0.1926698535680771 273
1761840497320 0.5268615484237671 274
1761840497395 0.5937265157699585 275
1761840497472 0.7521870136260986 276
1761840497549 0.28654158115386963 277
1761840497626 0.47216588258743286 278
1761840497701 0.17341995239257812 279
1761840497775 0.7518526315689087 280
1761840497848 0.5808031558990479 281
1761840497922 0.43986648321151733 282
1761840497997 0.1655426323413849 283
1761840498073 0.15421347320079803 284
1761840498151 0.5226718783378601 285
1761840498229 0.5879160165786743 286
1761840498303 1.0069048404693604 287
1761840498379 0.5480666160583496 288
1761840498456 0.2127675712108612 289
1761840498529 1.1615592241287231 290
1761840498603 0.8207442760467529 291
1761840498679 1.0605642795562744 292
1761840498750 0.22037434577941895 293
1761840498823 0.31821349263191223 294
1761840498896 0.3341425359249115 295
1761840498971 0.13982880115509033 296
1761840499044 1.0168508291244507 297
1761840499117 0.1634821593761444 298
1761840499191 0.1081271544098854 299
1761840499264 0.24793919920921326 300
1761840499340 0.24076463282108307 301
1761840499415 0.7050967812538147 302
1761840499492 0.34315064549446106 303
1761840499571 0.3254016935825348 304
1761840499647 0.23213665187358856 305
1761840499723 0.3979380130767822 306
1761840499797 0.5224441289901733 307
1761840499876 0.2982886731624603 308
1761840499950 0.17693676054477692 309
1761840500026 0.14737771451473236 310
1761840500099 0.35616305470466614 311
1761840500173 0.23973140120506287 312
1761840500247 0.19977323710918427 313
1761840500320 0.7578749060630798 314
1761840500396 0.1966932862997055 315
1761840500470 0.5075765252113342 316
1761840500546 1.3171818256378174 317
1761840500618 0.3667885661125183 318
1761840500693 0.5155177116394043 319
1761840500767 0.1017274409532547 320
1761840500841 0.5296404361724854 321
1761840500915 0.5617691874504089 322
1761840500990 0.21486517786979675 323
1761840501066 0.7663911581039429 324
1761840501142 0.8239718079566956 325
1761840501216 0.4429289400577545 326
1761840501290 0.6915718913078308 327
1761840501362 0.07283921539783478 328
1761840501434 0.893355131149292 329
1761840501509 1.0423455238342285 330
1761840501583 0.18453288078308105 331
1761840501655 0.282470166683197 332
1761840501730 0.03779168054461479 333
1761840501803 1.3511158227920532 334
1761840501875 0.4262143075466156 335
1761840501950 0.21915701031684875 336
1761840502025 0.5170614123344421 337
1761840502102 0.08885008096694946 338
1761840502179 0.5672506093978882 339
1761840502254 0.6564450263977051 340
1761840502328 0.3089945912361145 341
1761840502404 0.8381298780441284 342
1761840502477 0.4090670645236969 343
1761840502551 0.564317524433136 344
1761840502626 0.3017348051071167 345
1761840502700 0.18229825794696808 346
1761840502776 0.113692507147789 347
1761840502849 0.32693564891815186 348
1761840502923 0.7329352498054504 349
1761840502998 0.49099212884902954 350
1761840503072 0.08492391556501389 351
1761840503145 0.6018962264060974 352
1761840503219 0.6412035226821899 353
1761840503294 0.7935879826545715 354
1761840503368 0.5786676406860352 355
1761840503444 0.045050837099552155 356
1761840503519 0.6662185192108154 357
1761840503591 0.40414127707481384 358
1761840503665 0.5540722012519836 359
1761840503738 0.6174101829528809 360
1761840503812 0.077664814889431 361
1761840503886 0.7471650838851929 362
1761840503961 0.02281026914715767 363
1761840504036 0.40782955288887024 364
1761840504112 0.7548718452453613 365
1761840504186 0.04763806238770485 366
1761840504259 0.5274001955986023 367
1761840504333 0.23161561787128448 368
1761840504405 0.5926345586776733 369
1761840504479 0.21863722801208496 370
1761840504553 0.3160073757171631 371
1761840504627 0.24172769486904144 372
1761840504701 0.6868230104446411 373
1761840504776 0.06605174392461777 374
1761840504848 0.15654079616069794 375
1761840504922 0.09234507381916046 376
1761840504998 0.6456354856491089 377
1761840505073 0.23872412741184235 378
1761840505149 0.4428800344467163 379
1761840505222 0.9764753580093384 380
1761840505298 0.21236686408519745 381
1761840505372 0.32281267642974854 382
1761840505445 0.3805871903896332 383
1761840505516 0.31046679615974426 384
1761840505586 0.06650684028863907 385
1761840505662 0.23175670206546783 386
1761840505736 0.29211437702178955 387
1761840505810 0.2916540205478668 388
1761840505885 0.5225237607955933 389
1761840505960 0.471790075302124 390
1761840506035 0.5028958916664124 391
1761840506111 0.33210092782974243 392
1761840506186 0.6926659941673279 393
1761840506262 0.4117719531059265 394
1761840506334 0.9372321367263794 395
1761840506410 0.18648813664913177 396
1761840506482 0.3490341901779175 397
1761840506554 0.09921134263277054 398
1761840506628 0.7295374274253845 399
1761840506703 0.24926844239234924 400
