1762792606178 1.770288348197937 0
1762792606269 1.5476661920547485 1
1762792606360 1.4235446453094482 2
1762792606452 1.3306419849395752 3
1762792606544 1.2616868019104004 4
1762792606636 1.204997181892395 5
1762792606727 1.1549427509307861 6
1762792606817 1.1155304908752441 7
1762792606908 1.0783350467681885 8
1762792606999 1.0450412034988403 9
1762792607090 1.017427921295166 10
1762792607183 0.9874883890151978 11
1762792607274 0.9669084548950195 12
1762792607365 0.943675696849823 13
1762792607457 0.9231823086738586 14
1762792607548 0.9032142758369446 15
1762792607646 0.8869661092758179 16
1762792607740 0.8720439076423645 17
1762792607831 0.8576199412345886 18
1762792607923 0.8435792326927185 19
1762792608014 0.8276984095573425 20
1762792608105 0.8166288733482361 21
1762792608196 0.8033520579338074 22
1762792608285 0.7913752198219299 23
1762792608375 0.78049236536026 24
1762792608465 0.7708607316017151 25
1762792608555 0.7611414194107056 26
1762792608648 0.7529990673065186 27
1762792608739 0.7451959848403931 28
1762792608829 0.7338293194770813 29
1762792608920 0.7244657278060913 30
1762792609011 0.7158178687095642 31
1762792609103 0.7075260877609253 32
1762792609194 0.6992195248603821 33
1762792609284 0.6907458901405334 34
1762792609374 0.6834499835968018 35
1762792609465 0.6764302849769592 36
1762792609555 0.6692572236061096 37
1762792609645 0.6632903218269348 38
1762792609735 0.6571269631385803 39
1762792609827 0.650437593460083 40
1762792609918 0.6428802609443665 41
1762792610011 0.637803852558136 42
1762792610108 0.6324170827865601 43
1762792610202 0.6285372376441956 44
1762792610293 0.6235169172286987 45
1762792610384 0.6186283826828003 46
