1762792606178 1.2854937314987183 0
1762792606269 0.7249414324760437 1
1762792606360 1.6348763704299927 2
1762792606452 1.5095882415771484 3
1762792606544 1.1060670614242554 4
1762792606636 1.202623963356018 5
1762792606727 1.0705227851867676 6
1762792606817 0.6818037629127502 7
1762792606908 0.6309210658073425 8
1762792606999 0.9989686608314514 9
1762792607090 0.9712839722633362 10
1762792607183 0.6057677268981934 11
1762792607274 0.5396512746810913 12
1762792607365 0.7165494561195374 13
1762792607457 0.30110111832618713 14
1762792607548 0.19995197653770447 15
1762792607646 0.6472691893577576 16
1762792607740 0.6567249894142151 17
1762792607831 0.7745067477226257 18
1762792607923 0.21001380681991577 19
1762792608014 0.650679349899292 20
1762792608105 0.4678024351596832 21
1762792608196 0.357516348361969 22
1762792608285 0.3360600769519806 23
1762792608375 0.1562940776348114 24
1762792608465 0.3172760009765625 25
1762792608555 0.9708212018013 26
1762792608648 0.22795575857162476 27
1762792608739 0.6295904517173767 28
1762792608829 0.4116048812866211 29
1762792608920 0.46025967597961426 30
1762792609011 0.4100876748561859 31
1762792609103 0.4806787073612213 32
1762792609194 0.7589622735977173 33
1762792609284 0.25727176666259766 34
1762792609374 0.4455789029598236 35
1762792609465 0.5382680296897888 36
1762792609555 0.5655120015144348 37
1762792609645 0.2684759199619293 38
1762792609735 0.22667044401168823 39
1762792609827 0.2499397248029709 40
1762792609918 0.1467006802558899 41
1762792610011 0.4867510497570038 42
1762792610108 0.4503541588783264 43
1762792610202 1.0548425912857056 44
1762792610293 0.9822646975517273 45
1762792610384 0.30022817850112915 46
