1762792749288 2.187835216522217 0
1762792749379 1.9609771966934204 1
1762792749471 1.8237261772155762 2
1762792749563 1.7279685735702515 3
1762792749653 1.648153305053711 4
1762792749746 1.5802075862884521 5
1762792749837 1.5257753133773804 6
1762792749926 1.4769593477249146 7
1762792750018 1.429207682609558 8
1762792750110 1.3796460628509521 9
1762792750200 1.3403857946395874 10
1762792750291 1.304383397102356 11
1762792750383 1.2728331089019775 12
1762792750475 1.2417011260986328 13
1762792750567 1.211682915687561 14
1762792750659 1.1857094764709473 15
1762792750750 1.1597018241882324 16
1762792750840 1.1336148977279663 17
1762792750931 1.10889732837677 18
1762792751023 1.0867758989334106 19
1762792751115 1.0631638765335083 20
1762792751207 1.0437395572662354 21
1762792751300 1.0239238739013672 22
1762792751390 1.0067541599273682 23
1762792751480 0.9896085858345032 24
1762792751570 0.9718511700630188 25
1762792751665 0.957364022731781 26
1762792751763 0.9431036114692688 27
1762792751857 0.9274386167526245 28
1762792751950 0.9127625226974487 29
1762792752044 0.8992713689804077 30
1762792752135 0.8853413462638855 31
1762792752226 0.8729832768440247 32
1762792752318 0.8607359528541565 33
1762792752408 0.8471982479095459 34
1762792752508 0.8364594578742981 35
1762792752606 0.8242461085319519 36
1762792752702 0.8142309188842773 37
1762792752796 0.8036108016967773 38
1762792752887 0.7926700115203857 39
1762792752978 0.7833092212677002 40
1762792753078 0.7734767198562622 41
1762792753171 0.7658628821372986 42
1762792753262 0.7574257850646973 43
1762792753359 0.7486534118652344 44
1762792753452 0.7395288348197937 45
1762792753543 0.7309648990631104 46
1762792753635 0.7234089970588684 47
