1762792749288 2.032475709915161 0
1762792749379 1.6158939599990845 1
1762792749471 1.7192285060882568 2
1762792749563 1.228543996810913 3
1762792749653 1.3987617492675781 4
1762792749746 1.5436450242996216 5
1762792749837 1.0992515087127686 6
1762792749926 1.0782060623168945 7
1762792750018 1.3220211267471313 8
1762792750110 0.775558352470398 9
1762792750200 0.9466172456741333 10
1762792750291 0.7331901788711548 11
1762792750383 0.687519907951355 12
1762792750475 0.9016078114509583 13
1762792750567 0.7496320009231567 14
1762792750659 0.9189552068710327 15
1762792750750 0.5728422403335571 16
1762792750840 1.1755857467651367 17
1762792750931 0.5921138525009155 18
1762792751023 0.7995227575302124 19
1762792751115 1.324401617050171 20
1762792751207 0.7079626321792603 21
1762792751300 0.5054933428764343 22
1762792751390 0.6194137334823608 23
1762792751480 0.5750676393508911 24
1762792751570 0.45393696427345276 25
1762792751665 0.7582550048828125 26
1762792751763 0.6131225228309631 27
1762792751857 0.31332558393478394 28
1762792751950 0.5074411034584045 29
1762792752044 0.7808555364608765 30
1762792752135 0.2284911423921585 31
1762792752226 0.606562077999115 32
1762792752318 0.5051526427268982 33
1762792752408 0.7047921419143677 34
1762792752508 0.4731403589248657 35
1762792752606 0.28054794669151306 36
1762792752702 0.4105645418167114 37
1762792752796 0.2891637682914734 38
1762792752887 0.18477138876914978 39
1762792752978 0.9265652298927307 40
1762792753078 0.5972251296043396 41
1762792753171 0.09082221239805222 42
1762792753262 0.12480080127716064 43
1762792753359 0.1145285964012146 44
1762792753452 0.4650687873363495 45
1762792753543 0.28737688064575195 46
1762792753635 0.21480722725391388 47
