1761838500755 1.7911001443862915 0
1761838500816 1.5735963582992554 1
1761838500877 1.466240406036377 2
1761838500944 1.391129970550537 3
1761838501009 1.3159213066101074 4
1761838501071 1.2505686283111572 5
1761838501132 1.201399326324463 6
1761838501197 1.1638904809951782 7
1761838501259 1.12559175491333 8
1761838501321 1.0946300029754639 9
1761838501380 1.0672683715820312 10
1761838501441 1.034102201461792 11
1761838501499 1.00620436668396 12
1761838501556 0.9779753684997559 13
1761838501614 0.9571800827980042 14
1761838501672 0.9352661967277527 15
1761838501731 0.9159542918205261 16
1761838501791 0.8987916707992554 17
1761838501847 0.8845598697662354 18
1761838501907 0.8672334551811218 19
1761838501965 0.850825309753418 20
1761838502023 0.8393582701683044 21
1761838502082 0.8244178891181946 22
1761838502141 0.8112530708312988 23
1761838502201 0.797335147857666 24
1761838502260 0.7809764742851257 25
1761838502316 0.7648501992225647 26
1761838502374 0.7482003569602966 27
1761838502432 0.7343136668205261 28
1761838502490 0.7198820114135742 29
1761838502549 0.7038546800613403 30
1761838502608 0.6900904774665833 31
1761838502666 0.6770563721656799 32
1761838502726 0.6638395190238953 33
1761838502785 0.6524447798728943 34
1761838502844 0.6405529379844666 35
1761838502900 0.6292003989219666 36
1761838502958 0.6186956167221069 37
1761838503017 0.6093104481697083 38
1761838503079 0.6006389260292053 39
1761838503141 0.59311842918396 40
1761838503203 0.5856796503067017 41
1761838503267 0.5770080089569092 42
1761838503325 0.569115161895752 43
1761838503384 0.5621412992477417 44
1761838503444 0.554470956325531 45
1761838503503 0.5486806035041809 46
1761838503563 0.5450925827026367 47
1761838503622 0.5383327603340149 48
1761838503683 0.5319334268569946 49
1761838503743 0.5270477533340454 50
1761838503804 0.5218281149864197 51
1761838503864 0.5162878036499023 52
1761838503924 0.5112830996513367 53
1761838503982 0.5064086318016052 54
1761838504043 0.502132773399353 55
1761838504101 0.49772530794143677 56
1761838504161 0.493458092212677 57
1761838504218 0.48946285247802734 58
1761838504278 0.4854053258895874 59
1761838504341 0.4825831651687622 60
1761838504402 0.47983700037002563 61
1761838504464 0.47640910744667053 62
1761838504524 0.47328969836235046 63
1761838504585 0.4697153866291046 64
1761838504644 0.466871976852417 65
1761838504704 0.4643690884113312 66
1761838504761 0.4615810215473175 67
1761838504821 0.45797866582870483 68
1761838504882 0.45556795597076416 69
1761838504941 0.45318201184272766 70
1761838505000 0.45015525817871094 71
1761838505059 0.447835236787796 72
1761838505118 0.44464075565338135 73
1761838505177 0.4417973458766937 74
1761838505245 0.43838047981262207 75
1761838505309 0.43613582849502563 76
1761838505369 0.4332406222820282 77
1761838505429 0.43113312125205994 78
1761838505489 0.42915990948677063 79
1761838505548 0.4270329773426056 80
1761838505605 0.4252330958843231 81
1761838505664 0.42305874824523926 82
1761838505722 0.42047402262687683 83
1761838505781 0.41862305998802185 84
1761838505841 0.41682490706443787 85
1761838505899 0.4148935079574585 86
1761838505956 0.4137089252471924 87
1761838506014 0.4128614366054535 88
1761838506072 0.41146939992904663 89
1761838506130 0.40969640016555786 90
1761838506190 0.4080674350261688 91
1761838506252 0.40647998452186584 92
1761838506312 0.40522170066833496 93
1761838506373 0.4040584862232208 94
1761838506431 0.40234482288360596 95
1761838506491 0.4007987976074219 96
1761838506550 0.3988130986690521 97
1761838506613 0.39739856123924255 98
1761838506674 0.3960990309715271 99
1761838506734 0.3946166932582855 100
1761838506802 0.39314135909080505 101
1761838506870 0.3919283449649811 102
1761838506938 0.39042457938194275 103
1761838507016 0.3891785144805908 104
1761838507081 0.38789641857147217 105
1761838507145 0.38655316829681396 106
1761838507212 0.3850158751010895 107
1761838507279 0.3842156231403351 108
1761838507343 0.38353678584098816 109
1761838507404 0.38215282559394836 110
1761838507465 0.38101014494895935 111
1761838507526 0.3795814514160156 112
1761838507587 0.3787049651145935 113
1761838507646 0.37745827436447144 114
1761838507703 0.37630122900009155 115
1761838507762 0.375240683555603 116
1761838507821 0.37382808327674866 117
1761838507880 0.3731251657009125 118
1761838507939 0.37227827310562134 119
1761838507999 0.37138715386390686 120
1761838508057 0.3704862892627716 121
1761838508117 0.3696967661380768 122
1761838508175 0.3685663938522339 123
1761838508234 0.3679402768611908 124
1761838508294 0.36690592765808105 125
1761838508354 0.36569058895111084 126
1761838508415 0.36481717228889465 127
1761838508475 0.3643036186695099 128
1761838508543 0.3636048138141632 129
1761838508606 0.3626505732536316 130
1761838508668 0.3616943955421448 131
1761838508727 0.3610735535621643 132
1761838508787 0.36028149724006653 133
1761838508847 0.3594321012496948 134
1761838508907 0.35860487818717957 135
1761838508967 0.35808396339416504 136
1761838509026 0.3577665388584137 137
1761838509086 0.3570493161678314 138
1761838509146 0.356384813785553 139
1761838509206 0.35569000244140625 140
1761838509266 0.35500574111938477 141
1761838509326 0.3540007770061493 142
1761838509385 0.35304123163223267 143
1761838509444 0.3522377014160156 144
1761838509506 0.35157081484794617 145
1761838509569 0.35111674666404724 146
1761838509631 0.35041454434394836 147
1761838509691 0.34973567724227905 148
1761838509752 0.3489674925804138 149
1761838509811 0.3485930263996124 150
1761838509870 0.347864031791687 151
1761838509929 0.3471708297729492 152
1761838509989 0.3463970720767975 153
1761838510049 0.3458156883716583 154
1761838510108 0.34531617164611816 155
1761838510172 0.3448217809200287 156
1761838510238 0.34390372037887573 157
1761838510306 0.34319669008255005 158
1761838510373 0.34274226427078247 159
1761838510440 0.34239619970321655 160
1761838510506 0.3418281376361847 161
1761838510571 0.34126803278923035 162
1761838510634 0.34058699011802673 163
1761838510695 0.3402728736400604 164
1761838510756 0.33998021483421326 165
1761838510817 0.3394966721534729 166
1761838510875 0.3388676345348358 167
1761838510937 0.3383677303791046 168
1761838510998 0.3377162516117096 169
1761838511058 0.3370993137359619 170
1761838511118 0.3366515338420868 171
1761838511178 0.336326003074646 172
1761838511238 0.3359222114086151 173
1761838511297 0.33570486307144165 174
1761838511357 0.33520641922950745 175
1761838511417 0.3346981108188629 176
1761838511478 0.334328293800354 177
1761838511537 0.3336924910545349 178
1761838511597 0.33320626616477966 179
1761838511656 0.33296048641204834 180
1761838511715 0.3325062096118927 181
1761838511777 0.33186304569244385 182
1761838511836 0.3318445086479187 183
1761838511896 0.33133724331855774 184
1761838511955 0.33105650544166565 185
1761838512015 0.3305628299713135 186
1761838512074 0.3300755023956299 187
1761838512135 0.32956814765930176 188
1761838512195 0.32903796434402466 189
1761838512254 0.3286253809928894 190
1761838512313 0.3280709981918335 191
1761838512373 0.32731893658638 192
1761838512433 0.3269505500793457 193
1761838512492 0.32658952474594116 194
1761838512554 0.32637864351272583 195
1761838512614 0.32585710287094116 196
1761838512673 0.3257034420967102 197
1761838512731 0.3253108263015747 198
1761838512793 0.3248158395290375 199
1761838512854 0.3245091736316681 200
1761838512913 0.32410910725593567 201
1761838512974 0.32372790575027466 202
1761838513037 0.323347806930542 203
1761838513101 0.32296299934387207 204
1761838513162 0.322689414024353 205
1761838513226 0.3223547637462616 206
1761838513288 0.3220351040363312 207
1761838513350 0.3216378390789032 208
1761838513412 0.32164692878723145 209
1761838513471 0.32133767008781433 210
1761838513533 0.3212006092071533 211
1761838513591 0.3207014799118042 212
1761838513652 0.3203414976596832 213
1761838513712 0.3202701807022095 214
1761838513774 0.32013073563575745 215
1761838513835 0.31969738006591797 216
1761838513896 0.31907281279563904 217
1761838513957 0.31870004534721375 218
1761838514018 0.31850355863571167 219
1761838514079 0.31844523549079895 220
1761838514140 0.31815218925476074 221
1761838514200 0.3177967369556427 222
1761838514262 0.3173857629299164 223
1761838514321 0.31718334555625916 224
1761838514382 0.316883385181427 225
1761838514443 0.31662464141845703 226
1761838514502 0.3162066340446472 227
1761838514563 0.3157672584056854 228
1761838514623 0.3155573904514313 229
1761838514684 0.3153012990951538 230
1761838514745 0.315014511346817 231
1761838514806 0.3145677149295807 232
1761838514866 0.3142806887626648 233
1761838514927 0.3139776885509491 234
1761838514987 0.31355056166648865 235
1761838515048 0.31321242451667786 236
1761838515109 0.3128003180027008 237
1761838515171 0.3125026524066925 238
1761838515232 0.31227362155914307 239
1761838515290 0.3120490610599518 240
1761838515351 0.31158652901649475 241
1761838515410 0.31141531467437744 242
1761838515471 0.31111225485801697 243
1761838515532 0.31080126762390137 244
1761838515592 0.3104976713657379 245
1761838515653 0.3102768659591675 246
1761838515715 0.3100462853908539 247
1761838515776 0.30978721380233765 248
1761838515837 0.3097521960735321 249
1761838515898 0.3093576431274414 250
1761838515960 0.30910539627075195 251
1761838516022 0.30882158875465393 252
1761838516084 0.30860963463783264 253
1761838516144 0.3083098530769348 254
1761838516205 0.30815255641937256 255
1761838516266 0.30796074867248535 256
1761838516327 0.30781489610671997 257
1761838516388 0.3075050115585327 258
1761838516448 0.30742087960243225 259
1761838516509 0.3072096109390259 260
1761838516570 0.3069620132446289 261
1761838516633 0.3066991865634918 262
1761838516696 0.30664247274398804 263
1761838516756 0.3064885437488556 264
1761838516818 0.3061407208442688 265
1761838516879 0.30598482489585876 266
1761838516939 0.3057474195957184 267
1761838517000 0.30560019612312317 268
1761838517062 0.3052828013896942 269
1761838517124 0.3050726652145386 270
1761838517185 0.30487459897994995 271
1761838517247 0.30468031764030457 272
1761838517307 0.30454128980636597 273
1761838517369 0.30422645807266235 274
1761838517431 0.3041871190071106 275
1761838517492 0.3039548099040985 276
1761838517552 0.30369463562965393 277
1761838517614 0.303428053855896 278
1761838517674 0.30330657958984375 279
1761838517734 0.30317172408103943 280
1761838517795 0.3028580844402313 281
1761838517855 0.30251482129096985 282
1761838517916 0.30219709873199463 283
1761838517977 0.3019755482673645 284
1761838518039 0.30170726776123047 285
1761838518102 0.30175092816352844 286
1761838518164 0.30139121413230896 287
1761838518226 0.3012761175632477 288
1761838518287 0.30109989643096924 289
1761838518349 0.30092260241508484 290
1761838518410 0.30057764053344727 291
1761838518471 0.30037355422973633 292
1761838518533 0.3001940846443176 293
1761838518596 0.30011817812919617 294
1761838518661 0.2999720275402069 295
1761838518731 0.29985299706459045 296
1761838518795 0.2997702956199646 297
1761838518858 0.2995671033859253 298
1761838518918 0.2994578778743744 299
1761838518980 0.2993606626987457 300
1761838519041 0.2991778552532196 301
1761838519103 0.29895949363708496 302
1761838519165 0.29875099658966064 303
1761838519229 0.29852327704429626 304
1761838519289 0.29839029908180237 305
1761838519355 0.2982180118560791 306
1761838519423 0.29811081290245056 307
1761838519488 0.2980460524559021 308
1761838519553 0.29794183373451233 309
1761838519614 0.29777437448501587 310
1761838519675 0.2977527976036072 311
1761838519736 0.297569215297699 312
1761838519798 0.2973657250404358 313
1761838519859 0.29722997546195984 314
1761838519919 0.2970990836620331 315
1761838519980 0.2968476414680481 316
1761838520043 0.2967904806137085 317
1761838520104 0.2967377305030823 318
1761838520165 0.29658961296081543 319
1761838520226 0.29640331864356995 320
1761838520288 0.2962742745876312 321
1761838520349 0.2961055338382721 322
1761838520409 0.2961427867412567 323
1761838520470 0.2961530089378357 324
1761838520532 0.29596754908561707 325
1761838520593 0.29574838280677795 326
1761838520654 0.29551389813423157 327
1761838520714 0.29545214772224426 328
1761838520777 0.29522839188575745 329
1761838520837 0.2949575185775757 330
1761838520899 0.2948385179042816 331
1761838520962 0.29467394948005676 332
1761838521023 0.2945440411567688 333
1761838521085 0.2944177985191345 334
1761838521145 0.2942860424518585 335
1761838521206 0.2941032648086548 336
1761838521267 0.29400861263275146 337
1761838521325 0.293946236371994 338
1761838521388 0.2938101589679718 339
1761838521450 0.29364702105522156 340
1761838521514 0.2935847043991089 341
1761838521577 0.29358866810798645 342
1761838521640 0.2933148145675659 343
1761838521700 0.2932736575603485 344
1761838521762 0.293133944272995 345
1761838521824 0.29299426078796387 346
1761838521886 0.2928372919559479 347
1761838521949 0.292653352022171 348
1761838522010 0.2924184203147888 349
1761838522072 0.29240450263023376 350
1761838522134 0.2923223376274109 351
1761838522194 0.292136013507843 352
1761838522257 0.29202839732170105 353
1761838522320 0.2918550372123718 354
1761838522382 0.29172927141189575 355
1761838522444 0.2916129529476166 356
1761838522505 0.2914334833621979 357
1761838522566 0.2912499010562897 358
1761838522630 0.291138619184494 359
1761838522692 0.2909252643585205 360
1761838522755 0.29089340567588806 361
1761838522817 0.29087260365486145 362
1761838522879 0.2906704843044281 363
1761838522941 0.2906176447868347 364
1761838523003 0.2904902398586273 365
1761838523069 0.2902531027793884 366
1761838523131 0.29006004333496094 367
1761838523193 0.28994253277778625 368
1761838523256 0.2897148132324219 369
1761838523319 0.28957200050354004 370
1761838523382 0.28934308886528015 371
1761838523446 0.28923872113227844 372
1761838523508 0.2891762852668762 373
1761838523571 0.289063036441803 374
1761838523633 0.288955420255661 375
1761838523696 0.28879788517951965 376
1761838523757 0.2887996733188629 377
1761838523820 0.2887449562549591 378
1761838523884 0.28859686851501465 379
1761838523945 0.2884778678417206 380
1761838524009 0.2882941663265228 381
1761838524072 0.2881616950035095 382
1761838524136 0.2880289852619171 383
1761838524199 0.2879055142402649 384
1761838524262 0.2877900302410126 385
1761838524326 0.28774362802505493 386
1761838524389 0.2876509130001068 387
1761838524450 0.2874767482280731 388
1761838524513 0.28727465867996216 389
1761838524576 0.28730326890945435 390
1761838524639 0.28719499707221985 391
1761838524701 0.2870672345161438 392
1761838524764 0.2868787348270416 393
1761838524824 0.28685420751571655 394
1761838524888 0.2867495119571686 395
1761838524951 0.28662073612213135 396
1761838525013 0.28648367524147034 397
1761838525076 0.28640156984329224 398
1761838525137 0.2862685024738312 399
1761838525201 0.28605911135673523 400
