1761838500755 1.1217979192733765 0
1761838500816 0.9036628603935242 1
1761838500877 2.088711738586426 2
1761838500944 2.956179141998291 3
1761838501009 1.2315328121185303 4
1761838501071 0.6949601173400879 5
1761838501132 1.2911287546157837 6
1761838501197 1.039831280708313 7
1761838501259 1.4250617027282715 8
1761838501321 1.3639262914657593 9
1761838501380 1.205838680267334 10
1761838501441 0.7970987558364868 11
1761838501499 0.7677358388900757 12
1761838501556 0.8329596519470215 13
1761838501614 0.4011097550392151 14
1761838501672 0.658717691898346 15
1761838501731 0.5397006273269653 16
1761838501791 0.197279691696167 17
1761838501847 1.4793891906738281 18
1761838501907 0.6836888194084167 19
1761838501965 0.49712398648262024 20
1761838502023 1.278921365737915 21
1761838502082 1.12570059299469 22
1761838502141 0.8802199959754944 23
1761838502201 0.9537591934204102 24
1761838502260 0.4322231113910675 25
1761838502316 0.3061721622943878 26
1761838502374 0.041976723819971085 27
1761838502432 0.6521183252334595 28
1761838502490 0.28877633810043335 29
1761838502549 0.02882244810461998 30
1761838502608 0.351524293422699 31
1761838502666 0.18618464469909668 32
1761838502726 0.07536014914512634 33
1761838502785 0.22999617457389832 34
1761838502844 0.0358816459774971 35
1761838502900 0.17742203176021576 36
1761838502958 0.022262871265411377 37
1761838503017 0.8832501173019409 38
1761838503079 0.2716638445854187 39
1761838503141 1.0339559316635132 40
1761838503203 0.9283155202865601 41
1761838503267 0.7905352711677551 42
1761838503325 0.17234571278095245 43
1761838503384 0.5886097550392151 44
1761838503444 0.14818713068962097 45
1761838503503 0.032256387174129486 46
1761838503563 3.0370779037475586 47
1761838503622 0.30938848853111267 48
1761838503683 0.13910645246505737 49
1761838503743 0.39764145016670227 50
1761838503804 0.36629432439804077 51
1761838503864 0.055824048817157745 52
1761838503924 0.8529365658760071 53
1761838503982 0.07948549836874008 54
1761838504043 0.6351607441902161 55
1761838504101 0.14407680928707123 56
1761838504161 1.0353249311447144 57
1761838504218 0.8044160604476929 58
1761838504278 0.4623952805995941 59
1761838504341 0.7005274891853333 60
1761838504402 0.6452628970146179 61
1761838504464 0.8095365762710571 62
1761838504524 0.14780518412590027 63
1761838504585 0.5654719471931458 64
1761838504644 0.3040950298309326 65
1761838504704 0.4428667724132538 66
1761838504761 0.6967074275016785 67
1761838504821 0.12654803693294525 68
1761838504882 1.6451642513275146 69
1761838504941 0.2944154739379883 70
1761838505000 0.1654384434223175 71
1761838505059 0.5346091389656067 72
1761838505118 0.06331657618284225 73
1761838505177 0.1458526849746704 74
1761838505245 0.14218668639659882 75
1761838505309 0.6142771244049072 76
1761838505369 0.2331032156944275 77
1761838505429 0.8790302872657776 78
1761838505489 0.32747748494148254 79
1761838505548 0.26393330097198486 80
1761838505605 0.3238888084888458 81
1761838505664 0.21495218575000763 82
1761838505722 0.3885672688484192 83
1761838505781 1.3831886053085327 84
1761838505841 0.7308839559555054 85
1761838505899 0.7986325025558472 86
1761838505956 1.1242018938064575 87
1761838506014 0.47940126061439514 88
1761838506072 0.7572302222251892 89
1761838506130 0.1337178349494934 90
1761838506190 0.39542537927627563 91
1761838506252 0.14193373918533325 92
1761838506312 0.3878055214881897 93
1761838506373 1.088219165802002 94
1761838506431 0.21329590678215027 95
1761838506491 0.14644546806812286 96
1761838506550 0.09110896289348602 97
1761838506613 0.2357291281223297 98
1761838506674 0.08341922610998154 99
1761838506734 0.2743562161922455 100
1761838506802 0.1744932383298874 101
1761838506870 0.6444035172462463 102
1761838506938 0.05305875837802887 103
1761838507016 0.053995195776224136 104
1761838507081 0.489145427942276 105
1761838507145 0.13379926979541779 106
1761838507212 0.06717903912067413 107
1761838507279 0.2412041425704956 108
1761838507343 0.2533276081085205 109
1761838507404 0.13292981684207916 110
1761838507465 0.7854604125022888 111
1761838507526 0.32211995124816895 112
1761838507587 0.9035429358482361 113
1761838507646 0.6399192810058594 114
1761838507703 0.7230449914932251 115
1761838507762 0.18514974415302277 116
1761838507821 0.28139936923980713 117
1761838507880 0.6307211518287659 118
1761838507939 0.4337686598300934 119
1761838507999 0.012932726182043552 120
1761838508057 0.05618735030293465 121
1761838508117 0.8252047896385193 122
1761838508175 0.43471792340278625 123
1761838508234 0.0927359089255333 124
1761838508294 0.059652186930179596 125
1761838508354 0.04608715698122978 126
1761838508415 0.4288816750049591 127
1761838508475 0.2656079828739166 128
1761838508543 0.7346138954162598 129
1761838508606 0.1876693069934845 130
1761838508668 0.447714626789093 131
1761838508727 0.0387253575026989 132
1761838508787 0.021982120350003242 133
1761838508847 0.23036432266235352 134
1761838508907 0.5386947393417358 135
1761838508967 0.10211915522813797 136
1761838509026 1.511963963508606 137
1761838509086 0.7495530843734741 138
1761838509146 0.7001471519470215 139
1761838509206 0.203065425157547 140
1761838509266 1.8254451751708984 141
1761838509326 0.017636612057685852 142
1761838509385 0.16863584518432617 143
1761838509444 0.4995405375957489 144
1761838509506 0.4302223026752472 145
1761838509569 1.358431339263916 146
1761838509631 0.05925513058900833 147
1761838509691 0.4575791656970978 148
1761838509752 0.023199191316962242 149
1761838509811 0.5524466037750244 150
1761838509870 0.3067909777164459 151
1761838509929 0.28000855445861816 152
1761838509989 0.6349121928215027 153
1761838510049 0.11967602372169495 154
1761838510108 0.31586623191833496 155
1761838510172 0.3434130847454071 156
1761838510238 0.10898184776306152 157
1761838510306 0.1469707190990448 158
1761838510373 0.3296129107475281 159
1761838510440 1.4700937271118164 160
1761838510506 0.7755439281463623 161
1761838510571 0.3882875442504883 162
1761838510634 0.655714750289917 163
1761838510695 0.7410107254981995 164
1761838510756 0.8900545835494995 165
1761838510817 0.5867824554443359 166
1761838510875 0.07446280866861343 167
1761838510937 0.12267474085092545 168
1761838510998 0.025535209104418755 169
1761838511058 0.2644476890563965 170
1761838511118 0.0947340726852417 171
1761838511178 0.46927258372306824 172
1761838511238 0.6786879301071167 173
1761838511297 0.31188881397247314 174
1761838511357 0.020047375932335854 175
1761838511417 0.5536755323410034 176
1761838511478 0.04558573663234711 177
1761838511537 0.3358033001422882 178
1761838511597 0.1497189700603485 179
1761838511656 1.576196551322937 180
1761838511715 0.01745418831706047 181
1761838511777 0.236568883061409 182
1761838511836 0.8020014762878418 183
1761838511896 1.0876203775405884 184
1761838511955 0.15749473869800568 185
1761838512015 0.10840001702308655 186
1761838512074 0.2508239150047302 187
1761838512135 0.011007753200829029 188
1761838512195 0.13690698146820068 189
1761838512254 0.5390051603317261 190
1761838512313 0.11492675542831421 191
1761838512373 0.05580456927418709 192
1761838512433 0.057985398918390274 193
1761838512492 0.0372152253985405 194
1761838512554 0.1466592252254486 195
1761838512614 0.413605660200119 196
1761838512673 1.354168176651001 197
1761838512731 0.9282954931259155 198
1761838512793 0.08689886331558228 199
1761838512854 0.030406758189201355 200
1761838512913 0.06469213962554932 201
1761838512974 0.12101835757493973 202
1761838513037 1.2420624494552612 203
1761838513101 0.20221523940563202 204
1761838513162 0.03837453946471214 205
1761838513226 1.844869613647461 206
1761838513288 0.6572264432907104 207
1761838513350 0.7368700504302979 208
1761838513412 3.150243043899536 209
1761838513471 0.4553391933441162 210
1761838513533 1.1293072700500488 211
1761838513591 0.6393166780471802 212
1761838513652 0.1128559485077858 213
1761838513712 0.7314500212669373 214
1761838513774 0.22559335827827454 215
1761838513835 0.057795871049165726 216
1761838513896 0.2543571889400482 217
1761838513957 0.07188986241817474 218
1761838514018 0.03412892669439316 219
1761838514079 0.438189834356308 220
1761838514140 1.0773783922195435 221
1761838514200 0.3634980320930481 222
1761838514262 0.5599677562713623 223
1761838514321 0.47441357374191284 224
1761838514382 0.2483218014240265 225
1761838514443 0.2148144543170929 226
1761838514502 0.11924448609352112 227
1761838514563 0.46633902192115784 228
1761838514623 0.5403658151626587 229
1761838514684 0.2508998215198517 230
1761838514745 0.06323761492967606 231
1761838514806 0.41716182231903076 232
1761838514866 0.0084441052749753 233
1761838514927 0.1935168206691742 234
1761838514987 0.2737357020378113 235
1761838515048 0.7882424592971802 236
1761838515109 0.02363751083612442 237
1761838515171 0.3024747669696808 238
1761838515232 0.30435317754745483 239
1761838515290 0.8797405362129211 240
1761838515351 0.11563598364591599 241
1761838515410 0.34737628698349 242
1761838515471 0.483320027589798 243
1761838515532 0.2453279197216034 244
1761838515592 0.8859000205993652 245
1761838515653 0.06654049456119537 246
1761838515715 0.206803560256958 247
1761838515776 0.8378174304962158 248
1761838515837 1.3323177099227905 249
1761838515898 0.14957007765769958 250
1761838515960 1.3318148851394653 251
1761838516022 0.26389771699905396 252
1761838516084 0.18093529343605042 253
1761838516144 0.37261244654655457 254
1761838516205 0.244217649102211 255
1761838516266 1.9765589237213135 256
1761838516327 0.8315605521202087 257
1761838516388 0.06320935487747192 258
1761838516448 0.6205716729164124 259
1761838516509 0.45788025856018066 260
1761838516570 0.1295594424009323 261
1761838516633 0.47267237305641174 262
1761838516696 0.8146411776542664 263
1761838516756 0.5905870199203491 264
1761838516818 0.3379223644733429 265
1761838516879 0.5466058850288391 266
1761838516939 0.42200133204460144 267
1761838517000 0.3592180907726288 268
1761838517062 0.0337524488568306 269
1761838517124 0.09537413716316223 270
1761838517185 1.0362716913223267 271
1761838517247 0.6320787668228149 272
1761838517307 0.17541025578975677 273
1761838517369 0.20452247560024261 274
1761838517431 0.8092008829116821 275
1761838517492 0.415506511926651 276
1761838517552 0.21307799220085144 277
1761838517614 0.19915218651294708 278
1761838517674 0.07189365476369858 279
1761838517734 0.2814751863479614 280
1761838517795 0.009074578061699867 281
1761838517855 0.19250759482383728 282
1761838517916 0.299103319644928 283
1761838517977 0.6747340559959412 284
1761838518039 0.0991971492767334 285
1761838518102 0.2815607786178589 286
1761838518164 0.20992234349250793 287
1761838518226 0.7645331621170044 288
1761838518287 0.16270969808101654 289
1761838518349 0.6104185581207275 290
1761838518410 0.08146756142377853 291
1761838518471 0.6982837915420532 292
1761838518533 0.1759655475616455 293
1761838518596 0.4867492914199829 294
1761838518661 0.5254843235015869 295
1761838518731 0.31367623805999756 296
1761838518795 0.06018887832760811 297
1761838518858 0.5519575476646423 298
1761838518918 1.3171958923339844 299
1761838518980 0.2275293916463852 300
1761838519041 0.5545789003372192 301
1761838519103 0.5777216553688049 302
1761838519165 0.08463400602340698 303
1761838519229 0.23306086659431458 304
1761838519289 0.4005966782569885 305
1761838519355 0.4625449776649475 306
1761838519423 0.08440320193767548 307
1761838519488 0.274370402097702 308
1761838519553 0.8223986625671387 309
1761838519614 0.10013186931610107 310
1761838519675 0.04754707217216492 311
1761838519736 0.29481345415115356 312
1761838519798 0.2634704113006592 313
1761838519859 0.28242892026901245 314
1761838519919 0.4172995090484619 315
1761838519980 0.06590819358825684 316
1761838520043 0.4093848466873169 317
1761838520104 1.8159552812576294 318
1761838520165 0.0715891569852829 319
1761838520226 0.4593464732170105 320
1761838520288 0.2345750480890274 321
1761838520349 0.478423535823822 322
1761838520409 0.627680778503418 323
1761838520470 0.6217470765113831 324
1761838520532 0.036243997514247894 325
1761838520593 1.2631947994232178 326
1761838520654 0.5981966257095337 327
1761838520714 0.6080374717712402 328
1761838520777 0.26185426115989685 329
1761838520837 0.12810947000980377 330
1761838520899 0.46218615770339966 331
1761838520962 0.24186871945858002 332
1761838521023 0.3706532120704651 333
1761838521085 0.37923339009284973 334
1761838521145 0.023665031418204308 335
1761838521206 0.11611880362033844 336
1761838521267 0.13866440951824188 337
1761838521325 0.4626319110393524 338
1761838521388 0.29045525193214417 339
1761838521450 0.17171519994735718 340
1761838521514 1.0913625955581665 341
1761838521577 0.5432084798812866 342
1761838521640 0.16825935244560242 343
1761838521700 0.47052818536758423 344
1761838521762 0.4969269335269928 345
1761838521824 1.1001629829406738 346
1761838521886 0.46466484665870667 347
1761838521949 0.042445942759513855 348
1761838522010 0.019287526607513428 349
1761838522072 0.3801572322845459 350
1761838522134 0.40632742643356323 351
1761838522194 0.059238988906145096 352
1761838522257 0.29426097869873047 353
1761838522320 0.23178431391716003 354
1761838522382 0.9131820201873779 355
1761838522444 0.35093843936920166 356
1761838522505 0.05794353038072586 357
1761838522566 0.40834376215934753 358
1761838522630 0.0789010226726532 359
1761838522692 0.429370254278183 360
1761838522755 0.35044920444488525 361
1761838522817 1.7978439331054688 362
1761838522879 0.02695959061384201 363
1761838522941 0.019638769328594208 364
1761838523003 0.12850917875766754 365
1761838523069 0.2525976300239563 366
1761838523131 0.4474897086620331 367
1761838523193 0.6661232709884644 368
1761838523256 0.276644766330719 369
1761838523319 0.05344593524932861 370
1761838523382 0.02227446623146534 371
1761838523446 1.0306631326675415 372
1761838523508 0.2017970234155655 373
1761838523571 0.2519742250442505 374
1761838523633 1.0524787902832031 375
1761838523696 0.16616369783878326 376
1761838523757 0.5731175541877747 377
1761838523820 0.704345166683197 378
1761838523884 0.13850872218608856 379
1761838523945 0.21934093534946442 380
1761838524009 0.025540191680192947 381
1761838524072 0.35396808385849 382
1761838524136 0.4102194309234619 383
1761838524199 0.8371036052703857 384
1761838524262 1.0672004222869873 385
1761838524326 0.8292710185050964 386
1761838524389 0.1500105857849121 387
1761838524450 0.06561793386936188 388
1761838524513 0.22211842238903046 389
1761838524576 0.9875381588935852 390
1761838524639 0.4999243915081024 391
1761838524701 0.010456307791173458 392
1761838524764 0.5705028176307678 393
1761838524824 0.6328234076499939 394
1761838524888 0.13039027154445648 395
1761838524951 0.29992493987083435 396
1761838525013 0.14108635485172272 397
1761838525076 0.025720175355672836 398
1761838525137 0.4756386876106262 399
1761838525201 0.07232273370027542 400
