1762792796282 1.7584052085876465 0
1762792796388 1.5242490768432617 1
1762792796481 1.4100093841552734 2
1762792796574 1.312913417816162 3
1762792796667 1.257982611656189 4
1762792796759 1.2039631605148315 5
1762792796856 1.1553714275360107 6
1762792796949 1.118847370147705 7
1762792797041 1.079262137413025 8
1762792797133 1.0466982126235962 9
1762792797224 1.0205588340759277 10
1762792797319 0.9978405833244324 11
1762792797413 0.9779366254806519 12
1762792797501 0.9541795253753662 13
1762792797593 0.9325572848320007 14
1762792797683 0.9126354455947876 15
1762792797774 0.8934761881828308 16
1762792797863 0.875103771686554 17
1762792797952 0.8621547222137451 18
1762792798044 0.8479366898536682 19
1762792798136 0.8366106152534485 20
1762792798225 0.8207085132598877 21
