1762792796282 1.5997090339660645 0
1762792796388 1.7831637859344482 1
1762792796481 1.3098974227905273 2
1762792796574 0.8527891635894775 3
1762792796667 1.404442310333252 4
1762792796759 0.6963838338851929 5
1762792796856 0.4661538600921631 6
1762792796949 0.608886182308197 7
1762792797041 1.2541546821594238 8
1762792797133 0.6362707018852234 9
1762792797224 1.032474160194397 10
1762792797319 0.5997217893600464 11
1762792797413 1.5428062677383423 12
1762792797501 0.5984082221984863 13
1762792797593 0.3651362955570221 14
1762792797683 0.9888746738433838 15
1762792797774 0.27796992659568787 16
1762792797863 0.15282990038394928 17
1762792797952 1.4894566535949707 18
1762792798044 0.6030153036117554 19
1762792798136 0.5006198287010193 20
1762792798225 0.15924908220767975 21
