1762798575335 1.6666721105575562 0
1762798575435 1.4787517786026 1
1762798575532 1.3672531843185425 2
1762798575641 1.29150390625 3
1762798575747 1.230040431022644 4
1762798575847 1.1780285835266113 5
1762798575946 1.130650281906128 6
1762798576042 1.0798993110656738 7
1762798576139 1.0412118434906006 8
1762798576235 1.0123103857040405 9
1762798576336 0.9876720905303955 10
1762798576436 0.9610009789466858 11
1762798576533 0.9376669526100159 12
1762798576633 0.9135611653327942 13
1762798576729 0.8953946828842163 14
1762798576824 0.8804632425308228 15
1762798576920 0.8638134598731995 16
1762798577016 0.8483980894088745 17
1762798577112 0.8348708748817444 18
1762798577208 0.8213919401168823 19
1762798577304 0.804818868637085 20
1762798577400 0.7981429696083069 21
1762798577495 0.7881099581718445 22
1762798577592 0.7799733281135559 23
1762798577693 0.7674543261528015 24
