1762798575335 1.4301397800445557 0
1762798575435 0.863417387008667 1
1762798575532 0.6393628716468811 2
1762798575641 0.7725859880447388 3
1762798575747 1.1570392847061157 4
1762798575847 0.8679631352424622 5
1762798575946 0.9735134840011597 6
1762798576042 0.7651134729385376 7
1762798576139 0.7414090037345886 8
1762798576235 0.5007609128952026 9
1762798576336 0.48430827260017395 10
1762798576436 0.4471035897731781 11
1762798576533 0.29639285802841187 12
1762798576633 0.5003840327262878 13
1762798576729 0.6448954939842224 14
1762798576824 0.7997812032699585 15
1762798576920 0.25769805908203125 16
1762798577016 1.0724873542785645 17
1762798577112 1.2695690393447876 18
1762798577208 0.9117869734764099 19
1762798577304 0.5932561755180359 20
1762798577400 0.23848310112953186 21
1762798577495 0.3014083802700043 22
1762798577592 0.2796355187892914 23
1762798577693 0.7996268272399902 24
