1762798780320 1.734291434288025 0
1762798780417 1.562060832977295 1
1762798780512 1.455400824546814 2
1762798780605 1.3645696640014648 3
1762798780698 1.2874231338500977 4
1762798780794 1.232020378112793 5
1762798780891 1.1875991821289062 6
1762798780983 1.1388499736785889 7
1762798781076 1.1081860065460205 8
1762798781167 1.073291301727295 9
1762798781257 1.0392705202102661 10
1762798781349 1.0077606439590454 11
1762798781442 0.9863067865371704 12
1762798781533 0.9590970277786255 13
1762798781626 0.9359816312789917 14
1762798781715 0.9194023013114929 15
1762798781808 0.8995544910430908 16
1762798781902 0.8809593319892883 17
1762798781997 0.8654348850250244 18
1762798782095 0.8545122146606445 19
1762798782191 0.8381642699241638 20
