1762798780320 1.7801634073257446 0
1762798780417 1.5499680042266846 1
1762798780512 1.4442071914672852 2
1762798780605 1.2543606758117676 3
1762798780698 1.1466635465621948 4
1762798780794 0.8881428837776184 5
1762798780891 1.5781744718551636 6
1762798780983 0.5761368870735168 7
1762798781076 1.1233266592025757 8
1762798781167 0.991266131401062 9
1762798781257 0.9798487424850464 10
1762798781349 0.6905905604362488 11
1762798781442 0.8167919516563416 12
1762798781533 0.4254668653011322 13
1762798781626 0.7453386783599854 14
1762798781715 0.6539795398712158 15
1762798781808 0.4564700424671173 16
1762798781902 0.47266721725463867 17
1762798781997 0.532670259475708 18
1762798782095 1.1718509197235107 19
1762798782191 1.1821372509002686 20
