1763905142713 1.7531970739364624 0
1763905142805 1.5464102029800415 1
1763905142904 1.4238337278366089 2
1763905142998 1.339094877243042 3
1763905143090 1.2740625143051147 4
1763905143182 1.2121453285217285 5
1763905143274 1.1617755889892578 6
1763905143366 1.124281883239746 7
1763905143457 1.0819528102874756 8
1763905143548 1.045564889907837 9
1763905143640 1.0174323320388794 10
1763905143732 0.9944130182266235 11
1763905143824 0.9697700142860413 12
1763905143913 0.9445959329605103 13
1763905144005 0.9220543503761292 14
1763905144097 0.9042341709136963 15
1763905144189 0.8859491348266602 16
1763905144277 0.8670161962509155 17
1763905144369 0.8523771166801453 18
1763905144460 0.8396837711334229 19
1763905144558 0.8261736035346985 20
1763905144650 0.8120163679122925 21
1763905144744 0.7984117865562439 22
1763905144837 0.7852694988250732 23
1763905144929 0.7718364000320435 24
1763905145021 0.7593083381652832 25
1763905145113 0.7481927871704102 26
1763905145205 0.7355188727378845 27
