1763905142713 1.4532071352005005 0
1763905142805 1.4171913862228394 1
1763905142904 1.409772276878357 2
1763905142998 0.7099694013595581 3
1763905143090 0.5039856433868408 4
1763905143182 0.5831595659255981 5
1763905143274 1.7488889694213867 6
1763905143366 0.8427119255065918 7
1763905143457 0.6287669539451599 8
1763905143548 1.5616955757141113 9
1763905143640 0.6056258678436279 10
1763905143732 1.082080602645874 11
1763905143824 1.081120491027832 12
1763905143913 0.8474790453910828 13
1763905144005 0.5230882167816162 14
1763905144097 0.978855311870575 15
1763905144189 0.7871038317680359 16
1763905144277 0.3035155236721039 17
1763905144369 0.5130269527435303 18
1763905144460 0.4152843952178955 19
1763905144558 0.3037536144256592 20
1763905144650 0.3024783134460449 21
1763905144744 0.5822563171386719 22
1763905144837 0.2609942555427551 23
1763905144929 0.5115007162094116 24
1763905145021 0.5175628662109375 25
1763905145113 0.16664141416549683 26
1763905145205 1.3946428298950195 27
