1762793359619 1.7786271572113037 0
1762793359712 1.556107521057129 1
1762793359805 1.424573302268982 2
1762793359897 1.3304169178009033 3
1762793359988 1.2643349170684814 4
1762793360081 1.2075297832489014 5
1762793360174 1.1627237796783447 6
1762793360266 1.1217443943023682 7
1762793360360 1.0842007398605347 8
1762793360453 1.0464116334915161 9
1762793360544 1.0146228075027466 10
1762793360632 0.9821736812591553 11
1762793360724 0.9580376744270325 12
1762793360818 0.9320296049118042 13
1762793360910 0.9112167954444885 14
1762793361001 0.8934163451194763 15
1762793361094 0.8737173080444336 16
1762793361186 0.8582370281219482 17
1762793361277 0.8443455696105957 18
1762793361369 0.8289428949356079 19
