1762793359619 1.5741631984710693 0
1762793359712 1.4927328824996948 1
1762793359805 1.314532995223999 2
1762793359897 1.2062910795211792 3
1762793359988 1.2746690511703491 4
1762793360081 0.6639599800109863 5
1762793360174 1.571527361869812 6
1762793360266 0.46513161063194275 7
1762793360360 0.9075126647949219 8
1762793360453 0.8394624590873718 9
1762793360544 0.24526767432689667 10
1762793360632 0.6558000445365906 11
1762793360724 1.0612329244613647 12
1762793360818 0.5915906429290771 13
1762793360910 0.663203239440918 14
1762793361001 1.116816759109497 15
1762793361094 0.6299501657485962 16
1762793361186 0.4385318458080292 17
1762793361277 0.6275418400764465 18
1762793361369 0.5518477559089661 19
