1762793349404 1.7723166942596436 0
1762793349500 1.5693055391311646 1
1762793349593 1.4643142223358154 2
1762793349685 1.3680065870285034 3
1762793349776 1.3017542362213135 4
1762793349869 1.2463423013687134 5
1762793349963 1.183971881866455 6
1762793350057 1.1409839391708374 7
1762793350148 1.1017646789550781 8
1762793350239 1.0603747367858887 9
1762793350328 1.0294426679611206 10
1762793350418 1.0009480714797974 11
1762793350508 0.9745081663131714 12
1762793350600 0.9479188919067383 13
1762793350693 0.9261885285377502 14
1762793350786 0.9067730903625488 15
1762793350877 0.8900406360626221 16
1762793350969 0.873883068561554 17
1762793351059 0.8577300906181335 18
1762793351150 0.8429180979728699 19
1762793351240 0.8319471478462219 20
1762793351332 0.8195779323577881 21
1762793351424 0.8086562156677246 22
1762793351519 0.7975330352783203 23
1762793351611 0.7868888974189758 24
1762793351703 0.7770035266876221 25
1762793351792 0.7670502662658691 26
1762793351883 0.7592259645462036 27
1762793351974 0.7479870319366455 28
1762793352067 0.7394106984138489 29
1762793352162 0.7300003170967102 30
1762793352255 0.7195606231689453 31
1762793352346 0.7111293077468872 32
1762793352437 0.7028130888938904 33
