1762793349404 1.314680576324463 0
1762793349500 1.2813470363616943 1
1762793349593 1.206549048423767 2
1762793349685 1.4149754047393799 3
1762793349776 0.7718398571014404 4
1762793349869 1.251479148864746 5
1762793349963 0.8754346966743469 6
1762793350057 1.0677286386489868 7
1762793350148 0.6997353434562683 8
1762793350239 0.3979201912879944 9
1762793350328 0.9942667484283447 10
1762793350418 0.37282636761665344 11
1762793350508 0.6520004868507385 12
1762793350600 0.5691285729408264 13
1762793350693 0.9970858693122864 14
1762793350786 0.36843013763427734 15
1762793350877 0.8275611400604248 16
1762793350969 0.6000122427940369 17
1762793351059 0.3667737543582916 18
1762793351150 0.7551023364067078 19
1762793351240 0.6347646713256836 20
1762793351332 0.8240670561790466 21
1762793351424 0.2514277398586273 22
1762793351519 0.428365021944046 23
1762793351611 0.511195957660675 24
1762793351703 0.8332074880599976 25
1762793351792 0.6009796261787415 26
1762793351883 0.3951384723186493 27
1762793351974 0.5707404613494873 28
1762793352067 0.4894441068172455 29
1762793352162 0.5228943228721619 30
1762793352255 0.1279536634683609 31
1762793352346 0.13977190852165222 32
1762793352437 0.14657072722911835 33
