1762798558889 1.844452977180481 0
1762798558998 1.5845444202423096 1
1762798559097 1.4605549573898315 2
1762798559193 1.3663188219070435 3
1762798559292 1.2830005884170532 4
1762798559394 1.2210148572921753 5
1762798559492 1.177916169166565 6
1762798559590 1.136379361152649 7
1762798559688 1.089980959892273 8
1762798559784 1.0587236881256104 9
1762798559885 1.0406607389450073 10
1762798559986 1.0105730295181274 11
1762798560083 0.9891900420188904 12
1762798560176 0.9634606242179871 13
1762798560275 0.9426209330558777 14
1762798560378 0.9228268265724182 15
1762798560478 0.9048479199409485 16
1762798560578 0.8927012085914612 17
1762798560675 0.8767629265785217 18
1762798560771 0.8629798293113708 19
1762798560867 0.8479565382003784 20
1762798560965 0.8359149098396301 21
1762798561064 0.8210135698318481 22
1762798561161 0.809973955154419 23
1762798561257 0.7980984449386597 24
1762798561353 0.7859188318252563 25
