1762798558889 1.9969178438186646 0
1762798558998 1.145867943763733 1
1762798559097 1.1804903745651245 2
1762798559193 2.1728484630584717 3
1762798559292 0.7424050569534302 4
1762798559394 0.9589295983314514 5
1762798559492 0.7523601055145264 6
1762798559590 1.4650452136993408 7
1762798559688 0.9839984178543091 8
1762798559784 1.2801437377929688 9
1762798559885 0.7894559502601624 10
1762798559986 0.9508967995643616 11
1762798560083 0.35357633233070374 12
1762798560176 0.36462196707725525 13
1762798560275 0.4851301610469818 14
1762798560378 0.12440383434295654 15
1762798560478 0.43877172470092773 16
1762798560578 0.8599013090133667 17
1762798560675 0.5866575837135315 18
1762798560771 0.3140988349914551 19
1762798560867 0.6009632349014282 20
1762798560965 0.5169360637664795 21
1762798561064 0.376331090927124 22
1762798561161 0.4466913938522339 23
1762798561257 0.2590533196926117 24
1762798561353 0.19666361808776855 25
