1762791790506 1.7789158821105957 0
1762791790555 1.5103774070739746 1
1762791790605 1.3458728790283203 2
1762791790656 1.2281012535095215 3
1762791790707 1.1361525058746338 4
1762791790757 1.068967580795288 5
1762791790807 1.0192791223526 6
1762791790857 0.9652342200279236 7
1762791790906 0.924488365650177 8
1762791790954 0.8866930603981018 9
1762791791004 0.8533377647399902 10
1762791791056 0.8303380608558655 11
1762791791105 0.8057464957237244 12
1762791791156 0.7801474332809448 13
1762791791205 0.7553133368492126 14
1762791791254 0.7310324311256409 15
1762791791301 0.7082909345626831 16
1762791791353 0.6951062083244324 17
1762791791402 0.6780504584312439 18
1762791791451 0.6631001234054565 19
1762791791500 0.6507494449615479 20
