1762791790506 1.2616115808486938 0
1762791790555 1.189344048500061 1
1762791790605 0.9866593480110168 2
1762791790656 0.8467366695404053 3
1762791790707 0.4248667359352112 4
1762791790757 0.8252743482589722 5
1762791790807 0.6385608911514282 6
1762791790857 0.6452259421348572 7
1762791790906 0.7145888209342957 8
1762791790954 0.5766356587409973 9
1762791791004 0.4292027950286865 10
1762791791056 0.955894947052002 11
1762791791105 0.5656281113624573 12
1762791791156 0.7147278785705566 13
1762791791205 0.3843262195587158 14
1762791791254 0.4728642404079437 15
1762791791301 0.352643758058548 16
1762791791353 0.2826859951019287 17
1762791791402 0.2821652591228485 18
1762791791451 0.20029133558273315 19
1762791791500 0.2750810384750366 20
