1762798873530 1.6862255334854126 0
1762798873622 1.5045627355575562 1
1762798873715 1.3918620347976685 2
1762798873807 1.3059394359588623 3
1762798873899 1.2421350479125977 4
1762798873990 1.1776424646377563 5
1762798874081 1.1190167665481567 6
1762798874172 1.0807201862335205 7
1762798874264 1.0526055097579956 8
1762798874356 1.0275825262069702 9
1762798874447 0.9959348440170288 10
1762798874538 0.9654363989830017 11
1762798874629 0.9443086981773376 12
1762798874720 0.9217356443405151 13
1762798874812 0.9028052687644958 14
1762798874904 0.8841625452041626 15
1762798874993 0.8625494241714478 16
1762798875085 0.8464886546134949 17
1762798875177 0.832610547542572 18
1762798875270 0.8165409564971924 19
