1762798873530 1.140424132347107 0
1762798873622 1.0148568153381348 1
1762798873715 1.3798303604125977 2
1762798873807 0.9374735355377197 3
1762798873899 0.7475433349609375 4
1762798873990 0.48869651556015015 5
1762798874081 0.4219559133052826 6
1762798874172 0.7001796960830688 7
1762798874264 0.5622426867485046 8
1762798874356 1.3255449533462524 9
1762798874447 0.9438021183013916 10
1762798874538 0.5858745574951172 11
1762798874629 1.3885533809661865 12
1762798874720 0.35289227962493896 13
1762798874812 1.1390290260314941 14
1762798874904 0.5680472254753113 15
1762798874993 0.24963121116161346 16
1762798875085 0.608531653881073 17
1762798875177 0.5795721411705017 18
1762798875270 0.576781690120697 19
