1762793238715 1.7077571153640747 0
1762793238809 1.531312108039856 1
1762793238901 1.4158023595809937 2
1762793238995 1.3217148780822754 3
1762793239087 1.2561204433441162 4
1762793239182 1.1968172788619995 5
1762793239281 1.1505666971206665 6
1762793239375 1.1038792133331299 7
1762793239467 1.066733956336975 8
1762793239560 1.0363445281982422 9
1762793239652 1.0095577239990234 10
1762793239746 0.984342634677887 11
1762793239842 0.9577837586402893 12
1762793239936 0.9361571669578552 13
1762793240028 0.9167556166648865 14
1762793240124 0.8967888355255127 15
1762793240220 0.8796097636222839 16
1762793240321 0.8603330254554749 17
1762793240417 0.844767153263092 18
1762793240511 0.8302169442176819 19
1762793240605 0.8164867758750916 20
1762793240697 0.8026346564292908 21
1762793240791 0.7915823459625244 22
