1762793238715 1.5350501537322998 0
1762793238809 1.0744352340698242 1
1762793238901 1.1966050863265991 2
1762793238995 1.3370683193206787 3
1762793239087 1.0325777530670166 4
1762793239182 0.9363934397697449 5
1762793239281 1.052951455116272 6
1762793239375 0.8373024463653564 7
1762793239467 1.1589555740356445 8
1762793239560 1.296050786972046 9
1762793239652 1.0847340822219849 10
1762793239746 0.6370975971221924 11
1762793239842 0.6028560996055603 12
1762793239936 0.7118898630142212 13
1762793240028 0.6604086756706238 14
1762793240124 0.29812368750572205 15
1762793240220 0.7078070044517517 16
1762793240321 0.7144665122032166 17
1762793240417 0.8513845801353455 18
1762793240511 1.3628206253051758 19
1762793240605 0.19373516738414764 20
1762793240697 0.5544138550758362 21
1762793240791 0.642012357711792 22
