1762792246052 1.7300866842269897 0
1762792246145 1.5543218851089478 1
1762792246241 1.4483132362365723 2
1762792246333 1.3469375371932983 3
1762792246422 1.269810676574707 4
1762792246516 1.2250330448150635 5
1762792246609 1.1728878021240234 6
1762792246702 1.1256194114685059 7
1762792246796 1.0818008184432983 8
1762792246891 1.0599931478500366 9
1762792246987 1.0293123722076416 10
1762792247078 1.0028495788574219 11
1762792247170 0.9814004302024841 12
1762792247262 0.9618063569068909 13
1762792247359 0.9406729936599731 14
1762792247454 0.9185251593589783 15
1762792247549 0.8981633186340332 16
1762792247645 0.8869928121566772 17
1762792247743 0.872128427028656 18
1762792247841 0.8578033447265625 19
1762792247935 0.8428832292556763 20
1762792248030 0.8335298299789429 21
1762792248125 0.8188583850860596 22
1762792248221 0.806154191493988 23
1762792248313 0.7935432195663452 24
1762792248406 0.7820581793785095 25
1762792248498 0.7711431384086609 26
1762792248589 0.7608062624931335 27
