1762792246052 1.2326207160949707 0
1762792246145 1.0064586400985718 1
1762792246241 1.6189266443252563 2
1762792246333 0.8915364742279053 3
1762792246422 0.9702096581459045 4
1762792246516 1.2449339628219604 5
1762792246609 0.857997477054596 6
1762792246702 0.5189403295516968 7
1762792246796 0.7419278025627136 8
1762792246891 1.448878526687622 9
1762792246987 0.6855902671813965 10
1762792247078 0.7212871313095093 11
1762792247170 0.5399514436721802 12
1762792247262 0.4907541275024414 13
1762792247359 0.34149402379989624 14
1762792247454 1.005781650543213 15
1762792247549 0.45279961824417114 16
1762792247645 0.6926051378250122 17
1762792247743 0.3063929080963135 18
1762792247841 0.500432550907135 19
1762792247935 0.5124288201332092 20
1762792248030 0.9893409609794617 21
1762792248125 0.7398643493652344 22
1762792248221 0.28788694739341736 23
1762792248313 0.7301074266433716 24
1762792248406 0.3021436333656311 25
1762792248498 1.09624183177948 26
1762792248589 0.20322255790233612 27
