1762792240568 1.698001742362976 0
1762792240659 1.4820016622543335 1
1762792240752 1.3510606288909912 2
1762792240845 1.2707158327102661 3
1762792240936 1.210673451423645 4
1762792241028 1.1573857069015503 5
1762792241120 1.1145362854003906 6
1762792241212 1.0805898904800415 7
1762792241303 1.0428425073623657 8
1762792241393 1.013130784034729 9
1762792241485 0.9923412203788757 10
1762792241580 0.9735123515129089 11
1762792241674 0.9528265595436096 12
1762792241766 0.9306510090827942 13
1762792241857 0.9135929942131042 14
1762792241947 0.896273672580719 15
1762792242038 0.8807216286659241 16
1762792242128 0.8661108016967773 17
1762792242220 0.8520267605781555 18
1762792242315 0.8358234167098999 19
1762792242408 0.8222389221191406 20
1762792242500 0.8102002143859863 21
1762792242590 0.7979962229728699 22
1762792242682 0.7869560718536377 23
1762792242774 0.7764661908149719 24
1762792242864 0.7685415148735046 25
1762792242959 0.7596619129180908 26
1762792243052 0.7485799789428711 27
1762792243146 0.7389997243881226 28
1762792243241 0.7304942011833191 29
