1762792240568 1.420656681060791 0
1762792240659 0.8927350044250488 1
1762792240752 0.7594536542892456 2
1762792240845 0.9589847326278687 3
1762792240936 0.8685703277587891 4
1762792241028 0.5406539440155029 5
1762792241120 0.7203618288040161 6
1762792241212 0.6936606168746948 7
1762792241303 1.4903723001480103 8
1762792241393 0.44700562953948975 9
1762792241485 1.1187090873718262 10
1762792241580 0.7935994863510132 11
1762792241674 0.8467373847961426 12
1762792241766 0.5828897953033447 13
1762792241857 0.5395304560661316 14
1762792241947 0.4362638294696808 15
1762792242038 0.8701465725898743 16
1762792242128 0.6816142797470093 17
1762792242220 0.53978031873703 18
1762792242315 1.0405547618865967 19
1762792242408 1.3297606706619263 20
1762792242500 0.753017008304596 21
1762792242590 0.24333538115024567 22
1762792242682 1.2931419610977173 23
1762792242774 0.1779007762670517 24
1762792242864 0.5091385841369629 25
1762792242959 0.599741518497467 26
1762792243052 0.649347186088562 27
1762792243146 0.0761355385184288 28
1762792243241 0.23908889293670654 29
