1762792643702 1.717737078666687 0
1762792643800 1.5909837484359741 1
1762792643912 1.463250994682312 2
1762792644010 1.3861812353134155 3
1762792644107 1.3201018571853638 4
1762792644204 1.2684470415115356 5
1762792644299 1.227500319480896 6
1762792644392 1.1860837936401367 7
1762792644484 1.1476147174835205 8
1762792644576 1.1141871213912964 9
1762792644668 1.085561990737915 10
1762792644761 1.0548619031906128 11
1762792644852 1.030896544456482 12
1762792644946 1.008873462677002 13
1762792645037 0.9909483194351196 14
1762792645129 0.971790611743927 15
1762792645220 0.9514858722686768 16
1762792645314 0.934998631477356 17
1762792645410 0.9188803434371948 18
1762792645507 0.8991954922676086 19
1762792645599 0.8833351731300354 20
1762792645692 0.8731820583343506 21
1762792645784 0.8593376278877258 22
1762792645877 0.8488719463348389 23
1762792645971 0.8368816375732422 24
1762792646062 0.8270684480667114 25
1762792646157 0.8181452751159668 26
1762792646259 0.8095687627792358 27
1762792646358 0.8000639081001282 28
1762792646457 0.7907521724700928 29
1762792646552 0.7816924452781677 30
1762792646648 0.7736031413078308 31
1762792646746 0.7650240659713745 32
1762792646843 0.7574059367179871 33
