1762792643702 1.3203074932098389 0
1762792643800 1.8250551223754883 1
1762792643912 1.1356600522994995 2
1762792644010 1.0919157266616821 3
1762792644107 0.8285882472991943 4
1762792644204 1.280756950378418 5
1762792644299 1.0901944637298584 6
1762792644392 1.5116454362869263 7
1762792644484 1.5849334001541138 8
1762792644576 0.48505085706710815 9
1762792644668 0.549109697341919 10
1762792644761 0.686971127986908 11
1762792644852 1.0558066368103027 12
1762792644946 0.40859565138816833 13
1762792645037 0.6092023253440857 14
1762792645129 1.1721214056015015 15
1762792645220 1.0519760847091675 16
1762792645314 0.6622716784477234 17
1762792645410 0.1813378781080246 18
1762792645507 0.677199125289917 19
1762792645599 0.8297615051269531 20
1762792645692 0.5637574195861816 21
1762792645784 0.22355210781097412 22
1762792645877 1.2093385457992554 23
1762792645971 0.7586954832077026 24
1762792646062 0.47823432087898254 25
1762792646157 0.542872965335846 26
1762792646259 0.30428674817085266 27
1762792646358 0.6860864162445068 28
1762792646457 0.22060319781303406 29
1762792646552 0.5416972041130066 30
1762792646648 0.7341636419296265 31
1762792646746 0.7963418960571289 32
1762792646843 0.2092813402414322 33
