1763905147735 1.672520399093628 0
1763905147828 1.4955650568008423 1
1763905147925 1.3838152885437012 2
1763905148017 1.2921441793441772 3
1763905148111 1.2245510816574097 4
1763905148204 1.1682257652282715 5
1763905148297 1.1250633001327515 6
1763905148389 1.0908466577529907 7
1763905148482 1.0524898767471313 8
1763905148576 1.024298071861267 9
1763905148670 1.0013254880905151 10
1763905148763 0.9768069386482239 11
1763905148855 0.9554844498634338 12
1763905148949 0.9300887584686279 13
1763905149044 0.9089056849479675 14
1763905149137 0.8898085951805115 15
1763905149229 0.873744547367096 16
1763905149319 0.8579287528991699 17
1763905149409 0.8464368581771851 18
1763905149500 0.8332400321960449 19
1763905149590 0.8222994804382324 20
1763905149683 0.8083869218826294 21
1763905149773 0.796186089515686 22
1763905149865 0.7860824465751648 23
1763905149956 0.7753902077674866 24
1763905150048 0.7648335695266724 25
1763905150142 0.7526880502700806 26
1763905150234 0.7410674095153809 27
1763905150327 0.7320140600204468 28
1763905150419 0.7238938808441162 29
1763905150511 0.7177180051803589 30
1763905150603 0.7093583941459656 31
1763905150696 0.7013095021247864 32
1763905150788 0.6941028833389282 33
1763905150880 0.6889256238937378 34
1763905150973 0.6795608401298523 35
1763905151068 0.6725215315818787 36
1763905151161 0.6660179495811462 37
1763905151253 0.6591441035270691 38
