1763905147735 1.5504436492919922 0
1763905147828 1.2377461194992065 1
1763905147925 1.5653926134109497 2
1763905148017 0.7177387475967407 3
1763905148111 0.8710349798202515 4
1763905148204 0.9394763708114624 5
1763905148297 1.2789368629455566 6
1763905148389 0.7671717405319214 7
1763905148482 0.7973313331604004 8
1763905148576 1.1826504468917847 9
1763905148670 0.625932514667511 10
1763905148763 0.3848917782306671 11
1763905148855 0.6106204390525818 12
1763905148949 0.760657787322998 13
1763905149044 0.5984053611755371 14
1763905149137 1.1199355125427246 15
1763905149229 0.791398823261261 16
1763905149319 0.43157726526260376 17
1763905149409 0.4791525900363922 18
1763905149500 0.5899317264556885 19
1763905149590 0.83571457862854 20
1763905149683 0.5217131972312927 21
1763905149773 0.5661296844482422 22
1763905149865 0.8553219437599182 23
1763905149956 0.29163193702697754 24
1763905150048 0.6460118293762207 25
1763905150142 1.0587399005889893 26
1763905150234 0.11821526288986206 27
1763905150327 0.4392946660518646 28
1763905150419 0.17519855499267578 29
1763905150511 0.5801844000816345 30
1763905150603 0.1812390834093094 31
1763905150696 0.5455996990203857 32
1763905150788 0.36316534876823425 33
1763905150880 0.43658289313316345 34
1763905150973 0.07943734526634216 35
1763905151068 1.0303195714950562 36
1763905151161 0.48175838589668274 37
1763905151253 0.7723798751831055 38
