1761841109088 1.784008502960205 0
1761841109171 1.5945143699645996 1
1761841109257 1.4659377336502075 2
1761841109343 1.3862853050231934 3
1761841109427 1.316253423690796 4
1761841109508 1.242201566696167 5
1761841109589 1.1857317686080933 6
1761841109669 1.1515365839004517 7
1761841109750 1.1018941402435303 8
1761841109831 1.060836911201477 9
1761841109911 1.02971613407135 10
1761841109991 1.0015987157821655 11
1761841110072 0.97773677110672 12
1761841110153 0.952764630317688 13
1761841110231 0.9366574287414551 14
1761841110310 0.9168180227279663 15
1761841110407 0.8954471945762634 16
1761841110489 0.8766377568244934 17
1761841110571 0.8593301773071289 18
1761841110655 0.8383100628852844 19
1761841110740 0.8219042420387268 20
1761841110822 0.8055405020713806 21
1761841110902 0.7893520593643188 22
1761841110985 0.7740482091903687 23
1761841111066 0.7601713538169861 24
1761841111147 0.7462923526763916 25
1761841111228 0.733575165271759 26
1761841111311 0.7205491662025452 27
1761841111391 0.7077785730361938 28
1761841111472 0.696679949760437 29
1761841111553 0.6856194734573364 30
1761841111633 0.6758652925491333 31
1761841111714 0.6679757237434387 32
1761841111794 0.6595200300216675 33
1761841111874 0.6502348780632019 34
1761841111955 0.6418133974075317 35
1761841112035 0.6336114406585693 36
1761841112124 0.6269649267196655 37
1761841112207 0.6199582815170288 38
1761841112289 0.6133618354797363 39
1761841112370 0.6066552400588989 40
1761841112451 0.601841926574707 41
1761841112532 0.5961586236953735 42
1761841112612 0.5911262631416321 43
1761841112692 0.5860611200332642 44
1761841112773 0.5808082818984985 45
1761841112853 0.5777372717857361 46
1761841112935 0.5734806060791016 47
1761841113017 0.5699892044067383 48
1761841113100 0.5663411021232605 49
1761841113180 0.5619902610778809 50
1761841113261 0.5579442381858826 51
1761841113340 0.5540310144424438 52
1761841113421 0.5505704879760742 53
1761841113503 0.5471113920211792 54
1761841113583 0.5437556505203247 55
1761841113663 0.5406009554862976 56
1761841113745 0.5381842851638794 57
1761841113825 0.5350394248962402 58
1761841113906 0.5324388742446899 59
1761841113985 0.5299489498138428 60
1761841114068 0.5275960564613342 61
1761841114152 0.5247862935066223 62
1761841114235 0.5224514007568359 63
1761841114317 0.5195370316505432 64
1761841114400 0.5174884796142578 65
1761841114480 0.5151758193969727 66
1761841114561 0.5128353238105774 67
1761841114641 0.5108065009117126 68
1761841114721 0.5081446766853333 69
1761841114801 0.5058115720748901 70
1761841114882 0.50376296043396 71
1761841114961 0.5013554096221924 72
1761841115043 0.4996532201766968 73
1761841115125 0.4973882734775543 74
1761841115206 0.49533864855766296 75
1761841115286 0.493496835231781 76
1761841115367 0.49207696318626404 77
1761841115449 0.49048343300819397 78
1761841115530 0.48879241943359375 79
1761841115609 0.48729023337364197 80
1761841115690 0.48555007576942444 81
1761841115771 0.48452767729759216 82
1761841115852 0.4834935665130615 83
1761841115934 0.4825538992881775 84
1761841116013 0.48106274008750916 85
1761841116096 0.4793184995651245 86
1761841116176 0.47812193632125854 87
1761841116258 0.4772164523601532 88
1761841116336 0.4757249653339386 89
1761841116416 0.4746130406856537 90
1761841116497 0.47326087951660156 91
1761841116577 0.4719902575016022 92
1761841116657 0.4710370600223541 93
1761841116739 0.4697475731372833 94
1761841116816 0.4689252972602844 95
1761841116896 0.46747100353240967 96
1761841116976 0.4664994180202484 97
1761841117056 0.4652358591556549 98
1761841117138 0.4642481505870819 99
1761841117217 0.46337890625 100
1761841117295 0.462189644575119 101
1761841117376 0.4610740542411804 102
1761841117457 0.46011900901794434 103
1761841117542 0.45911526679992676 104
1761841117624 0.4582032859325409 105
1761841117705 0.45732611417770386 106
1761841117789 0.45610955357551575 107
1761841117869 0.4549327492713928 108
1761841117950 0.4538940489292145 109
1761841118031 0.45335105061531067 110
1761841118111 0.45202353596687317 111
1761841118194 0.4514438509941101 112
1761841118275 0.4502716362476349 113
1761841118357 0.4496579170227051 114
1761841118437 0.44880765676498413 115
1761841118518 0.44795840978622437 116
1761841118599 0.44720807671546936 117
1761841118679 0.4472418427467346 118
1761841118760 0.446424275636673 119
1761841118843 0.4459817409515381 120
1761841118925 0.4451301693916321 121
1761841119006 0.44462671875953674 122
1761841119088 0.4440058767795563 123
1761841119169 0.44331222772598267 124
1761841119251 0.44256696105003357 125
1761841119333 0.44210755825042725 126
1761841119413 0.44178763031959534 127
1761841119494 0.4414024353027344 128
1761841119573 0.44106051325798035 129
1761841119656 0.44063884019851685 130
1761841119737 0.43995901942253113 131
1761841119819 0.43928778171539307 132
1761841119899 0.4385722279548645 133
1761841119980 0.43786850571632385 134
1761841120063 0.4372955560684204 135
1761841120146 0.43675220012664795 136
1761841120228 0.4362454116344452 137
1761841120310 0.43575456738471985 138
1761841120391 0.43503299355506897 139
1761841120472 0.43441063165664673 140
1761841120554 0.43407583236694336 141
1761841120636 0.43344753980636597 142
1761841120718 0.4329940378665924 143
1761841120798 0.4323686957359314 144
1761841120880 0.43174925446510315 145
1761841120961 0.43159547448158264 146
1761841121042 0.4311404824256897 147
1761841121125 0.43072929978370667 148
1761841121207 0.4302915036678314 149
1761841121288 0.42978399991989136 150
1761841121371 0.4293271005153656 151
1761841121453 0.4290493428707123 152
1761841121535 0.42866817116737366 153
1761841121614 0.4283457398414612 154
1761841121696 0.42812827229499817 155
1761841121778 0.4275820255279541 156
1761841121860 0.4271736741065979 157
1761841121941 0.4271013140678406 158
1761841122023 0.4265356957912445 159
1761841122107 0.4259842336177826 160
1761841122191 0.42542746663093567 161
1761841122273 0.4251115322113037 162
1761841122355 0.4248477518558502 163
1761841122437 0.42448604106903076 164
1761841122518 0.42426371574401855 165
1761841122598 0.42398250102996826 166
1761841122680 0.4236432909965515 167
1761841122761 0.4233240783214569 168
1761841122843 0.4229627251625061 169
1761841122925 0.4226064085960388 170
1761841123008 0.4222370684146881 171
1761841123091 0.42213311791419983 172
1761841123174 0.4216558635234833 173
1761841123255 0.4212076961994171 174
1761841123335 0.4209037125110626 175
1761841123417 0.4203389286994934 176
1761841123496 0.41981223225593567 177
1761841123578 0.4193727672100067 178
1761841123660 0.41906097531318665 179
1761841123741 0.41870006918907166 180
1761841123823 0.4184502065181732 181
1761841123905 0.4181211590766907 182
1761841123987 0.41781482100486755 183
1761841124071 0.4174809455871582 184
1761841124154 0.41742515563964844 185
1761841124235 0.4172258973121643 186
1761841124317 0.41682401299476624 187
1761841124399 0.4163419008255005 188
1761841124481 0.41602835059165955 189
1761841124563 0.41569095849990845 190
1761841124645 0.41553017497062683 191
1761841124727 0.4152393937110901 192
1761841124808 0.41515037417411804 193
1761841124891 0.414915531873703 194
1761841124972 0.4147387444972992 195
1761841125053 0.41449281573295593 196
1761841125135 0.41413116455078125 197
1761841125218 0.4138569235801697 198
1761841125301 0.41353029012680054 199
1761841125383 0.413192480802536 200
1761841125465 0.4129100739955902 201
1761841125547 0.41275033354759216 202
1761841125631 0.412614643573761 203
1761841125716 0.41256046295166016 204
1761841125799 0.41221556067466736 205
1761841125882 0.411622554063797 206
1761841125963 0.4113210141658783 207
1761841126045 0.41130316257476807 208
1761841126128 0.4111466705799103 209
1761841126208 0.41084998846054077 210
1761841126291 0.410430371761322 211
1761841126373 0.4103119373321533 212
1761841126456 0.41000017523765564 213
1761841126537 0.4099085032939911 214
1761841126620 0.4096681475639343 215
1761841126702 0.40953734517097473 216
1761841126784 0.40933758020401 217
1761841126866 0.40915796160697937 218
1761841126946 0.40894779562950134 219
1761841127027 0.40876272320747375 220
1761841127110 0.40859973430633545 221
1761841127190 0.40845057368278503 222
1761841127272 0.40813806653022766 223
1761841127355 0.4080478549003601 224
1761841127435 0.4078936278820038 225
1761841127515 0.40762051939964294 226
1761841127597 0.4075154960155487 227
1761841127678 0.40723374485969543 228
1761841127760 0.4070082902908325 229
1761841127842 0.40665602684020996 230
1761841127924 0.4064199924468994 231
1761841128005 0.4063418209552765 232
1761841128089 0.40609967708587646 233
1761841128171 0.4059525430202484 234
1761841128255 0.40571290254592896 235
1761841128339 0.4055342376232147 236
1761841128423 0.4054180681705475 237
1761841128506 0.4052999019622803 238
1761841128588 0.4051121473312378 239
1761841128670 0.4048955738544464 240
1761841128754 0.4047079384326935 241
1761841128841 0.4045165777206421 242
1761841128928 0.40438055992126465 243
1761841129012 0.4042637050151825 244
1761841129096 0.4040963053703308 245
1761841129179 0.40380653738975525 246
1761841129263 0.40371161699295044 247
1761841129346 0.40353259444236755 248
1761841129430 0.4033944308757782 249
1761841129512 0.4033622145652771 250
1761841129594 0.40340104699134827 251
1761841129679 0.4031209945678711 252
1761841129762 0.4029894769191742 253
1761841129845 0.40277859568595886 254
1761841129928 0.4025929272174835 255
1761841130011 0.40251198410987854 256
1761841130096 0.4024755358695984 257
1761841130178 0.40247097611427307 258
1761841130260 0.40251123905181885 259
1761841130343 0.40246981382369995 260
1761841130426 0.40230822563171387 261
1761841130509 0.40224218368530273 262
1761841130591 0.4020289480686188 263
1761841130673 0.40176811814308167 264
1761841130755 0.40168625116348267 265
1761841130836 0.4015273153781891 266
1761841130919 0.40139034390449524 267
1761841131001 0.40137144923210144 268
1761841131085 0.401320219039917 269
1761841131169 0.40110182762145996 270
1761841131251 0.4008970260620117 271
1761841131333 0.4007016718387604 272
1761841131414 0.40059056878089905 273
1761841131499 0.40030306577682495 274
1761841131582 0.40018314123153687 275
1761841131665 0.4001449644565582 276
1761841131749 0.4000614583492279 277
1761841131832 0.4000374972820282 278
1761841131914 0.4000900387763977 279
1761841131997 0.39996322989463806 280
1761841132081 0.399830162525177 281
1761841132168 0.39968425035476685 282
1761841132254 0.3994894027709961 283
1761841132337 0.39941033720970154 284
1761841132419 0.39930060505867004 285
1761841132503 0.3991304934024811 286
1761841132587 0.3991970419883728 287
1761841132670 0.399085134267807 288
1761841132754 0.39899390935897827 289
1761841132837 0.3990701735019684 290
1761841132921 0.39898747205734253 291
1761841133005 0.398836612701416 292
1761841133089 0.3987022638320923 293
1761841133173 0.3986271619796753 294
1761841133255 0.3986390233039856 295
1761841133340 0.3985527455806732 296
1761841133424 0.398576021194458 297
1761841133508 0.39842405915260315 298
1761841133591 0.39834481477737427 299
1761841133675 0.3981488347053528 300
1761841133757 0.39808279275894165 301
1761841133839 0.3979092836380005 302
1761841133926 0.3978813588619232 303
1761841134010 0.3978177309036255 304
1761841134093 0.39772334694862366 305
1761841134177 0.3975604772567749 306
1761841134260 0.3974094092845917 307
1761841134340 0.39740312099456787 308
1761841134422 0.3974186182022095 309
1761841134505 0.3972642421722412 310
1761841134587 0.3972119092941284 311
1761841134669 0.3969588279724121 312
1761841134753 0.3967893421649933 313
1761841134834 0.3966957628726959 314
1761841134917 0.39670345187187195 315
1761841134998 0.39649754762649536 316
1761841135082 0.39624902606010437 317
1761841135167 0.39611732959747314 318
1761841135250 0.3961086869239807 319
1761841135334 0.3961213529109955 320
1761841135417 0.39597079157829285 321
1761841135498 0.39586442708969116 322
1761841135578 0.39567938446998596 323
1761841135657 0.39561817049980164 324
1761841135742 0.3954525887966156 325
1761841135828 0.3953079283237457 326
1761841135912 0.3952607214450836 327
1761841135996 0.39505162835121155 328
1761841136079 0.39494168758392334 329
1761841136163 0.3947966396808624 330
1761841136246 0.39460575580596924 331
1761841136329 0.3946368992328644 332
1761841136412 0.3944687247276306 333
1761841136495 0.394429475069046 334
1761841136576 0.394258052110672 335
1761841136659 0.39403313398361206 336
1761841136742 0.39413928985595703 337
1761841136826 0.3941377103328705 338
1761841136909 0.39403030276298523 339
1761841136993 0.3939213454723358 340
1761841137076 0.3938158452510834 341
1761841137161 0.3937261700630188 342
1761841137245 0.3936432898044586 343
1761841137329 0.3936507999897003 344
1761841137414 0.393408864736557 345
1761841137499 0.39335358142852783 346
1761841137582 0.3932129442691803 347
1761841137667 0.39301085472106934 348
1761841137750 0.3929165005683899 349
1761841137834 0.3929484188556671 350
1761841137918 0.3928101360797882 351
1761841138002 0.3926284909248352 352
1761841138086 0.39255189895629883 353
1761841138171 0.39245301485061646 354
1761841138255 0.3924213945865631 355
1761841138337 0.3923766016960144 356
1761841138422 0.39220497012138367 357
1761841138505 0.3921472728252411 358
1761841138589 0.39205852150917053 359
1761841138673 0.3919813334941864 360
1761841138757 0.39181381464004517 361
1761841138842 0.391928106546402 362
1761841138926 0.3919374942779541 363
1761841139008 0.39196348190307617 364
1761841139093 0.39173850417137146 365
1761841139176 0.3917737901210785 366
1761841139260 0.3917252719402313 367
1761841139345 0.3915984332561493 368
1761841139429 0.3916389048099518 369
1761841139512 0.3915911316871643 370
1761841139595 0.39145317673683167 371
1761841139679 0.39139655232429504 372
1761841139761 0.3913155794143677 373
1761841139844 0.3912283480167389 374
1761841139928 0.391036719083786 375
1761841140013 0.39098793268203735 376
1761841140097 0.3908858299255371 377
1761841140183 0.3908180892467499 378
1761841140268 0.3907376825809479 379
1761841140351 0.3905229866504669 380
1761841140436 0.3904563784599304 381
1761841140521 0.3902727961540222 382
1761841140604 0.39028358459472656 383
1761841140688 0.3901723325252533 384
1761841140772 0.39003556966781616 385
1761841140856 0.3899490535259247 386
1761841140940 0.38985389471054077 387
1761841141023 0.38968342542648315 388
1761841141107 0.38962486386299133 389
1761841141191 0.38957470655441284 390
1761841141276 0.38953447341918945 391
1761841141360 0.38942328095436096 392
1761841141444 0.38942283391952515 393
1761841141529 0.389204204082489 394
1761841141614 0.3889964818954468 395
1761841141698 0.38891303539276123 396
1761841141782 0.3887253999710083 397
1761841141869 0.38874614238739014 398
1761841141954 0.38870811462402344 399
1761841142041 0.3887426257133484 400
