1761841109088 1.983890414237976 0
1761841109171 1.574575424194336 1
1761841109257 1.3659356832504272 2
1761841109343 1.3623558282852173 3
1761841109427 1.1241097450256348 4
1761841109508 1.0250660181045532 5
1761841109589 0.9567301869392395 6
1761841109669 0.8958383202552795 7
1761841109750 0.5007951855659485 8
1761841109831 0.8330480456352234 9
1761841109911 0.5020877122879028 10
1761841109991 0.5272007584571838 11
1761841110072 1.0719352960586548 12
1761841110153 0.17820370197296143 13
1761841110231 0.5486592650413513 14
1761841110310 0.4284205436706543 15
1761841110407 0.9526720643043518 16
1761841110489 0.5216466784477234 17
1761841110571 0.6372111439704895 18
1761841110655 0.35426580905914307 19
1761841110740 0.6773586869239807 20
1761841110822 0.7257544994354248 21
1761841110902 0.6177087426185608 22
1761841110985 0.4259498119354248 23
1761841111066 0.6079805493354797 24
1761841111147 0.3640764653682709 25
1761841111228 0.5554572939872742 26
1761841111311 0.47300395369529724 27
1761841111391 0.5206884145736694 28
1761841111472 0.3967461585998535 29
1761841111553 0.6285050511360168 30
1761841111633 0.21640360355377197 31
1761841111714 0.40011122822761536 32
1761841111794 0.1926012486219406 33
1761841111874 0.35867592692375183 34
1761841111955 0.307931512594223 35
1761841112035 0.332991361618042 36
1761841112124 0.765129029750824 37
1761841112207 0.22091855108737946 38
1761841112289 0.26823240518569946 39
1761841112370 0.1796446293592453 40
1761841112451 0.46619370579719543 41
1761841112532 0.37639084458351135 42
1761841112612 0.21137233078479767 43
1761841112692 0.7863123416900635 44
1761841112773 0.7886631488800049 45
1761841112853 0.5595488548278809 46
1761841112935 0.4482848644256592 47
1761841113017 0.58509361743927 48
1761841113100 0.4366062879562378 49
1761841113180 0.158257395029068 50
1761841113261 0.7512848377227783 51
1761841113340 0.2663843333721161 52
1761841113421 0.4310108721256256 53
1761841113503 0.19218969345092773 54
1761841113583 0.40965378284454346 55
1761841113663 0.16427357494831085 56
1761841113745 0.908571720123291 57
1761841113825 0.14624568819999695 58
1761841113906 0.23792123794555664 59
1761841113985 0.4536057412624359 60
1761841114068 0.6260654330253601 61
1761841114152 0.5567108988761902 62
1761841114235 0.4781581461429596 63
1761841114317 0.6862332820892334 64
1761841114400 0.28424322605133057 65
1761841114480 0.7984991669654846 66
1761841114561 0.3911018371582031 67
1761841114641 0.7158629298210144 68
1761841114721 0.40782830119132996 69
1761841114801 0.07020296901464462 70
1761841114882 0.25045710802078247 71
1761841114961 0.17687207460403442 72
1761841115043 0.3381657600402832 73
1761841115125 0.6501463055610657 74
1761841115206 0.8399822115898132 75
1761841115286 0.562659740447998 76
1761841115367 1.064381718635559 77
1761841115449 1.3227200508117676 78
1761841115530 0.32323524355888367 79
1761841115609 0.6172291040420532 80
1761841115690 0.08113431185483932 81
1761841115771 1.2257946729660034 82
1761841115852 0.4837801456451416 83
1761841115934 0.6394517421722412 84
1761841116013 0.19647085666656494 85
1761841116096 0.3582713305950165 86
1761841116176 0.3908456265926361 87
1761841116258 0.31188473105430603 88
1761841116336 0.0805743858218193 89
1761841116416 0.3603553771972656 90
1761841116497 0.6039157509803772 91
1761841116577 0.37443622946739197 92
1761841116657 0.32674217224121094 93
1761841116739 0.47967448830604553 94
1761841116816 0.5278483033180237 95
1761841116896 0.5455998778343201 96
1761841116976 0.5144938826560974 97
1761841117056 0.31092455983161926 98
1761841117138 0.5536702871322632 99
1761841117217 0.23712462186813354 100
1761841117295 0.0774456113576889 101
1761841117376 0.24513162672519684 102
1761841117457 0.7058002352714539 103
1761841117542 0.5740858912467957 104
1761841117624 0.6535831093788147 105
1761841117705 0.7382057309150696 106
1761841117789 0.2552466094493866 107
1761841117869 0.2579612731933594 108
1761841117950 0.3747532069683075 109
1761841118031 0.44534435868263245 110
1761841118111 0.33590221405029297 111
1761841118194 0.771345853805542 112
1761841118275 0.9099035263061523 113
1761841118357 0.33308207988739014 114
1761841118437 0.11789297312498093 115
1761841118518 0.3776010274887085 116
1761841118599 0.861668586730957 117
1761841118679 1.014494776725769 118
1761841118760 0.1588456630706787 119
1761841118843 0.22882860898971558 120
1761841118925 0.2907203137874603 121
1761841119006 0.9524087309837341 122
1761841119088 0.3586505353450775 123
1761841119169 0.2158116102218628 124
1761841119251 0.626040518283844 125
1761841119333 0.3565393388271332 126
1761841119413 0.7102489471435547 127
1761841119494 0.4257802963256836 128
1761841119573 0.3628650903701782 129
1761841119656 0.43629786372184753 130
1761841119737 0.2151975780725479 131
1761841119819 0.667079508304596 132
1761841119899 0.10444346815347672 133
1761841119980 0.7844246029853821 134
1761841120063 0.3766311705112457 135
1761841120146 0.3084160387516022 136
1761841120228 0.35452020168304443 137
1761841120310 0.13109682500362396 138
1761841120391 0.17942070960998535 139
1761841120472 0.20325513184070587 140
1761841120554 0.23067815601825714 141
1761841120636 0.6998578906059265 142
1761841120718 0.3930912911891937 143
1761841120798 1.113993525505066 144
1761841120880 0.1445719301700592 145
1761841120961 0.3834361135959625 146
1761841121042 0.07058829814195633 147
1761841121125 1.2374094724655151 148
1761841121207 0.10785502940416336 149
1761841121288 0.3040241301059723 150
1761841121371 0.47924232482910156 151
1761841121453 0.368802547454834 152
1761841121535 0.3442651033401489 153
1761841121614 0.5817113518714905 154
1761841121696 0.49413004517555237 155
1761841121778 0.5612128376960754 156
1761841121860 0.34838101267814636 157
1761841121941 0.9625099301338196 158
1761841122023 0.09837660938501358 159
1761841122107 0.5768228769302368 160
1761841122191 0.1939069777727127 161
1761841122273 0.14511246979236603 162
1761841122355 0.315054327249527 163
1761841122437 0.40484103560447693 164
1761841122518 0.6774416565895081 165
1761841122598 0.25780391693115234 166
1761841122680 0.4344377815723419 167
1761841122761 0.5818454027175903 168
1761841122843 0.35147860646247864 169
1761841122925 0.22222517430782318 170
1761841123008 0.15510089695453644 171
1761841123091 0.7878561019897461 172
1761841123174 0.43705153465270996 173
1761841123255 0.45242369174957275 174
1761841123335 0.2518519163131714 175
1761841123417 0.26839229464530945 176
1761841123496 0.653281569480896 177
1761841123578 0.283835768699646 178
1761841123660 0.3150911033153534 179
1761841123741 0.1625017672777176 180
1761841123823 0.526006281375885 181
1761841123905 0.19221000373363495 182
1761841123987 0.25724488496780396 183
1761841124071 0.5364182591438293 184
1761841124154 0.6432387232780457 185
1761841124235 0.5434985756874084 186
1761841124317 0.1842489391565323 187
1761841124399 0.33970093727111816 188
1761841124481 0.32856324315071106 189
1761841124563 0.24632298946380615 190
1761841124645 0.5263147354125977 191
1761841124727 0.17131949961185455 192
1761841124808 0.38158097863197327 193
1761841124891 0.20909489691257477 194
1761841124972 0.4555319547653198 195
1761841125053 0.05912988260388374 196
1761841125135 0.30912256240844727 197
1761841125218 0.3734372854232788 198
1761841125301 0.33077743649482727 199
1761841125383 0.08290378004312515 200
1761841125465 0.5007508397102356 201
1761841125547 0.34465262293815613 202
1761841125631 0.5054083466529846 203
1761841125716 0.4704843759536743 204
1761841125799 0.24237118661403656 205
1761841125882 0.2128058224916458 206
1761841125963 0.27303871512413025 207
1761841126045 0.3882485628128052 208
1761841126128 0.275076687335968 209
1761841126208 0.12824736535549164 210
1761841126291 0.8953892588615417 211
1761841126373 0.6058557033538818 212
1761841126456 0.9189441800117493 213
1761841126537 0.2383536845445633 214
1761841126620 0.5494229793548584 215
1761841126702 0.9339975714683533 216
1761841126784 0.27907779812812805 217
1761841126866 0.5532966256141663 218
1761841126946 0.11046525090932846 219
1761841127027 0.8023948073387146 220
1761841127110 1.1981638669967651 221
1761841127190 0.3647824823856354 222
1761841127272 0.11811652034521103 223
1761841127355 0.29532328248023987 224
1761841127435 0.17890441417694092 225
1761841127515 0.3024131655693054 226
1761841127597 0.5731675028800964 227
1761841127678 0.16237501800060272 228
1761841127760 0.4571743309497833 229
1761841127842 0.15447217226028442 230
1761841127924 0.5316809415817261 231
1761841128005 0.26741358637809753 232
1761841128089 0.16838492453098297 233
1761841128171 0.6487141251564026 234
1761841128255 0.306744784116745 235
1761841128339 0.3983425199985504 236
1761841128423 0.6438634395599365 237
1761841128506 0.24015317857265472 238
1761841128588 0.14731855690479279 239
1761841128670 0.5835869908332825 240
1761841128754 0.23564018309116364 241
1761841128841 0.20611290633678436 242
1761841128928 0.30559441447257996 243
1761841129012 0.15770088136196136 244
1761841129096 0.2686491310596466 245
1761841129179 0.23378115892410278 246
1761841129263 0.1623467057943344 247
1761841129346 0.418990820646286 248
1761841129430 0.4721813201904297 249
1761841129512 0.38820043206214905 250
1761841129594 0.9334201812744141 251
1761841129679 0.12838689982891083 252
1761841129762 0.103200763463974 253
1761841129845 0.4704664647579193 254
1761841129928 0.6650521159172058 255
1761841130011 0.61883544921875 256
1761841130096 0.18400482833385468 257
1761841130178 0.4303332269191742 258
1761841130260 0.2443164587020874 259
1761841130343 0.8134951591491699 260
1761841130426 1.2528281211853027 261
1761841130509 0.7923231720924377 262
1761841130591 0.26560983061790466 263
1761841130673 0.047538165003061295 264
1761841130755 0.09339037537574768 265
1761841130836 1.0808025598526 266
1761841130919 0.10880235582590103 267
1761841131001 0.1749633401632309 268
1761841131085 0.21207816898822784 269
1761841131169 0.2678163945674896 270
1761841131251 0.24075381457805634 271
1761841131333 0.46746543049812317 272
1761841131414 0.5124048590660095 273
1761841131499 0.549037516117096 274
1761841131582 0.1706693172454834 275
1761841131665 0.3180321156978607 276
1761841131749 0.07798018306493759 277
1761841131832 0.18017826974391937 278
1761841131914 0.7535611987113953 279
1761841131997 0.4099504053592682 280
1761841132081 0.9278563857078552 281
1761841132168 0.39894357323646545 282
1761841132254 0.44183751940727234 283
1761841132337 0.5489473342895508 284
1761841132419 0.35582074522972107 285
1761841132503 0.5549753308296204 286
1761841132587 0.12594099342823029 287
1761841132670 0.47214367985725403 288
1761841132754 1.0003911256790161 289
1761841132837 0.5110865235328674 290
1761841132921 0.3587367534637451 291
1761841133005 0.8344578146934509 292
1761841133089 0.7432007789611816 293
1761841133173 0.14356939494609833 294
1761841133255 0.15610843896865845 295
1761841133340 0.2528172433376312 296
1761841133424 0.4445096552371979 297
1761841133508 0.1368711292743683 298
1761841133591 0.3164953887462616 299
1761841133675 0.23053692281246185 300
1761841133757 0.7103486061096191 301
1761841133839 0.2878797948360443 302
1761841133926 0.284158319234848 303
1761841134010 0.5062360167503357 304
1761841134093 0.2870320975780487 305
1761841134177 0.3901551067829132 306
1761841134260 0.27344992756843567 307
1761841134340 1.4517391920089722 308
1761841134422 0.04778618738055229 309
1761841134505 0.14486578106880188 310
1761841134587 0.7249217629432678 311
1761841134669 0.2905327379703522 312
1761841134753 0.13861079514026642 313
1761841134834 0.46257010102272034 314
1761841134917 0.34850063920021057 315
1761841134998 0.4074014723300934 316
1761841135082 0.3485129773616791 317
1761841135167 0.5905682444572449 318
1761841135250 0.5360418558120728 319
1761841135334 0.8213933110237122 320
1761841135417 0.7851770520210266 321
1761841135498 0.18712975084781647 322
1761841135578 0.44577720761299133 323
1761841135657 0.13026951253414154 324
1761841135742 0.24240122735500336 325
1761841135828 0.20170508325099945 326
1761841135912 0.21668176352977753 327
1761841135996 0.21653211116790771 328
1761841136079 0.3137221038341522 329
1761841136163 0.6374711394309998 330
1761841136246 0.49872085452079773 331
1761841136329 0.20021899044513702 332
1761841136412 0.610653817653656 333
1761841136495 0.2644358277320862 334
1761841136576 1.3143672943115234 335
1761841136659 0.13435737788677216 336
1761841136742 0.7384702563285828 337
1761841136826 0.3024872839450836 338
1761841136909 0.5251941084861755 339
1761841136993 0.21419937908649445 340
1761841137076 0.29238978028297424 341
1761841137161 0.5143968462944031 342
1761841137245 0.3152543604373932 343
1761841137329 0.6525537371635437 344
1761841137414 0.0735153928399086 345
1761841137499 0.46444928646087646 346
1761841137582 0.34137657284736633 347
1761841137667 0.18348322808742523 348
1761841137750 0.8209788799285889 349
1761841137834 0.8666588664054871 350
1761841137918 0.35117068886756897 351
1761841138002 0.3922218978404999 352
1761841138086 1.0589603185653687 353
1761841138171 0.7268074154853821 354
1761841138255 0.4892270565032959 355
1761841138337 0.12241389602422714 356
1761841138422 0.38228487968444824 357
1761841138505 0.16206680238246918 358
1761841138589 0.26787278056144714 359
1761841138673 0.7261434197425842 360
1761841138757 0.38425275683403015 361
1761841138842 0.7260811924934387 362
1761841138926 0.5167867541313171 363
1761841139008 0.6837922930717468 364
1761841139093 0.31389251351356506 365
1761841139176 0.32702890038490295 366
1761841139260 0.257983922958374 367
1761841139345 0.7153110504150391 368
1761841139429 0.3778176009654999 369
1761841139512 0.16202227771282196 370
1761841139595 0.6803504824638367 371
1761841139679 0.2877257764339447 372
1761841139761 0.2513442039489746 373
1761841139844 0.7650759816169739 374
1761841139928 0.26422882080078125 375
1761841140013 0.8500382304191589 376
1761841140097 0.6106567978858948 377
1761841140183 1.3012217283248901 378
1761841140268 0.2031296044588089 379
1761841140351 0.3391127288341522 380
1761841140436 0.32630693912506104 381
1761841140521 0.3058924973011017 382
1761841140604 0.599977433681488 383
1761841140688 0.16814236342906952 384
1761841140772 0.29135462641716003 385
1761841140856 0.5026593804359436 386
1761841140940 0.09185703843832016 387
1761841141023 0.2730666995048523 388
1761841141107 0.22452665865421295 389
1761841141191 1.1076396703720093 390
1761841141276 0.15914501249790192 391
1761841141360 0.40033063292503357 392
1761841141444 0.10532227903604507 393
1761841141529 0.1610468477010727 394
1761841141614 0.2541748583316803 395
1761841141698 0.4433025121688843 396
1761841141782 0.530199408531189 397
1761841141869 0.19311857223510742 398
1761841141954 0.39549651741981506 399
1761841142041 0.7494490742683411 400
