1762798878009 1.7718853950500488 0
1762798878105 1.5330201387405396 1
1762798878198 1.4001384973526 2
1762798878290 1.309512972831726 3
1762798878385 1.2473012208938599 4
1762798878478 1.1918261051177979 5
1762798878571 1.140275478363037 6
1762798878664 1.1004443168640137 7
1762798878758 1.060444712638855 8
1762798878854 1.0265706777572632 9
1762798878948 1.0000176429748535 10
1762798879040 0.9735562205314636 11
1762798879135 0.9481281042098999 12
1762798879230 0.9303464293479919 13
1762798879324 0.913847029209137 14
1762798879416 0.8924134969711304 15
1762798879510 0.8774089217185974 16
1762798879606 0.8575243353843689 17
1762798879697 0.8403263092041016 18
1762798879789 0.8250971436500549 19
1762798879883 0.8118864893913269 20
1762798879977 0.8031740784645081 21
1762798880069 0.7914255857467651 22
1762798880162 0.7802340984344482 23
1762798880252 0.7669091820716858 24
