1762798878009 1.6844654083251953 0
1762798878105 1.3190009593963623 1
1762798878198 1.206761121749878 2
1762798878290 1.0787632465362549 3
1762798878385 0.643598735332489 4
1762798878478 1.0191380977630615 5
1762798878571 0.6273907423019409 6
1762798878664 0.7926343083381653 7
1762798878758 1.556634545326233 8
1762798878854 1.1861441135406494 9
1762798878948 0.6283411383628845 10
1762798879040 0.7224395871162415 11
1762798879135 0.7304573655128479 12
1762798879230 0.6343377828598022 13
1762798879324 0.9278388023376465 14
1762798879416 0.3598005175590515 15
1762798879510 0.6955653429031372 16
1762798879606 0.6586152911186218 17
1762798879697 0.6132744550704956 18
1762798879789 0.4228244721889496 19
1762798879883 0.4507083594799042 20
1762798879977 1.4154374599456787 21
1762798880069 0.2509841322898865 22
1762798880162 0.7426497340202332 23
1762798880252 0.2533596158027649 24
