1762792612845 1.7142071723937988 0
1762792612939 1.5195248126983643 1
1762792613034 1.421830415725708 2
1762792613126 1.3322442770004272 3
1762792613219 1.2815849781036377 4
1762792613312 1.2309789657592773 5
1762792613407 1.1786434650421143 6
1762792613500 1.1372535228729248 7
1762792613594 1.0944244861602783 8
1762792613693 1.0684731006622314 9
1762792613788 1.0443283319473267 10
1762792613882 1.0210838317871094 11
1762792613976 0.9901586771011353 12
1762792614072 0.9687191247940063 13
1762792614165 0.9501410126686096 14
1762792614260 0.9288041591644287 15
1762792614355 0.9101412892341614 16
1762792614444 0.8909977078437805 17
1762792614535 0.8782784342765808 18
1762792614626 0.862819492816925 19
1762792614718 0.8511062860488892 20
