1762792612845 2.106421709060669 0
1762792612939 1.1023640632629395 1
1762792613034 1.5776841640472412 2
1762792613126 1.3561174869537354 3
1762792613219 1.3955172300338745 4
1762792613312 0.9499879479408264 5
1762792613407 0.8902791738510132 6
1762792613500 0.8165331482887268 7
1762792613594 0.5912961959838867 8
1762792613693 1.5541269779205322 9
1762792613788 0.951242208480835 10
1762792613882 0.7564523220062256 11
1762792613976 1.0313206911087036 12
1762792614072 0.831667423248291 13
1762792614165 0.48622432351112366 14
1762792614260 0.689775288105011 15
1762792614355 0.6008197665214539 16
1762792614444 0.39434459805488586 17
1762792614535 1.0327732563018799 18
1762792614626 0.46540677547454834 19
1762792614718 0.3485856354236603 20
