1761837921337 1.6433769464492798 0
1761837921378 1.2940716743469238 1
1761837921413 1.112895131111145 2
1761837921447 1.0043147802352905 3
1761837921486 0.9111524820327759 4
1761837921521 0.8457013964653015 5
1761837921557 0.7966489195823669 6
1761837921593 0.7494620084762573 7
1761837921627 0.718130350112915 8
1761837921659 0.6897067427635193 9
1761837921693 0.6503521203994751 10
1761837921726 0.6170053482055664 11
1761837921759 0.5948222279548645 12
1761837921792 0.5754534006118774 13
1761837921825 0.5518786311149597 14
