1761837921337 0.8741936087608337 0
1761837921378 1.4945074319839478 1
1761837921413 0.2929476797580719 2
1761837921447 0.4788806438446045 3
1761837921486 1.0120596885681152 4
1761837921521 0.16602468490600586 5
1761837921557 0.4111229181289673 6
1761837921593 1.4030768871307373 7
1761837921627 1.146663784980774 8
1761837921659 1.2872344255447388 9
1761837921693 0.6200442314147949 10
1761837921726 0.09209486097097397 11
1761837921759 0.5400041341781616 12
1761837921792 1.0498658418655396 13
1761837921825 0.2181628793478012 14
