1762792701381 1.785406231880188 0
1762792701477 1.5421562194824219 1
1762792701571 1.4090461730957031 2
1762792701662 1.3133502006530762 3
1762792701751 1.2440807819366455 4
1762792701841 1.185694932937622 5
1762792701934 1.137445092201233 6
1762792702028 1.0913596153259277 7
1762792702121 1.0616812705993652 8
1762792702213 1.0288398265838623 9
1762792702304 0.9933387637138367 10
1762792702395 0.9723727703094482 11
1762792702483 0.9525722861289978 12
1762792702575 0.9304685592651367 13
1762792702666 0.9097101092338562 14
1762792702756 0.888060450553894 15
1762792702847 0.870872437953949 16
1762792702935 0.8543034791946411 17
1762792703025 0.8363848924636841 18
1762792703120 0.8202499151229858 19
1762792703216 0.8071990609169006 20
1762792703310 0.7947617173194885 21
1762792703406 0.7836594581604004 22
1762792703498 0.7732229232788086 23
