1762792701381 1.8093711137771606 0
1762792701477 1.4352149963378906 1
1762792701571 1.32362699508667 2
1762792701662 0.9185358881950378 3
1762792701751 0.9696525931358337 4
1762792701841 1.0166410207748413 5
1762792701934 1.1019612550735474 6
1762792702028 0.8753887414932251 7
1762792702121 0.7579746246337891 8
1762792702213 0.44547104835510254 9
1762792702304 0.34172773361206055 10
1762792702395 1.0057339668273926 11
1762792702483 0.27201902866363525 12
1762792702575 1.0791429281234741 13
1762792702666 0.9246772527694702 14
1762792702756 0.4672248959541321 15
1762792702847 0.7794731855392456 16
1762792702935 1.1048901081085205 17
1762792703025 0.2669752240180969 18
1762792703120 0.5968303680419922 19
1762792703216 0.5416355729103088 20
1762792703310 0.4327445924282074 21
1762792703406 0.8111302256584167 22
1762792703498 0.24683767557144165 23
