1761837341623 2.015638589859009 0
1761837341786 1.8413234949111938 1
1761837341947 1.7374463081359863 2
1761837342111 1.6859846115112305 3
1761837342275 1.6244875192642212 4
1761837342436 1.5674176216125488 5
1761837342598 1.5158653259277344 6
1761837342764 1.4874191284179688 7
1761837342929 1.4532086849212646 8
1761837343091 1.4250391721725464 9
1761837343255 1.398882269859314 10
1761837343422 1.3747334480285645 11
1761837343592 1.3498940467834473 12
1761837343756 1.3263964653015137 13
1761837343925 1.3027496337890625 14
1761837344088 1.2833954095840454 15
1761837344270 1.2649770975112915 16
1761837344442 1.2485589981079102 17
1761837344607 1.229051113128662 18
1761837344778 1.2142471075057983 19
1761837344940 1.2034989595413208 20
1761837345101 1.1933048963546753 21
1761837345263 1.1813359260559082 22
1761837345425 1.1656748056411743 23
1761837345596 1.153971552848816 24
1761837345761 1.1381924152374268 25
1761837345926 1.1229602098464966 26
1761837346088 1.1078654527664185 27
1761837346253 1.098455786705017 28
1761837346418 1.0862945318222046 29
1761837346600 1.071569800376892 30
1761837346762 1.0581045150756836 31
1761837346923 1.0475132465362549 32
1761837347083 1.0377453565597534 33
1761837347249 1.0270534753799438 34
1761837347415 1.0150587558746338 35
1761837347579 1.0042409896850586 36
1761837347741 0.9944304823875427 37
1761837347903 0.9843144416809082 38
1761837348075 0.9767795205116272 39
1761837348247 0.9686480760574341 40
1761837348409 0.9604641199111938 41
1761837348573 0.9535903930664062 42
1761837348742 0.9480648636817932 43
1761837348909 0.940737783908844 44
1761837349076 0.9334943890571594 45
1761837349240 0.9265170097351074 46
1761837349401 0.9194269776344299 47
1761837349562 0.9122148156166077 48
1761837349731 0.9062529802322388 49
1761837349895 0.9002720713615417 50
1761837350057 0.8954528570175171 51
1761837350222 0.8898200988769531 52
1761837350384 0.8830458521842957 53
1761837350560 0.8780530095100403 54
1761837350740 0.8737719655036926 55
1761837350913 0.8694271445274353 56
1761837351111 0.8652323484420776 57
1761837351288 0.8605851531028748 58
1761837351461 0.8564123511314392 59
1761837351672 0.8525986671447754 60
1761837351847 0.8477486371994019 61
1761837352012 0.8430016040802002 62
1761837352179 0.8390278816223145 63
1761837352362 0.8347397446632385 64
1761837352529 0.8308236002922058 65
1761837352691 0.8269681334495544 66
1761837352853 0.8238601088523865 67
1761837353017 0.8207065463066101 68
1761837353182 0.8185846209526062 69
1761837353346 0.815703809261322 70
1761837353508 0.8132686614990234 71
1761837353672 0.8108346462249756 72
1761837353838 0.8080986142158508 73
1761837354003 0.805378794670105 74
1761837354170 0.8024890422821045 75
1761837354340 0.800000011920929 76
1761837354507 0.7973362803459167 77
1761837354670 0.7943693399429321 78
1761837354834 0.791375994682312 79
1761837355003 0.7897068858146667 80
1761837355174 0.7872223854064941 81
1761837355343 0.7852270603179932 82
1761837355516 0.7830632925033569 83
1761837355681 0.781974732875824 84
1761837355843 0.7799941897392273 85
1761837356007 0.7778964042663574 86
1761837356173 0.7768172025680542 87
1761837356335 0.7742539048194885 88
1761837356500 0.7724850177764893 89
1761837356668 0.7708144783973694 90
1761837356834 0.7691630721092224 91
1761837357000 0.7668880224227905 92
1761837357164 0.7653064727783203 93
1761837357330 0.7640485167503357 94
1761837357493 0.7636308073997498 95
1761837357658 0.7617586255073547 96
1761837357824 0.7600272297859192 97
1761837357993 0.7581243515014648 98
1761837358165 0.7560375928878784 99
1761837358333 0.7545532584190369 100
1761837358499 0.7530975937843323 101
1761837358666 0.7518426179885864 102
1761837358829 0.7502478361129761 103
1761837358991 0.7491532564163208 104
1761837359152 0.7476292252540588 105
1761837359314 0.7463704943656921 106
1761837359478 0.7455219030380249 107
1761837359640 0.7448562979698181 108
1761837359802 0.7435169816017151 109
1761837359966 0.7425037622451782 110
1761837360144 0.7420027256011963 111
1761837360306 0.7403658032417297 112
1761837360471 0.7390416264533997 113
1761837360633 0.7382310032844543 114
1761837360795 0.737578809261322 115
1761837360959 0.7359592914581299 116
1761837361119 0.7347747683525085 117
1761837361283 0.733893871307373 118
1761837361449 0.7322232723236084 119
1761837361614 0.731054961681366 120
1761837361779 0.7302072048187256 121
1761837361944 0.7286539673805237 122
1761837362108 0.7275373339653015 123
1761837362271 0.726499080657959 124
1761837362436 0.7256121635437012 125
1761837362600 0.7245184183120728 126
1761837362766 0.7232639193534851 127
1761837362928 0.7225748896598816 128
1761837363090 0.7218359112739563 129
1761837363255 0.7211097478866577 130
1761837363421 0.7200106978416443 131
1761837363583 0.7190099358558655 132
1761837363748 0.7177724242210388 133
1761837363910 0.7164179682731628 134
1761837364075 0.7158947587013245 135
1761837364240 0.7149487733840942 136
1761837364404 0.7137799859046936 137
1761837364569 0.7133338451385498 138
1761837364733 0.7127141952514648 139
1761837364902 0.7120779156684875 140
1761837365070 0.7112686038017273 141
1761837365235 0.7106135487556458 142
1761837365399 0.7101226449012756 143
1761837365564 0.7095955014228821 144
1761837365729 0.7090950012207031 145
1761837365894 0.7085003852844238 146
1761837366058 0.7076402902603149 147
1761837366222 0.7071038484573364 148
1761837366384 0.7063546776771545 149
1761837366547 0.7057724595069885 150
1761837366713 0.7051387429237366 151
1761837366876 0.7042281031608582 152
1761837367039 0.703842043876648 153
1761837367206 0.7036187648773193 154
1761837367370 0.703009843826294 155
1761837367535 0.7026392817497253 156
1761837367699 0.70212721824646 157
1761837367863 0.7019947171211243 158
1761837368028 0.701362669467926 159
1761837368194 0.7010101675987244 160
1761837368357 0.7002054452896118 161
1761837368522 0.6996890306472778 162
1761837368689 0.6994260549545288 163
1761837368854 0.6989305019378662 164
1761837369018 0.6982010006904602 165
1761837369183 0.6977642774581909 166
1761837369345 0.697320282459259 167
1761837369514 0.6966007351875305 168
1761837369679 0.6965108513832092 169
1761837369844 0.6964185833930969 170
1761837370010 0.6964844465255737 171
1761837370174 0.696095883846283 172
1761837370335 0.6955451369285583 173
1761837370499 0.6955448985099792 174
1761837370663 0.6951943039894104 175
1761837370827 0.6946557760238647 176
1761837370992 0.6945314407348633 177
1761837371159 0.6940367221832275 178
1761837371322 0.6932864189147949 179
1761837371486 0.6928969621658325 180
1761837371652 0.6923413276672363 181
1761837371817 0.6920180320739746 182
1761837371981 0.6915867924690247 183
1761837372147 0.6913238167762756 184
1761837372310 0.6910526156425476 185
1761837372474 0.6903793811798096 186
1761837372640 0.6899351477622986 187
1761837372804 0.6894873380661011 188
1761837372971 0.6894055008888245 189
1761837373135 0.68888920545578 190
1761837373301 0.6885167360305786 191
1761837373465 0.6878117918968201 192
1761837373630 0.6872050166130066 193
1761837373796 0.6872205138206482 194
1761837373961 0.6867995858192444 195
1761837374127 0.6863358616828918 196
1761837374293 0.6862003803253174 197
1761837374460 0.6859221458435059 198
1761837374625 0.6856683492660522 199
1761837374790 0.685420572757721 200
1761837374956 0.6850210428237915 201
1761837375114 0.6849271059036255 202
1761837375277 0.6844928860664368 203
1761837375441 0.6842043995857239 204
1761837375608 0.68345046043396 205
1761837375773 0.6830035448074341 206
1761837375937 0.6825911998748779 207
1761837376105 0.6819576025009155 208
1761837376269 0.6818053722381592 209
1761837376435 0.6812682747840881 210
1761837376601 0.680891215801239 211
1761837376766 0.6806622743606567 212
1761837376933 0.6806790232658386 213
1761837377099 0.6804264783859253 214
1761837377265 0.6802256107330322 215
1761837377430 0.6798110008239746 216
1761837377600 0.6794880032539368 217
1761837377765 0.6790614724159241 218
1761837377932 0.6788003444671631 219
1761837378096 0.6783883571624756 220
1761837378262 0.6780675649642944 221
1761837378428 0.6776902079582214 222
1761837378597 0.6776068210601807 223
1761837378764 0.6774240136146545 224
1761837378931 0.6772148609161377 225
1761837379096 0.6773045659065247 226
1761837379282 0.6771530508995056 227
1761837379455 0.6768836379051208 228
1761837379617 0.6767650246620178 229
1761837379783 0.6765035390853882 230
1761837379951 0.6758134961128235 231
1761837380118 0.6757347583770752 232
1761837380284 0.6754501461982727 233
1761837380449 0.67531818151474 234
1761837380615 0.6749670505523682 235
1761837380780 0.6746025681495667 236
1761837380947 0.6741269826889038 237
1761837381114 0.6741014122962952 238
1761837381280 0.6737131476402283 239
1761837381446 0.673567533493042 240
1761837381613 0.6733294129371643 241
1761837381778 0.6732437610626221 242
1761837381943 0.6730461120605469 243
1761837382109 0.6732874512672424 244
1761837382275 0.6731292009353638 245
1761837382439 0.6728367805480957 246
1761837382605 0.672778844833374 247
1761837382770 0.6726122498512268 248
1761837382934 0.6723907589912415 249
1761837383097 0.6720554232597351 250
1761837383263 0.6717828512191772 251
1761837383429 0.67158442735672 252
1761837383594 0.6714440584182739 253
1761837383758 0.6714798808097839 254
1761837383920 0.6712588667869568 255
1761837384087 0.6713670492172241 256
1761837384253 0.6709963083267212 257
1761837384418 0.6710246205329895 258
1761837384584 0.6710309386253357 259
1761837384749 0.6707262396812439 260
1761837384938 0.670263946056366 261
1761837385108 0.6698242425918579 262
1761837385271 0.6693846583366394 263
1761837385435 0.6691664457321167 264
1761837385598 0.6688808798789978 265
1761837385765 0.6687612533569336 266
1761837385930 0.6686043739318848 267
1761837386097 0.6684439182281494 268
1761837386262 0.668326735496521 269
1761837386427 0.6679933071136475 270
1761837386592 0.6680961847305298 271
1761837386757 0.6678676009178162 272
1761837386923 0.6675551533699036 273
1761837387089 0.6673786640167236 274
1761837387256 0.6672852039337158 275
1761837387421 0.6671778559684753 276
1761837387588 0.6668290495872498 277
1761837387756 0.6667459607124329 278
1761837387923 0.6664437055587769 279
1761837388088 0.6661796569824219 280
1761837388253 0.6661434173583984 281
1761837388422 0.6663065552711487 282
1761837388588 0.6662238240242004 283
1761837388752 0.6660442352294922 284
1761837388918 0.6658636927604675 285
1761837389083 0.6656946539878845 286
1761837389248 0.6654512882232666 287
1761837389416 0.6654012203216553 288
1761837389582 0.6654722690582275 289
1761837389749 0.6649914383888245 290
1761837389916 0.6648346781730652 291
1761837390083 0.6643709540367126 292
1761837390250 0.6644777059555054 293
1761837390417 0.6643665432929993 294
1761837390583 0.6641378402709961 295
1761837390750 0.6641176342964172 296
1761837390916 0.6638961434364319 297
1761837391084 0.6638526916503906 298
1761837391250 0.6637272834777832 299
1761837391415 0.6636518836021423 300
1761837391581 0.663544237613678 301
1761837391746 0.663454532623291 302
1761837391912 0.6631797552108765 303
1761837392077 0.6628291010856628 304
1761837392242 0.6627347469329834 305
1761837392410 0.6624569892883301 306
1761837392576 0.662204921245575 307
1761837392743 0.6620948910713196 308
1761837392903 0.661872386932373 309
1761837393071 0.6617621779441833 310
1761837393234 0.6616151928901672 311
1761837393398 0.661611795425415 312
1761837393564 0.6614670157432556 313
1761837393732 0.6613470315933228 314
1761837393899 0.6610008478164673 315
1761837394067 0.660783588886261 316
1761837394234 0.6606976985931396 317
1761837394402 0.6607249975204468 318
1761837394570 0.6607086062431335 319
1761837394737 0.6605686545372009 320
1761837394904 0.6606820225715637 321
1761837395071 0.660660445690155 322
1761837395234 0.6604169011116028 323
1761837395401 0.660260796546936 324
1761837395567 0.6601849794387817 325
1761837395733 0.660355269908905 326
1761837395900 0.6599653363227844 327
1761837396069 0.659821629524231 328
1761837396236 0.6597413420677185 329
1761837396405 0.659621000289917 330
1761837396573 0.6594196557998657 331
1761837396742 0.6592534184455872 332
1761837396909 0.6593009233474731 333
1761837397076 0.659142255783081 334
1761837397243 0.6588688492774963 335
1761837397408 0.658616840839386 336
1761837397575 0.6584678888320923 337
1761837397744 0.6582610607147217 338
1761837397911 0.6579980850219727 339
1761837398078 0.6578752398490906 340
1761837398247 0.6576661467552185 341
1761837398414 0.657511293888092 342
1761837398582 0.6574241518974304 343
1761837398749 0.657345175743103 344
1761837398917 0.6573343873023987 345
1761837399084 0.6572248339653015 346
1761837399252 0.6572445631027222 347
1761837399419 0.6571936011314392 348
1761837399585 0.6571847200393677 349
1761837399751 0.6570228934288025 350
1761837399918 0.6568518280982971 351
1761837400085 0.6566300392150879 352
1761837400250 0.6566322445869446 353
1761837400418 0.6565021276473999 354
1761837400580 0.6562466621398926 355
1761837400747 0.6561156511306763 356
1761837400914 0.655952513217926 357
1761837401081 0.6560975313186646 358
1761837401249 0.656012237071991 359
1761837401416 0.6557971835136414 360
1761837401582 0.6554188132286072 361
1761837401752 0.6551687121391296 362
1761837401921 0.6551095247268677 363
1761837402092 0.6551313400268555 364
1761837402261 0.6549485921859741 365
1761837402426 0.6548563838005066 366
1761837402590 0.6547366976737976 367
1761837402758 0.6546478867530823 368
1761837402924 0.6545568108558655 369
1761837403091 0.6545321345329285 370
1761837403257 0.6543318033218384 371
1761837403423 0.6543409824371338 372
1761837403591 0.6541242003440857 373
1761837403758 0.6540737152099609 374
1761837403924 0.6539925932884216 375
1761837404092 0.6540345549583435 376
1761837404259 0.6538832187652588 377
1761837404426 0.6537836790084839 378
1761837404592 0.653830885887146 379
1761837404755 0.6534925103187561 380
1761837404923 0.6532697677612305 381
1761837405089 0.6529709100723267 382
1761837405257 0.6527829170227051 383
1761837405424 0.6526516079902649 384
1761837405593 0.6524774432182312 385
1761837405761 0.6524298191070557 386
1761837405929 0.6523576378822327 387
1761837406098 0.6524043679237366 388
1761837406263 0.6525738835334778 389
1761837406434 0.652472734451294 390
1761837406604 0.6522585153579712 391
1761837406773 0.6521106362342834 392
1761837406943 0.6519579887390137 393
1761837407110 0.6519070863723755 394
1761837407279 0.6517555713653564 395
1761837407447 0.6517340540885925 396
1761837407617 0.651731550693512 397
1761837407782 0.6518223881721497 398
1761837407952 0.6517502069473267 399
1761837408119 0.6517571210861206 400
