1761837341623 1.6361384391784668 0
1761837341786 1.4154014587402344 1
1761837341947 1.7601487636566162 2
1761837342111 1.7362951040267944 3
1761837342275 1.9065757989883423 4
1761837342436 0.8869566321372986 5
1761837342598 1.201964020729065 6
1761837342764 1.0928821563720703 7
1761837342929 1.0371373891830444 8
1761837343091 1.4871587753295898 9
1761837343255 1.634100079536438 10
1761837343422 1.147438645362854 11
1761837343592 1.313413143157959 12
1761837343756 1.0570745468139648 13
1761837343925 1.3402906656265259 14
1761837344088 0.9969207048416138 15
1761837344270 1.909855604171753 16
1761837344442 0.5179237127304077 17
1761837344607 1.681353211402893 18
1761837344778 1.6997003555297852 19
1761837344940 0.7780316472053528 20
1761837345101 1.5774497985839844 21
1761837345263 0.6799902319908142 22
1761837345425 0.8071954846382141 23
1761837345596 1.102726697921753 24
1761837345761 0.45795008540153503 25
1761837345926 0.8890560865402222 26
1761837346088 0.4823417067527771 27
1761837346253 0.970078706741333 28
1761837346418 0.8386284112930298 29
1761837346600 1.3795675039291382 30
1761837346762 0.5025023221969604 31
1761837346923 0.7739012241363525 32
1761837347083 1.0048112869262695 33
1761837347249 1.8386629819869995 34
1761837347415 1.1670000553131104 35
1761837347579 0.5722435712814331 36
1761837347741 0.5824257135391235 37
1761837347903 0.4920896887779236 38
1761837348075 1.6585805416107178 39
1761837348247 0.6543298363685608 40
1761837348409 1.1790645122528076 41
1761837348573 0.3736462891101837 42
1761837348742 1.867356538772583 43
1761837348909 0.8696234226226807 44
1761837349076 0.4148392379283905 45
1761837349240 1.188923716545105 46
1761837349401 0.11318625509738922 47
1761837349562 0.6110096573829651 48
1761837349731 2.387572765350342 49
1761837349895 0.43419361114501953 50
1761837350057 0.7452244162559509 51
1761837350222 0.37407612800598145 52
1761837350384 0.552764892578125 53
1761837350560 1.3400120735168457 54
1761837350740 1.032618761062622 55
1761837350913 1.196815013885498 56
1761837351111 0.5616621971130371 57
1761837351288 0.791006326675415 58
1761837351461 0.6462961435317993 59
1761837351672 1.5797609090805054 60
1761837351847 0.4647623896598816 61
1761837352012 0.5972021222114563 62
1761837352179 1.331903338432312 63
1761837352362 1.1218860149383545 64
1761837352529 0.437975138425827 65
1761837352691 0.8367741107940674 66
1761837352853 1.3940784931182861 67
1761837353017 0.4121722877025604 68
1761837353182 1.170601487159729 69
1761837353346 0.2816883623600006 70
1761837353508 0.7957636117935181 71
1761837353672 1.407436490058899 72
1761837353838 0.6779026985168457 73
1761837354003 1.4082252979278564 74
1761837354170 0.6353920102119446 75
1761837354340 0.3237956166267395 76
1761837354507 0.8832522034645081 77
1761837354670 1.0174317359924316 78
1761837354834 0.5044794082641602 79
1761837355003 1.3515406847000122 80
1761837355174 1.0629703998565674 81
1761837355343 0.28893932700157166 82
1761837355516 1.3046413660049438 83
1761837355681 1.6467097997665405 84
1761837355843 0.39271265268325806 85
1761837356007 1.654184103012085 86
1761837356173 2.5251264572143555 87
1761837356335 1.2080734968185425 88
1761837356500 1.21959388256073 89
1761837356668 0.6818906664848328 90
1761837356834 1.2010990381240845 91
1761837357000 0.67360520362854 92
1761837357164 0.35737478733062744 93
1761837357330 0.1730688363313675 94
1761837357493 1.7689034938812256 95
1761837357658 0.2962660789489746 96
1761837357824 1.5128809213638306 97
1761837357993 0.9788734316825867 98
1761837358165 0.5727856755256653 99
1761837358333 1.160366177558899 100
1761837358499 0.8803130984306335 101
1761837358666 0.9289941787719727 102
1761837358829 1.0681442022323608 103
1761837358991 0.33359259366989136 104
1761837359152 0.6447518467903137 105
1761837359314 1.3856191635131836 106
1761837359478 0.9871620535850525 107
1761837359640 0.989227831363678 108
1761837359802 0.7282232642173767 109
1761837359966 0.30104199051856995 110
1761837360144 1.408054232597351 111
1761837360306 0.4941282272338867 112
1761837360471 0.6555792093276978 113
1761837360633 0.3117590546607971 114
1761837360795 1.4298924207687378 115
1761837360959 0.3298501670360565 116
1761837361119 0.8423657417297363 117
1761837361283 0.7847352027893066 118
1761837361449 0.8504245281219482 119
1761837361614 1.1331125497817993 120
1761837361779 0.5723004341125488 121
1761837361944 0.3873398005962372 122
1761837362108 0.5475127100944519 123
1761837362271 0.6825430393218994 124
1761837362436 1.3606250286102295 125
1761837362600 1.0990445613861084 126
1761837362766 0.29887381196022034 127
1761837362928 0.313711941242218 128
1761837363090 1.3561384677886963 129
1761837363255 0.5692809224128723 130
1761837363421 0.7307298183441162 131
1761837363583 1.8362423181533813 132
1761837363748 0.871438205242157 133
1761837363910 0.7111111879348755 134
1761837364075 0.8247373104095459 135
1761837364240 0.8493310809135437 136
1761837364404 1.1057476997375488 137
1761837364569 1.1514341831207275 138
1761837364733 0.16396692395210266 139
1761837364902 0.7137511372566223 140
1761837365070 0.6155505180358887 141
1761837365235 0.5430110692977905 142
1761837365399 1.6482902765274048 143
1761837365564 0.6995689272880554 144
1761837365729 0.8485283851623535 145
1761837365894 0.950785756111145 146
1761837366058 1.0724886655807495 147
1761837366222 0.37127140164375305 148
1761837366384 2.372556686401367 149
1761837366547 0.8716644048690796 150
1761837366713 0.48067155480384827 151
1761837366876 0.1992737203836441 152
1761837367039 0.5851293802261353 153
1761837367206 1.7502461671829224 154
1761837367370 1.0776264667510986 155
1761837367535 1.481249213218689 156
1761837367699 0.5823875069618225 157
1761837367863 1.6656980514526367 158
1761837368028 1.0541532039642334 159
1761837368194 1.6307333707809448 160
1761837368357 0.7147889137268066 161
1761837368522 0.6692268252372742 162
1761837368689 0.9239004850387573 163
1761837368854 1.2419523000717163 164
1761837369018 0.6213788390159607 165
1761837369183 1.0988649129867554 166
1761837369345 0.26416149735450745 167
1761837369514 0.5783385038375854 168
1761837369679 1.427344560623169 169
1761837369844 2.2366137504577637 170
1761837370010 2.011073350906372 171
1761837370174 1.4083846807479858 172
1761837370335 1.8900617361068726 173
1761837370499 1.2602232694625854 174
1761837370663 1.4267842769622803 175
1761837370827 0.8597850203514099 176
1761837370992 1.329869031906128 177
1761837371159 0.9288589954376221 178
1761837371322 1.3530510663986206 179
1761837371486 0.783860981464386 180
1761837371652 0.5199995040893555 181
1761837371817 0.7470598816871643 182
1761837371981 0.8750685453414917 183
1761837372147 0.9602763056755066 184
1761837372310 1.330437183380127 185
1761837372474 0.6071540117263794 186
1761837372640 1.1630370616912842 187
1761837372804 0.5883369445800781 188
1761837372971 0.8298367261886597 189
1761837373135 1.049025058746338 190
1761837373301 1.4654464721679688 191
1761837373465 0.3345670700073242 192
1761837373630 1.3902291059494019 193
1761837373796 1.951535940170288 194
1761837373961 1.1956104040145874 195
1761837374127 0.22320598363876343 196
1761837374293 0.5531948804855347 197
1761837374460 0.4914728105068207 198
1761837374625 0.4576297700405121 199
1761837374790 0.7666031122207642 200
1761837374956 0.6581010222434998 201
1761837375114 1.4704073667526245 202
1761837375277 0.42133578658103943 203
1761837375441 0.4004783630371094 204
1761837375608 0.5388944745063782 205
1761837375773 1.0815045833587646 206
1761837375937 0.6803526878356934 207
1761837376105 0.8858675360679626 208
1761837376269 0.6455715894699097 209
1761837376435 0.5958778262138367 210
1761837376601 0.5559587478637695 211
1761837376766 0.2889401912689209 212
1761837376933 1.356329321861267 213
1761837377099 0.6614140868186951 214
1761837377265 1.2487772703170776 215
1761837377430 0.3216188848018646 216
1761837377600 1.0103733539581299 217
1761837377765 1.4356350898742676 218
1761837377932 0.7385324239730835 219
1761837378096 0.420843243598938 220
1761837378262 0.6412002444267273 221
1761837378428 1.1475359201431274 222
1761837378597 2.574165105819702 223
1761837378764 2.177868366241455 224
1761837378931 1.2305257320404053 225
1761837379096 2.296931266784668 226
1761837379282 1.0117392539978027 227
1761837379455 1.0002241134643555 228
1761837379617 2.4672770500183105 229
1761837379783 0.7568990588188171 230
1761837379951 0.8349812030792236 231
1761837380118 0.17130856215953827 232
1761837380284 0.13225135207176208 233
1761837380449 1.3276715278625488 234
1761837380615 0.4897090196609497 235
1761837380780 0.6168380379676819 236
1761837380947 1.224036693572998 237
1761837381114 1.5910065174102783 238
1761837381280 0.6553965210914612 239
1761837381446 1.5962408781051636 240
1761837381613 0.4897252023220062 241
1761837381778 0.1948327124118805 242
1761837381943 0.7003645896911621 243
1761837382109 1.9314324855804443 244
1761837382275 1.720890998840332 245
1761837382439 0.8014340400695801 246
1761837382605 1.4289321899414062 247
1761837382770 1.099302887916565 248
1761837382934 0.26342669129371643 249
1761837383097 0.2960943579673767 250
1761837383263 1.82258939743042 251
1761837383429 0.5012760162353516 252
1761837383594 0.277205228805542 253
1761837383758 1.2100169658660889 254
1761837383920 0.7422606348991394 255
1761837384087 2.5345919132232666 256
1761837384253 0.6455389261245728 257
1761837384418 1.5594074726104736 258
1761837384584 1.4556279182434082 259
1761837384749 0.6936509609222412 260
1761837384938 0.5576426386833191 261
1761837385108 0.45167577266693115 262
1761837385271 0.4399244785308838 263
1761837385435 1.2067077159881592 264
1761837385598 0.4795213043689728 265
1761837385765 0.3983025550842285 266
1761837385930 1.2701451778411865 267
1761837386097 0.8957895636558533 268
1761837386262 1.6781724691390991 269
1761837386427 0.9185866713523865 270
1761837386592 2.8992600440979004 271
1761837386757 0.19387435913085938 272
1761837386923 0.9733728766441345 273
1761837387089 0.7324283719062805 274
1761837387256 0.6475561857223511 275
1761837387421 0.6782097816467285 276
1761837387588 0.28366440534591675 277
1761837387756 0.5338758230209351 278
1761837387923 1.269437551498413 279
1761837388088 0.8037065267562866 280
1761837388253 0.7375684380531311 281
1761837388422 2.174833059310913 282
1761837388588 2.494194507598877 283
1761837388752 1.0388373136520386 284
1761837388918 0.13940168917179108 285
1761837389083 0.5777946710586548 286
1761837389248 1.4454264640808105 287
1761837389416 0.6315752267837524 288
1761837389582 0.8461602330207825 289
1761837389749 0.7027046084403992 290
1761837389916 0.4777703583240509 291
1761837390083 0.8405756950378418 292
1761837390250 0.6544109582901001 293
1761837390417 0.6146737337112427 294
1761837390583 1.6563409566879272 295
1761837390750 0.5436947345733643 296
1761837390916 0.7758029699325562 297
1761837391084 1.5875197649002075 298
1761837391250 0.934360921382904 299
1761837391415 0.4999404549598694 300
1761837391581 0.941317617893219 301
1761837391746 1.1533249616622925 302
1761837391912 0.3769192099571228 303
1761837392077 0.9574586153030396 304
1761837392242 0.8521953225135803 305
1761837392410 0.3949701189994812 306
1761837392576 0.3062816858291626 307
1761837392743 1.3902117013931274 308
1761837392903 0.9729999303817749 309
1761837393071 0.732025146484375 310
1761837393234 0.540450930595398 311
1761837393398 0.7248210906982422 312
1761837393564 1.377838373184204 313
1761837393732 0.9164115190505981 314
1761837393899 0.5966005921363831 315
1761837394067 1.1180543899536133 316
1761837394234 0.6742143630981445 317
1761837394402 0.9172204732894897 318
1761837394570 1.1920872926712036 319
1761837394737 0.5755606889724731 320
1761837394904 1.6665414571762085 321
1761837395071 1.366225004196167 322
1761837395234 0.8341785669326782 323
1761837395401 1.8487423658370972 324
1761837395567 1.730263590812683 325
1761837395733 1.8325647115707397 326
1761837395900 0.17398372292518616 327
1761837396069 0.8305516242980957 328
1761837396236 0.8113263845443726 329
1761837396405 0.794015109539032 330
1761837396573 1.228331208229065 331
1761837396742 1.1423511505126953 332
1761837396909 0.909350574016571 333
1761837397076 0.5105665922164917 334
1761837397243 0.09837707877159119 335
1761837397408 1.1484756469726562 336
1761837397575 1.0546988248825073 337
1761837397744 0.6652361154556274 338
1761837397911 0.3778388798236847 339
1761837398078 0.4212440848350525 340
1761837398247 0.9331562519073486 341
1761837398414 0.9103720188140869 342
1761837398582 1.1515618562698364 343
1761837398749 2.116929054260254 344
1761837398917 0.9906631112098694 345
1761837399084 1.412644386291504 346
1761837399252 0.4965261220932007 347
1761837399419 0.36200442910194397 348
1761837399585 1.0641403198242188 349
1761837399751 1.1834205389022827 350
1761837399918 0.45781806111335754 351
1761837400085 0.6645063161849976 352
1761837400250 1.1871891021728516 353
1761837400418 1.345700979232788 354
1761837400580 0.7940970659255981 355
1761837400747 0.36914294958114624 356
1761837400914 0.5432183742523193 357
1761837401081 0.48879167437553406 358
1761837401249 0.1676059067249298 359
1761837401416 0.9672340750694275 360
1761837401582 0.3366560935974121 361
1761837401752 0.5809183120727539 362
1761837401921 0.5496023297309875 363
1761837402092 1.556335210800171 364
1761837402261 0.6433272361755371 365
1761837402426 1.0568002462387085 366
1761837402590 2.106257438659668 367
1761837402758 1.8636513948440552 368
1761837402924 0.7894567847251892 369
1761837403091 0.9587510228157043 370
1761837403257 0.6145704388618469 371
1761837403423 1.4468698501586914 372
1761837403591 0.6220678091049194 373
1761837403758 1.35025954246521 374
1761837403924 1.032968521118164 375
1761837404092 1.2673671245574951 376
1761837404259 0.7680529356002808 377
1761837404426 1.3019922971725464 378
1761837404592 0.371202677488327 379
1761837404755 1.1776372194290161 380
1761837404923 0.5089969038963318 381
1761837405089 0.4717859923839569 382
1761837405257 0.9555478096008301 383
1761837405424 0.9440447092056274 384
1761837405593 0.7587114572525024 385
1761837405761 1.735329031944275 386
1761837405929 0.9645604491233826 387
1761837406098 0.8720129728317261 388
1761837406263 1.900965690612793 389
1761837406434 0.9059699177742004 390
1761837406604 0.6824920177459717 391
1761837406773 0.31298571825027466 392
1761837406943 1.2164863348007202 393
1761837407110 0.8254424929618835 394
1761837407279 0.5856220126152039 395
1761837407447 1.4814761877059937 396
1761837407617 0.9746124148368835 397
1761837407782 1.3907358646392822 398
1761837407952 0.20734596252441406 399
1761837408119 1.4172508716583252 400
