1761838530926 1.7692726850509644 0
1761838530987 1.613935112953186 1
1761838531058 1.493049144744873 2
1761838531121 1.367608666419983 3
1761838531182 1.3087856769561768 4
1761838531243 1.2569235563278198 5
1761838531303 1.211654782295227 6
1761838531360 1.1667391061782837 7
1761838531420 1.1277623176574707 8
1761838531478 1.0878705978393555 9
1761838531537 1.0527058839797974 10
1761838531594 1.0258389711380005 11
1761838531653 1.0007506608963013 12
1761838531712 0.9800422191619873 13
1761838531769 0.9575996398925781 14
1761838531826 0.9339560270309448 15
1761838531884 0.9125003218650818 16
1761838531941 0.8994962573051453 17
1761838532006 0.8825771808624268 18
1761838532065 0.863700807094574 19
1761838532129 0.8475808501243591 20
1761838532190 0.8395180106163025 21
1761838532248 0.827407956123352 22
1761838532306 0.8180258274078369 23
1761838532363 0.8071675300598145 24
1761838532422 0.7976153492927551 25
1761838532480 0.7885749340057373 26
1761838532537 0.7742900252342224 27
1761838532594 0.7652847170829773 28
1761838532653 0.7549125552177429 29
1761838532711 0.7452701926231384 30
1761838532772 0.7411516904830933 31
1761838532834 0.7340211868286133 32
1761838532892 0.7274831533432007 33
1761838532950 0.7188251614570618 34
1761838533007 0.7069945931434631 35
1761838533064 0.696213960647583 36
1761838533121 0.6851423978805542 37
1761838533178 0.6745331287384033 38
