1761838530926 1.3596975803375244 0
1761838530987 1.8119858503341675 1
1761838531058 1.3364043235778809 2
1761838531121 1.3590052127838135 3
1761838531182 1.378085970878601 4
1761838531243 1.1478360891342163 5
1761838531303 2.1427290439605713 6
1761838531360 0.9538573622703552 7
1761838531420 0.5067023634910583 8
1761838531478 0.7422250509262085 9
1761838531537 1.3673444986343384 10
1761838531594 1.5121817588806152 11
1761838531653 0.16285176575183868 12
1761838531712 0.5725027322769165 13
1761838531769 0.5289542078971863 14
1761838531826 0.9721759557723999 15
1761838531884 1.434989094734192 16
1761838531941 0.38513585925102234 17
1761838532006 1.252934455871582 18
1761838532065 0.302623450756073 19
1761838532129 0.31114837527275085 20
1761838532190 0.6085806488990784 21
1761838532248 2.0629963874816895 22
1761838532306 1.2487833499908447 23
1761838532363 0.7291837334632874 24
1761838532422 0.5843037962913513 25
1761838532480 1.402866005897522 26
1761838532537 0.11548352986574173 27
1761838532594 1.1209754943847656 28
1761838532653 2.1580069065093994 29
1761838532711 0.8850486278533936 30
1761838532772 1.7834640741348267 31
1761838532834 1.0511701107025146 32
1761838532892 0.9048581719398499 33
1761838532950 1.9645054340362549 34
1761838533007 0.47649502754211426 35
1761838533064 0.7999259233474731 36
1761838533121 0.5785515308380127 37
1761838533178 0.6746352314949036 38
