1762793160736 1.7131060361862183 0
1762793160834 1.510361909866333 1
1762793160930 1.4097785949707031 2
1762793161022 1.3144137859344482 3
1762793161113 1.2492547035217285 4
1762793161206 1.2053240537643433 5
1762793161299 1.1551899909973145 6
1762793161392 1.1147689819335938 7
1762793161484 1.0742881298065186 8
1762793161575 1.043491244316101 9
1762793161666 1.0159682035446167 10
1762793161762 0.9892625212669373 11
1762793161853 0.963263213634491 12
1762793161941 0.9425696730613708 13
1762793162033 0.9235621690750122 14
1762793162124 0.903949499130249 15
1762793162214 0.8851808309555054 16
1762793162308 0.8719533681869507 17
1762793162400 0.8592784404754639 18
1762793162490 0.8503977060317993 19
1762793162576 0.8357564210891724 20
1762793162668 0.8237889409065247 21
1762793162762 0.8118139505386353 22
1762793162855 0.7979995012283325 23
1762793162949 0.7884177565574646 24
1762793163042 0.7769933938980103 25
1762793163134 0.7655209302902222 26
1762793163223 0.757373034954071 27
1762793163314 0.7492972016334534 28
1762793163405 0.7391464114189148 29
1762793163494 0.728863537311554 30
1762793163585 0.7202937602996826 31
1762793163679 0.7093162536621094 32
1762793163781 0.7006338834762573 33
1762793163880 0.6917486190795898 34
