1762793160736 1.7147018909454346 0
1762793160834 1.0137161016464233 1
1762793160930 1.6807682514190674 2
1762793161022 0.7267845869064331 3
1762793161113 1.3221014738082886 4
1762793161206 1.0041619539260864 5
1762793161299 1.0290204286575317 6
1762793161392 0.6359436511993408 7
1762793161484 0.7009292244911194 8
1762793161575 0.49341046810150146 9
1762793161666 0.9227558970451355 10
1762793161762 0.3573791980743408 11
1762793161853 1.0237102508544922 12
1762793161941 0.7968040108680725 13
1762793162033 0.8085139393806458 14
1762793162124 0.311885803937912 15
1762793162214 0.700162947177887 16
1762793162308 0.5144099593162537 17
1762793162400 0.5703656077384949 18
1762793162490 0.44799473881721497 19
1762793162576 0.644309401512146 20
1762793162668 0.5519863963127136 21
1762793162762 0.1779935508966446 22
1762793162855 0.683969259262085 23
1762793162949 0.3916071355342865 24
1762793163042 0.27067384123802185 25
1762793163134 0.8135054111480713 26
1762793163223 0.21756601333618164 27
1762793163314 0.6753461956977844 28
1762793163405 0.8593565821647644 29
1762793163494 0.10480965673923492 30
1762793163585 0.9490184187889099 31
1762793163679 0.39769378304481506 32
1762793163781 0.4421538710594177 33
1762793163880 0.3573097288608551 34
