1763913229175 1.7578115463256836 0
1763913229282 1.5296630859375 1
1763913229378 1.4196137189865112 2
1763913229470 1.3365795612335205 3
1763913229563 1.2733852863311768 4
1763913229657 1.2291288375854492 5
1763913229748 1.1786816120147705 6
1763913229840 1.1337982416152954 7
1763913229931 1.1017320156097412 8
1763913230022 1.0613071918487549 9
1763913230114 1.0328398942947388 10
1763913230205 1.0055121183395386 11
1763913230296 0.9808357954025269 12
1763913230388 0.958465576171875 13
1763913230481 0.9373946189880371 14
1763913230571 0.9169888496398926 15
1763913230662 0.8977711200714111 16
1763913230757 0.8813241124153137 17
1763913230851 0.8682127594947815 18
1763913230946 0.8553045988082886 19
1763913231043 0.8382664322853088 20
1763913231136 0.8238367438316345 21
1763913231229 0.8081942200660706 22
1763913231326 0.7950733304023743 23
1763913231445 0.7833184003829956 24
1763913231565 0.7743076682090759 25
1763913231665 0.7647706866264343 26
1763913231762 0.7552356123924255 27
1763913231855 0.7447559237480164 28
1763913231950 0.7345191836357117 29
1763913232051 0.7262950539588928 30
1763913232148 0.7176044583320618 31
1763913232242 0.7099063396453857 32
1763913232333 0.7002586722373962 33
1763913232425 0.6939685344696045 34
1763913232516 0.6853746175765991 35
1763913232607 0.6782854795455933 36
1763913232698 0.6716810464859009 37
1763913232792 0.6646596193313599 38
1763913232886 0.6612047553062439 39
1763913232978 0.6568019986152649 40
1763913233070 0.6509621739387512 41
1763913233161 0.6446848511695862 42
1763913233253 0.6394057273864746 43
1763913233345 0.6351369023323059 44
1763913233436 0.6304574012756348 45
1763913233527 0.62517911195755 46
1763913233617 0.6198685169219971 47
1763913233707 0.6151013374328613 48
1763913233798 0.610338568687439 49
1763913233889 0.6049365997314453 50
1763913233984 0.5998163223266602 51
1763913234081 0.5958782434463501 52
1763913234174 0.5914615988731384 53
1763913234266 0.5879353284835815 54
1763913234357 0.5835939049720764 55
1763913234451 0.5790179371833801 56
1763913234545 0.5743520259857178 57
1763913234637 0.5690412521362305 58
1763913234729 0.5654341578483582 59
1763913234820 0.5619725584983826 60
1763913234912 0.5583117604255676 61
1763913235005 0.5547882318496704 62
1763913235096 0.552035391330719 63
1763913235189 0.5486124753952026 64
1763913235285 0.5444591045379639 65
1763913235382 0.5406939387321472 66
1763913235476 0.5368589758872986 67
1763913235569 0.5339865684509277 68
1763913235660 0.5305259227752686 69
1763913235752 0.527012825012207 70
1763913235846 0.5223060846328735 71
1763913235940 0.517650842666626 72
1763913236032 0.5139110684394836 73
1763913236125 0.5092067122459412 74
1763913236218 0.5051689147949219 75
1763913236310 0.501363217830658 76
1763913236402 0.4976760149002075 77
1763913236498 0.4937566816806793 78
1763913236593 0.48976996541023254 79
1763913236688 0.486297070980072 80
1763913236780 0.4828493595123291 81
1763913236872 0.47906261682510376 82
1763913236962 0.47558778524398804 83
1763913237052 0.4720399081707001 84
1763913237143 0.4687747061252594 85
1763913237235 0.4657701253890991 86
1763913237326 0.46212801337242126 87
1763913237418 0.4590071439743042 88
1763913237510 0.45546165108680725 89
1763913237601 0.452456533908844 90
1763913237692 0.44934746623039246 91
1763913237783 0.4461286664009094 92
1763913237875 0.4430403709411621 93
1763913237967 0.440145879983902 94
1763913238057 0.43722838163375854 95
1763913238150 0.4343208968639374 96
1763913238247 0.43158143758773804 97
1763913238342 0.4288712739944458 98
1763913238434 0.42615702748298645 99
1763913238527 0.42363664507865906 100
1763913238623 0.42090436816215515 101
1763913238715 0.41825729608535767 102
1763913238816 0.41572442650794983 103
1763913238912 0.4136914610862732 104
1763913239009 0.41162192821502686 105
1763913239104 0.40965715050697327 106
1763913239199 0.4077397584915161 107
1763913239293 0.40568363666534424 108
1763913239386 0.4034964442253113 109
1763913239480 0.4013770818710327 110
1763913239570 0.39926421642303467 111
1763913239664 0.39708033204078674 112
1763913239763 0.39489904046058655 113
1763913239860 0.3926626741886139 114
1763913239957 0.3906717300415039 115
1763913240054 0.3888295292854309 116
1763913240150 0.3868013322353363 117
1763913240246 0.38512086868286133 118
1763913240342 0.3834848701953888 119
1763913240440 0.38156166672706604 120
1763913240534 0.37996113300323486 121
1763913240627 0.37829816341400146 122
1763913240721 0.37652719020843506 123
1763913240812 0.37472668290138245 124
1763913240903 0.37302160263061523 125
1763913241001 0.3717045187950134 126
1763913241098 0.370095431804657 127
1763913241191 0.3685590922832489 128
1763913241285 0.3672468960285187 129
1763913241378 0.36562344431877136 130
1763913241470 0.3640601634979248 131
1763913241564 0.3625676929950714 132
1763913241659 0.3613017201423645 133
1763913241756 0.3597170114517212 134
1763913241851 0.35818079113960266 135
1763913241944 0.35654202103614807 136
1763913242056 0.35525280237197876 137
1763913242158 0.35376888513565063 138
1763913242257 0.3522689640522003 139
1763913242356 0.3513820767402649 140
1763913242454 0.35016340017318726 141
1763913242552 0.3487602174282074 142
1763913242650 0.3473810851573944 143
1763913242745 0.34614527225494385 144
1763913242844 0.34467458724975586 145
1763913242943 0.34339186549186707 146
1763913243040 0.3422546088695526 147
1763913243136 0.3410664498806 148
1763913243231 0.34010180830955505 149
1763913243328 0.3387718200683594 150
1763913243424 0.33753788471221924 151
1763913243519 0.3363041281700134 152
1763913243616 0.3351784944534302 153
1763913243711 0.33405593037605286 154
1763913243804 0.33278945088386536 155
1763913243896 0.3316206932067871 156
1763913243988 0.3307240903377533 157
1763913244086 0.32964852452278137 158
1763913244189 0.32884979248046875 159
1763913244288 0.32769671082496643 160
1763913244383 0.326577752828598 161
1763913244478 0.3254776895046234 162
1763913244577 0.32456448674201965 163
1763913244676 0.3236091434955597 164
1763913244780 0.3226824402809143 165
1763913244881 0.32191506028175354 166
1763913244982 0.32087212800979614 167
1763913245090 0.32002297043800354 168
1763913245194 0.3190136253833771 169
1763913245297 0.3181019723415375 170
1763913245395 0.3173435926437378 171
1763913245494 0.31659558415412903 172
1763913245600 0.315705269575119 173
1763913245731 0.31487423181533813 174
1763913245828 0.31393271684646606 175
1763913245926 0.313106507062912 176
1763913246022 0.31221553683280945 177
1763913246114 0.3114873170852661 178
1763913246210 0.3106379806995392 179
1763913246305 0.30988335609436035 180
1763913246402 0.30927106738090515 181
1763913246497 0.3084695339202881 182
1763913246591 0.30768707394599915 183
1763913246685 0.30700188875198364 184
1763913246782 0.30629244446754456 185
1763913246874 0.30546098947525024 186
1763913246968 0.304570734500885 187
1763913247062 0.30371540784835815 188
1763913247158 0.30308645963668823 189
1763913247251 0.3023148477077484 190
1763913247344 0.30177420377731323 191
1763913247438 0.3013172149658203 192
1763913247529 0.30061182379722595 193
1763913247620 0.29999634623527527 194
1763913247714 0.2995419204235077 195
1763913247807 0.2988245487213135 196
1763913247900 0.29835352301597595 197
1763913248003 0.29769471287727356 198
1763913248104 0.29702213406562805 199
1763913248199 0.29630762338638306 200
1763913248292 0.2954787015914917 201
1763913248385 0.29483699798583984 202
1763913248478 0.294287770986557 203
1763913248592 0.2935827970504761 204
1763913248706 0.2930251657962799 205
1763913248810 0.29242971539497375 206
1763913248948 0.29171156883239746 207
1763913249061 0.2911631166934967 208
1763913249169 0.29053446650505066 209
1763913249275 0.2899129092693329 210
1763913249423 0.2892557978630066 211
1763913249525 0.28852578997612 212
1763913249632 0.28791236877441406 213
1763913249743 0.2874775230884552 214
1763913249843 0.28695398569107056 215
1763913249942 0.28649699687957764 216
1763913250044 0.2859400510787964 217
1763913250145 0.285444051027298 218
1763913250245 0.2846871316432953 219
1763913250353 0.284334659576416 220
1763913250459 0.2837834358215332 221
1763913250559 0.2831763029098511 222
1763913250658 0.28250354528427124 223
1763913250753 0.28204241394996643 224
1763913250847 0.281531423330307 225
1763913250940 0.2811081111431122 226
1763913251033 0.2807101011276245 227
1763913251127 0.28024327754974365 228
1763913251222 0.2799769937992096 229
1763913251315 0.2794281542301178 230
1763913251408 0.2789406478404999 231
1763913251502 0.2784903943538666 232
1763913251595 0.2780020833015442 233
1763913251691 0.2777109444141388 234
1763913251786 0.27736592292785645 235
1763913251878 0.2769363224506378 236
1763913251973 0.27643924951553345 237
1763913252072 0.2760133743286133 238
1763913252169 0.2757439613342285 239
1763913252265 0.2751624584197998 240
1763913252362 0.27472731471061707 241
1763913252457 0.27429744601249695 242
1763913252551 0.2736479640007019 243
1763913252643 0.2731988728046417 244
1763913252740 0.2726648449897766 245
1763913252835 0.272173136472702 246
1763913252927 0.2717924416065216 247
1763913253026 0.2713690996170044 248
1763913253125 0.27100446820259094 249
1763913253222 0.270624041557312 250
1763913253316 0.2703268826007843 251
1763913253411 0.27000585198402405 252
1763913253506 0.26957109570503235 253
1763913253600 0.2691326141357422 254
1763913253695 0.2687692940235138 255
1763913253793 0.26834505796432495 256
1763913253891 0.26788315176963806 257
1763913253986 0.2674398720264435 258
1763913254080 0.2671041488647461 259
1763913254174 0.26663365960121155 260
1763913254267 0.266182005405426 261
1763913254361 0.26575925946235657 262
1763913254455 0.2654162347316742 263
1763913254549 0.2649921476840973 264
1763913254640 0.2644628584384918 265
1763913254735 0.26419952511787415 266
1763913254830 0.2638419270515442 267
1763913254924 0.2634275257587433 268
1763913255017 0.26306474208831787 269
1763913255113 0.26268863677978516 270
1763913255206 0.26248472929000854 271
1763913255300 0.26214420795440674 272
1763913255395 0.2617875337600708 273
1763913255489 0.2614436745643616 274
1763913255582 0.2609710097312927 275
1763913255677 0.2606965899467468 276
1763913255778 0.2603612244129181 277
1763913255877 0.2599846124649048 278
1763913255973 0.25954705476760864 279
1763913256071 0.25919032096862793 280
1763913256165 0.25879597663879395 281
1763913256258 0.2584419250488281 282
1763913256352 0.2581136226654053 283
1763913256445 0.2577238976955414 284
1763913256539 0.25744760036468506 285
1763913256633 0.25726497173309326 286
1763913256729 0.25702372193336487 287
1763913256824 0.2568160891532898 288
1763913256917 0.2564784288406372 289
1763913257011 0.25618889927864075 290
1763913257105 0.25585877895355225 291
1763913257198 0.2556033730506897 292
1763913257293 0.2552151381969452 293
1763913257391 0.25485411286354065 294
1763913257487 0.25454774498939514 295
1763913257582 0.2541562616825104 296
1763913257687 0.2538377642631531 297
1763913257789 0.2535681426525116 298
1763913257886 0.25336921215057373 299
1763913257978 0.2531949281692505 300
1763913258073 0.25299933552742004 301
1763913258169 0.25267931818962097 302
1763913258264 0.2523762285709381 303
1763913258365 0.25214898586273193 304
1763913258463 0.25190261006355286 305
1763913258558 0.2516269385814667 306
1763913258654 0.25141340494155884 307
1763913258748 0.2510897219181061 308
1763913258842 0.2508208751678467 309
1763913258941 0.2505897879600525 310
1763913259040 0.2504156529903412 311
1763913259137 0.25013530254364014 312
1763913259236 0.24977697432041168 313
1763913259330 0.24945178627967834 314
1763913259424 0.2492334246635437 315
1763913259518 0.24902696907520294 316
1763913259613 0.24883422255516052 317
1763913259709 0.24859724938869476 318
1763913259806 0.24834048748016357 319
1763913259905 0.24811804294586182 320
1763913260003 0.24788741767406464 321
1763913260098 0.2476089596748352 322
1763913260194 0.24731530249118805 323
1763913260290 0.24710114300251007 324
1763913260385 0.2468169927597046 325
1763913260481 0.24649028480052948 326
1763913260578 0.24619479477405548 327
1763913260673 0.245912566781044 328
1763913260768 0.24572396278381348 329
1763913260866 0.24548040330410004 330
1763913260960 0.24524444341659546 331
1763913261057 0.24500547349452972 332
1763913261155 0.2448209971189499 333
1763913261252 0.2446441501379013 334
1763913261350 0.24444922804832458 335
1763913261445 0.244204580783844 336
1763913261540 0.24399708211421967 337
1763913261636 0.24383944272994995 338
1763913261735 0.24371111392974854 339
1763913261835 0.24350187182426453 340
1763913261935 0.24322928488254547 341
1763913262032 0.24305467307567596 342
1763913262127 0.24276626110076904 343
1763913262224 0.24251613020896912 344
1763913262320 0.24229173362255096 345
1763913262416 0.24206671118736267 346
1763913262511 0.24182195961475372 347
1763913262605 0.2416074424982071 348
1763913262698 0.2414165735244751 349
1763913262793 0.24119704961776733 350
1763913262887 0.2409524768590927 351
1763913262984 0.2407224029302597 352
1763913263079 0.24053244292736053 353
1763913263180 0.2403246909379959 354
1763913263278 0.24013732373714447 355
1763913263375 0.23991183936595917 356
1763913263471 0.23969325423240662 357
1763913263566 0.23949648439884186 358
1763913263665 0.23938444256782532 359
1763913263761 0.23915636539459229 360
1763913263856 0.23895637691020966 361
1763913263953 0.23883764445781708 362
1763913264051 0.23853899538516998 363
1763913264149 0.23833270370960236 364
1763913264246 0.2381032258272171 365
1763913264339 0.23787353932857513 366
1763913264434 0.23775899410247803 367
1763913264529 0.2375442236661911 368
1763913264624 0.23735345900058746 369
1763913264721 0.2372003197669983 370
1763913264817 0.23711083829402924 371
1763913264912 0.23697179555892944 372
1763913265008 0.23679745197296143 373
1763913265106 0.23663291335105896 374
1763913265203 0.23641467094421387 375
1763913265299 0.23622021079063416 376
1763913265394 0.23607879877090454 377
1763913265490 0.23584425449371338 378
1763913265586 0.2356531172990799 379
1763913265682 0.23539602756500244 380
1763913265777 0.2352612167596817 381
1763913265871 0.23500573635101318 382
1763913265965 0.23481567203998566 383
1763913266063 0.23464803397655487 384
1763913266158 0.23451393842697144 385
1763913266252 0.23434628546237946 386
1763913266348 0.23418748378753662 387
1763913266444 0.23398703336715698 388
1763913266540 0.23391664028167725 389
1763913266635 0.2337174117565155 390
1763913266730 0.2336035668849945 391
1763913266824 0.2333962321281433 392
1763913266920 0.23329009115695953 393
1763913267014 0.23308907449245453 394
1763913267112 0.23284494876861572 395
1763913267209 0.23269250988960266 396
1763913267304 0.23259100317955017 397
1763913267403 0.23244091868400574 398
1763913267500 0.23222258687019348 399
1763913267595 0.2320411056280136 400
