1763913229175 1.4639358520507812 0
1763913229282 1.450124740600586 1
1763913229378 1.116816520690918 2
1763913229470 1.0631988048553467 3
1763913229563 1.0361948013305664 4
1763913229657 0.9002386331558228 5
1763913229748 0.87516188621521 6
1763913229840 0.9193912744522095 7
1763913229931 0.45943519473075867 8
1763913230022 0.9689673185348511 9
1763913230114 0.6892223358154297 10
1763913230205 0.6380853652954102 11
1763913230296 0.5841009616851807 12
1763913230388 0.43813836574554443 13
1763913230481 0.6708785891532898 14
1763913230571 0.8129000663757324 15
1763913230662 0.46618393063545227 16
1763913230757 1.266713261604309 17
1763913230851 0.4746236205101013 18
1763913230946 0.3324315845966339 19
1763913231043 0.40519359707832336 20
1763913231136 0.489035040140152 21
1763913231229 0.5235538482666016 22
1763913231326 0.6025509238243103 23
1763913231445 1.1470568180084229 24
1763913231565 0.6186028122901917 25
1763913231665 0.3037578761577606 26
1763913231762 0.5678675174713135 27
1763913231855 0.4172816276550293 28
1763913231950 0.8936115503311157 29
1763913232051 0.6278142333030701 30
1763913232148 0.4318331778049469 31
1763913232242 0.2258988469839096 32
1763913232333 0.23230765759944916 33
1763913232425 1.28159499168396 34
1763913232516 0.1832810342311859 35
1763913232607 1.3023089170455933 36
1763913232698 0.4106577932834625 37
1763913232792 0.5306532382965088 38
1763913232886 0.5729221105575562 39
1763913232978 0.4735746681690216 40
1763913233070 0.16806341707706451 41
1763913233161 0.44968849420547485 42
1763913233253 0.30376026034355164 43
1763913233345 0.3394629955291748 44
1763913233436 0.3849042057991028 45
1763913233527 0.34675133228302 46
1763913233617 0.7360758781433105 47
1763913233707 0.573848307132721 48
1763913233798 0.46661341190338135 49
1763913233889 0.14438866078853607 50
1763913233984 0.4871443808078766 51
1763913234081 0.4911651015281677 52
1763913234174 0.16738127171993256 53
1763913234266 0.2861330211162567 54
1763913234357 0.5076942443847656 55
1763913234451 0.1886904537677765 56
1763913234545 0.27118635177612305 57
1763913234637 0.28937533497810364 58
1763913234729 0.12903331220149994 59
1763913234820 0.5344057679176331 60
1763913234912 0.10461239516735077 61
1763913235005 0.05381272733211517 62
1763913235096 0.32303324341773987 63
1763913235189 0.19919858872890472 64
1763913235285 0.1432691067457199 65
1763913235382 0.28892531991004944 66
1763913235476 0.25298571586608887 67
1763913235569 0.17347390949726105 68
1763913235660 0.3254299461841583 69
1763913235752 0.4858730733394623 70
1763913235846 0.12014193832874298 71
1763913235940 0.05692253261804581 72
1763913236032 0.41012364625930786 73
1763913236125 0.385595440864563 74
1763913236218 0.29563769698143005 75
1763913236310 0.032772038131952286 76
1763913236402 0.0515843965113163 77
1763913236498 0.3304072320461273 78
1763913236593 0.058795016258955 79
1763913236688 0.15796659886837006 80
1763913236780 0.021837742999196053 81
1763913236872 0.21406692266464233 82
1763913236962 0.04934670403599739 83
1763913237052 0.056474894285202026 84
1763913237143 0.0973660945892334 85
1763913237235 0.2193649709224701 86
1763913237326 0.06527432054281235 87
1763913237418 0.20638898015022278 88
1763913237510 0.08175363391637802 89
1763913237601 0.14067047834396362 90
1763913237692 0.13654549419879913 91
1763913237783 0.030352236703038216 92
1763913237875 0.07901088148355484 93
1763913237967 0.3057660162448883 94
1763913238057 0.07915984839200974 95
1763913238150 0.03819314390420914 96
1763913238247 0.30285269021987915 97
1763913238342 0.060805544257164 98
1763913238434 0.07566672563552856 99
1763913238527 0.10039229691028595 100
1763913238623 0.1367197334766388 101
1763913238715 0.03603961691260338 102
1763913238816 0.20047615468502045 103
1763913238912 0.40334832668304443 104
1763913239009 0.3874558210372925 105
1763913239104 0.11362206190824509 106
1763913239199 0.2812260091304779 107
1763913239293 0.15017704665660858 108
1763913239386 0.051193349063396454 109
1763913239480 0.038713302463293076 110
1763913239570 0.10376156866550446 111
1763913239664 0.28496628999710083 112
1763913239763 0.02677241526544094 113
1763913239860 0.048011038452386856 114
1763913239957 0.03998500853776932 115
1763913240054 0.22009514272212982 116
1763913240150 0.23844143748283386 117
1763913240246 0.15846344828605652 118
1763913240342 0.4228317141532898 119
1763913240440 0.14939375221729279 120
1763913240534 0.24183610081672668 121
1763913240627 0.021091632544994354 122
1763913240721 0.29909729957580566 123
1763913240812 0.4544459283351898 124
1763913240903 0.11256950348615646 125
1763913241001 0.2761322855949402 126
1763913241098 0.029831163585186005 127
1763913241191 0.8657816052436829 128
1763913241285 0.16436642408370972 129
1763913241378 0.037099212408065796 130
1763913241470 0.15753132104873657 131
1763913241564 0.1539486050605774 132
1763913241659 0.2309451550245285 133
1763913241756 0.029334044083952904 134
1763913241851 0.0319177582859993 135
1763913241944 0.14750263094902039 136
1763913242056 0.0835132747888565 137
1763913242158 0.38107576966285706 138
1763913242257 0.360652357339859 139
1763913242356 0.05436163395643234 140
1763913242454 0.15135958790779114 141
1763913242552 0.4355336129665375 142
1763913242650 0.08231262862682343 143
1763913242745 0.11088654398918152 144
1763913242844 0.32138368487358093 145
1763913242943 0.1799672394990921 146
1763913243040 0.05339005962014198 147
1763913243136 0.04304344579577446 148
1763913243231 0.08456744253635406 149
1763913243328 0.022366244345903397 150
1763913243424 0.18513429164886475 151
1763913243519 0.15966036915779114 152
1763913243616 0.10486386716365814 153
1763913243711 0.12051880359649658 154
1763913243804 0.034404199570417404 155
1763913243896 0.15817394852638245 156
1763913243988 0.26388105750083923 157
1763913244086 0.2312169224023819 158
1763913244189 0.0441686287522316 159
1763913244288 0.030048314481973648 160
1763913244383 0.1037663146853447 161
1763913244478 0.0970725491642952 162
1763913244577 0.025105206295847893 163
1763913244676 0.1483859270811081 164
1763913244780 0.08713439851999283 165
1763913244881 0.024069376289844513 166
1763913244982 0.2601683735847473 167
1763913245090 0.06464477628469467 168
1763913245194 0.0189534742385149 169
1763913245297 0.3992127478122711 170
1763913245395 0.05230670049786568 171
1763913245494 0.1289459466934204 172
1763913245600 0.2580324113368988 173
1763913245731 0.22176307439804077 174
1763913245828 0.16581207513809204 175
1763913245926 0.05965837463736534 176
1763913246022 0.07486773282289505 177
1763913246114 0.034882307052612305 178
1763913246210 0.2655990719795227 179
1763913246305 0.03428299352526665 180
1763913246402 0.32839155197143555 181
1763913246497 0.13005247712135315 182
1763913246591 0.4090774357318878 183
1763913246685 0.09026193618774414 184
1763913246782 0.1949397325515747 185
1763913246874 0.05539049580693245 186
1763913246968 0.4018228054046631 187
1763913247062 0.05727779120206833 188
1763913247158 0.04555904120206833 189
1763913247251 0.18023668229579926 190
1763913247344 0.3067677319049835 191
1763913247438 0.03698078170418739 192
1763913247529 0.11012302339076996 193
1763913247620 0.10146056860685349 194
1763913247714 0.32542434334754944 195
1763913247807 0.03036711923778057 196
1763913247900 0.1476430892944336 197
1763913248003 0.43121641874313354 198
1763913248104 0.08224087953567505 199
1763913248199 0.39378246665000916 200
1763913248292 0.029990680515766144 201
1763913248385 0.26003387570381165 202
1763913248478 0.09151359647512436 203
1763913248592 0.14055006206035614 204
1763913248706 0.09064524620771408 205
1763913248810 0.010082947090268135 206
1763913248948 0.3207992613315582 207
1763913249061 0.30029886960983276 208
1763913249169 0.030843019485473633 209
1763913249275 0.123013935983181 210
1763913249423 0.028339888900518417 211
1763913249525 0.2260252833366394 212
1763913249632 0.03261244669556618 213
1763913249743 0.15945731103420258 214
1763913249843 0.11983367800712585 215
1763913249942 0.03511899709701538 216
1763913250044 0.1424870789051056 217
1763913250145 0.2204580157995224 218
1763913250245 0.0896715596318245 219
1763913250353 0.16092133522033691 220
1763913250459 0.10351639986038208 221
1763913250559 0.15134547650814056 222
1763913250658 0.11337520182132721 223
1763913250753 0.030334297567605972 224
1763913250847 0.10290545225143433 225
1763913250940 0.1119954064488411 226
1763913251033 0.23841522634029388 227
1763913251127 0.10726846009492874 228
1763913251222 0.5869861841201782 229
1763913251315 0.08055026829242706 230
1763913251408 0.3530712425708771 231
1763913251502 0.1380629539489746 232
1763913251595 0.08111677318811417 233
1763913251691 1.1337107419967651 234
1763913251786 0.21904663741588593 235
1763913251878 0.021619189530611038 236
1763913251973 0.10598265379667282 237
1763913252072 0.07745160162448883 238
1763913252169 0.2905135154724121 239
1763913252265 0.061499692499637604 240
1763913252362 0.23453660309314728 241
1763913252457 0.011988230980932713 242
1763913252551 0.04338698089122772 243
1763913252643 0.3656391203403473 244
1763913252740 0.2795299291610718 245
1763913252835 0.23923105001449585 246
1763913252927 0.2835567593574524 247
1763913253026 0.326174259185791 248
1763913253125 0.12063642591238022 249
1763913253222 0.10175646096467972 250
1763913253316 0.01388966292142868 251
1763913253411 0.07366533577442169 252
1763913253506 0.23906898498535156 253
1763913253600 0.1567782759666443 254
1763913253695 0.3391628563404083 255
1763913253793 0.08140932023525238 256
1763913253891 0.09608839452266693 257
1763913253986 0.5259153842926025 258
1763913254080 0.05608046427369118 259
1763913254174 0.21371161937713623 260
1763913254267 0.18017996847629547 261
1763913254361 0.06253283470869064 262
1763913254455 0.1562734991312027 263
1763913254549 0.23691682517528534 264
1763913254640 0.08639359474182129 265
1763913254735 0.17577454447746277 266
1763913254830 0.021287331357598305 267
1763913254924 0.2829838693141937 268
1763913255017 0.030092960223555565 269
1763913255113 0.34558579325675964 270
1763913255206 0.5455873012542725 271
1763913255300 0.11193519085645676 272
1763913255395 0.2560822367668152 273
1763913255489 0.24024604260921478 274
1763913255582 0.1005089208483696 275
1763913255677 0.07306933403015137 276
1763913255778 0.14516359567642212 277
1763913255877 0.19266779720783234 278
1763913255973 0.044782403856515884 279
1763913256071 0.12178431451320648 280
1763913256165 0.03491617366671562 281
1763913256258 0.1286441683769226 282
1763913256352 0.1889166384935379 283
1763913256445 0.020562980324029922 284
1763913256539 0.09104187786579132 285
1763913256633 0.0979938805103302 286
1763913256729 0.31711024045944214 287
1763913256824 0.014124920591711998 288
1763913256917 0.06642690300941467 289
1763913257011 0.07056806236505508 290
1763913257105 0.5412604212760925 291
1763913257198 0.34398889541625977 292
1763913257293 0.33116602897644043 293
1763913257391 0.0744011402130127 294
1763913257487 0.10128392279148102 295
1763913257582 0.11660750955343246 296
1763913257687 0.1022825613617897 297
1763913257789 0.3953089714050293 298
1763913257886 0.13292086124420166 299
1763913257978 0.5138525366783142 300
1763913258073 0.17590604722499847 301
1763913258169 0.5195060968399048 302
1763913258264 0.21491840481758118 303
1763913258365 0.415382444858551 304
1763913258463 0.14402581751346588 305
1763913258558 0.19345547258853912 306
1763913258654 0.11667264997959137 307
1763913258748 0.17264078557491302 308
1763913258842 0.08980139344930649 309
1763913258941 0.06874403357505798 310
1763913259040 0.10257924348115921 311
1763913259137 0.12402491271495819 312
1763913259236 0.046836551278829575 313
1763913259330 0.06912775337696075 314
1763913259424 0.20655380189418793 315
1763913259518 0.08706676214933395 316
1763913259613 0.4055333435535431 317
1763913259709 0.08345938473939896 318
1763913259806 0.08098693937063217 319
1763913259905 0.08514031022787094 320
1763913260003 0.08446858078241348 321
1763913260098 0.3503304123878479 322
1763913260194 0.08791082352399826 323
1763913260290 0.08766394853591919 324
1763913260385 0.053917381912469864 325
1763913260481 0.07720518857240677 326
1763913260578 0.4194580018520355 327
1763913260673 0.01708291471004486 328
1763913260768 0.5088912844657898 329
1763913260866 0.611025333404541 330
1763913260960 0.27092117071151733 331
1763913261057 0.44866690039634705 332
1763913261155 0.589303195476532 333
1763913261252 0.024526599794626236 334
1763913261350 0.10562733560800552 335
1763913261445 0.15586432814598083 336
1763913261540 0.2596553564071655 337
1763913261636 0.6097288727760315 338
1763913261735 0.4261329174041748 339
1763913261835 0.05867638438940048 340
1763913261935 0.16023433208465576 341
1763913262032 0.14752092957496643 342
1763913262127 0.051014456897974014 343
1763913262224 0.28301769495010376 344
1763913262320 0.07029587030410767 345
1763913262416 0.36444056034088135 346
1763913262511 0.2828320860862732 347
1763913262605 0.03341973200440407 348
1763913262698 0.10085444152355194 349
1763913262793 0.12228724360466003 350
1763913262887 0.07653027772903442 351
1763913262984 0.0415496863424778 352
1763913263079 0.17698103189468384 353
1763913263180 0.04237370193004608 354
1763913263278 0.041998039931058884 355
1763913263375 0.10383078455924988 356
1763913263471 0.16827033460140228 357
1763913263566 0.16095615923404694 358
1763913263665 0.013162965886294842 359
1763913263761 0.12827934324741364 360
1763913263856 0.02515801414847374 361
1763913263953 0.20570988953113556 362
1763913264051 0.042261797934770584 363
1763913264149 0.11303673684597015 364
1763913264246 0.43414390087127686 365
1763913264339 0.021600808948278427 366
1763913264434 0.23203207552433014 367
1763913264529 0.10569168627262115 368
1763913264624 0.03931738808751106 369
1763913264721 0.035811398178339005 370
1763913264817 0.24734365940093994 371
1763913264912 0.22582143545150757 372
1763913265008 0.0438031405210495 373
1763913265106 0.3640179932117462 374
1763913265203 0.15898364782333374 375
1763913265299 0.11147387325763702 376
1763913265394 0.8251472115516663 377
1763913265490 0.14917713403701782 378
1763913265586 0.13545607030391693 379
1763913265682 0.0961596667766571 380
1763913265777 0.02225511707365513 381
1763913265871 0.21650747954845428 382
1763913265965 0.04412441700696945 383
1763913266063 0.0172940194606781 384
1763913266158 0.15996363759040833 385
1763913266252 0.09557389467954636 386
1763913266348 0.5833452343940735 387
1763913266444 0.07326693087816238 388
1763913266540 0.44014376401901245 389
1763913266635 0.13579046726226807 390
1763913266730 0.05431962385773659 391
1763913266824 0.28943637013435364 392
1763913266920 0.016707461327314377 393
1763913267014 0.10854046791791916 394
1763913267112 0.07009943574666977 395
1763913267209 0.49227121472358704 396
1763913267304 0.04029785841703415 397
1763913267403 0.1300782710313797 398
1763913267500 0.12498175352811813 399
1763913267595 0.06343695521354675 400
