1761838085331 1.670842170715332 0
1761838085389 1.4397236108779907 1
1761838085444 1.3428789377212524 2
1761838085503 1.2421026229858398 3
1761838085561 1.1359704732894897 4
1761838085616 1.0574315786361694 5
1761838085668 1.0082865953445435 6
1761838085718 0.957533597946167 7
1761838085769 0.9164851903915405 8
1761838085821 0.8806753158569336 9
1761838085871 0.841539740562439 10
1761838085922 0.8073382377624512 11
1761838085974 0.7778386473655701 12
1761838086025 0.7521149516105652 13
1761838086077 0.7320099472999573 14
1761838086135 0.7158766388893127 15
1761838086191 0.6964576244354248 16
1761838086247 0.6780499815940857 17
1761838086299 0.661389172077179 18
1761838086349 0.6443794369697571 19
1761838086401 0.631527304649353 20
1761838086451 0.618658721446991 21
1761838086501 0.6083052754402161 22
1761838086555 0.5973488688468933 23
1761838086609 0.5864537954330444 24
1761838086678 0.5786272883415222 25
1761838086735 0.568695604801178 26
1761838086791 0.5573800206184387 27
1761838086846 0.5460224151611328 28
1761838086901 0.5354712009429932 29
1761838086956 0.5257617831230164 30
1761838087010 0.5154827833175659 31
1761838087063 0.5048474073410034 32
1761838087114 0.49433279037475586 33
1761838087165 0.48436328768730164 34
