1761838085331 2.5890674591064453 0
1761838085389 1.495420217514038 1
1761838085444 0.7265901565551758 2
1761838085503 1.0514689683914185 3
1761838085561 1.3207093477249146 4
1761838085616 1.048841118812561 5
1761838085668 1.009768009185791 6
1761838085718 0.9660325050354004 7
1761838085769 0.9232035279273987 8
1761838085821 1.3909058570861816 9
1761838085871 0.315467894077301 10
1761838085922 0.528058648109436 11
1761838085974 0.6492285132408142 12
1761838086025 1.2304973602294922 13
1761838086077 0.8423776626586914 14
1761838086135 0.7985628843307495 15
1761838086191 0.8212563991546631 16
1761838086247 0.13829435408115387 17
1761838086299 1.3675262928009033 18
1761838086349 0.3067188858985901 19
1761838086401 0.09393001347780228 20
1761838086451 0.854036808013916 21
1761838086501 0.8450573086738586 22
1761838086555 0.5858281850814819 23
1761838086609 0.3144434690475464 24
1761838086678 2.135571002960205 25
1761838086735 0.12388718128204346 26
1761838086791 0.09974806010723114 27
1761838086846 0.9903631806373596 28
1761838086901 0.2104456126689911 29
1761838086956 1.3781532049179077 30
1761838087010 1.756068468093872 31
1761838087063 0.22156678140163422 32
1761838087114 0.49074849486351013 33
1761838087165 0.04055405035614967 34
