1762792800836 1.7226910591125488 0
1762792800935 1.5202592611312866 1
1762792801036 1.3746856451034546 2
1762792801145 1.2785258293151855 3
1762792801250 1.2252668142318726 4
1762792801378 1.1651982069015503 5
1762792801478 1.1161129474639893 6
1762792801580 1.0691624879837036 7
1762792801697 1.040844202041626 8
1762792801801 1.0129506587982178 9
1762792801922 0.9914495348930359 10
1762792802024 0.9660443067550659 11
1762792802124 0.9417406320571899 12
1762792802224 0.9204006791114807 13
1762792802323 0.8993356823921204 14
1762792802422 0.8835291862487793 15
1762792802518 0.869025468826294 16
1762792802613 0.8549148440361023 17
1762792802708 0.8406968116760254 18
1762792802805 0.827627956867218 19
1762792802900 0.814016580581665 20
1762792802995 0.8056306838989258 21
1762792803089 0.7921572327613831 22
1762792803185 0.7802137136459351 23
1762792803281 0.769047737121582 24
1762792803377 0.7566693425178528 25
1762792803475 0.7465546131134033 26
1762792803575 0.7364652752876282 27
1762792803672 0.7275921106338501 28
1762792803771 0.719863772392273 29
