1762792800836 1.1332640647888184 0
1762792800935 1.5964728593826294 1
1762792801036 1.0758600234985352 2
1762792801145 0.32617321610450745 3
1762792801250 0.9749211072921753 4
1762792801378 0.8193550109863281 5
1762792801478 0.8356533050537109 6
1762792801580 0.5665749907493591 7
1762792801697 0.7047148942947388 8
1762792801801 1.075723648071289 9
1762792801922 0.7536312341690063 10
1762792802024 0.7037749886512756 11
1762792802124 0.8925808072090149 12
1762792802224 0.6002354025840759 13
1762792802323 0.48118507862091064 14
1762792802422 0.6052955389022827 15
1762792802518 0.480275422334671 16
1762792802613 0.4702047109603882 17
1762792802708 0.48541581630706787 18
1762792802805 1.063813328742981 19
1762792802900 0.1959417313337326 20
1762792802995 0.97110915184021 21
1762792803089 0.2211434245109558 22
1762792803185 0.36794549226760864 23
1762792803281 0.31390637159347534 24
1762792803377 0.19524310529232025 25
1762792803475 0.70918869972229 26
1762792803575 0.49638503789901733 27
1762792803672 0.0512971505522728 28
1762792803771 0.7014673948287964 29
