1762798875478 1.6956968307495117 0
1762798875569 1.4795929193496704 1
1762798875673 1.3682734966278076 2
1762798875767 1.2804316282272339 3
1762798875860 1.2073712348937988 4
1762798875953 1.1559867858886719 5
1762798876046 1.1075012683868408 6
1762798876139 1.0646452903747559 7
1762798876231 1.0343753099441528 8
1762798876323 1.0084387063980103 9
1762798876415 0.9895879626274109 10
1762798876506 0.9601675271987915 11
1762798876597 0.9396259784698486 12
1762798876689 0.918073832988739 13
1762798876780 0.9017264246940613 14
1762798876870 0.8852949738502502 15
1762798876962 0.8684661388397217 16
1762798877064 0.8530089855194092 17
1762798877162 0.8386741876602173 18
1762798877254 0.8252576589584351 19
1762798877345 0.8094936609268188 20
1762798877437 0.8000147342681885 21
1762798877528 0.7885846495628357 22
1762798877619 0.7749743461608887 23
1762798877709 0.7646191716194153 24
1762798877798 0.7546488642692566 25
