1762798875478 1.5683536529541016 0
1762798875569 0.5801258087158203 1
1762798875673 0.8970863819122314 2
1762798875767 0.5654081106185913 3
1762798875860 0.5636200308799744 4
1762798875953 1.0210356712341309 5
1762798876046 0.643966555595398 6
1762798876139 0.4507196545600891 7
1762798876231 0.7479434013366699 8
1762798876323 0.7738724946975708 9
1762798876415 0.4615381360054016 10
1762798876506 0.52535480260849 11
1762798876597 1.0341066122055054 12
1762798876689 0.6428050994873047 13
1762798876780 0.7890694737434387 14
1762798876870 1.420335292816162 15
1762798876962 0.19243113696575165 16
1762798877064 0.5229143500328064 17
1762798877162 0.5054259896278381 18
1762798877254 0.14152756333351135 19
1762798877345 0.7298786044120789 20
1762798877437 0.8132091164588928 21
1762798877528 1.1657650470733643 22
1762798877619 0.23788127303123474 23
1762798877709 0.31380993127822876 24
1762798877798 0.4346088767051697 25
