1761840121906 2.070591688156128 0
1761840121982 1.848973274230957 1
1761840122057 1.7228069305419922 2
1761840122133 1.6028293371200562 3
1761840122219 1.516929268836975 4
1761840122294 1.4460943937301636 5
1761840122366 1.384716272354126 6
1761840122439 1.3273032903671265 7
1761840122510 1.2714136838912964 8
1761840122581 1.2248432636260986 9
1761840122652 1.1835752725601196 10
1761840122721 1.1452232599258423 11
1761840122791 1.1067887544631958 12
1761840122867 1.0770111083984375 13
1761840122943 1.051232099533081 14
1761840123013 1.024266004562378 15
1761840123086 0.9982109069824219 16
1761840123159 0.9743772745132446 17
1761840123229 0.9527695178985596 18
1761840123300 0.9297972321510315 19
1761840123371 0.9126479625701904 20
1761840123442 0.8926180005073547 21
1761840123513 0.8732993006706238 22
1761840123585 0.8536531925201416 23
1761840123656 0.8346139788627625 24
1761840123728 0.8186278939247131 25
1761840123798 0.8022952079772949 26
1761840123868 0.7884352207183838 27
1761840123941 0.7734173536300659 28
1761840124011 0.7610962986946106 29
1761840124081 0.7514793276786804 30
1761840124154 0.7389620542526245 31
1761840124225 0.7278819680213928 32
1761840124296 0.7191613912582397 33
1761840124367 0.7100628018379211 34
1761840124442 0.699096143245697 35
1761840124514 0.6876365542411804 36
1761840124588 0.6786305904388428 37
1761840124660 0.6686097383499146 38
1761840124732 0.6611827611923218 39
1761840124804 0.6530359983444214 40
1761840124876 0.64439457654953 41
1761840124948 0.6363561153411865 42
1761840125019 0.6277531981468201 43
1761840125091 0.6194985508918762 44
1761840125162 0.6130545735359192 45
1761840125233 0.6052622199058533 46
1761840125303 0.5986961126327515 47
1761840125373 0.5934559106826782 48
1761840125441 0.5868821144104004 49
1761840125513 0.5809018015861511 50
1761840125585 0.5741447806358337 51
1761840125658 0.5677655339241028 52
1761840125729 0.5622426867485046 53
1761840125800 0.5570611357688904 54
1761840125870 0.5520715117454529 55
1761840125940 0.5476077198982239 56
1761840126011 0.5433453917503357 57
1761840126082 0.5393915176391602 58
1761840126153 0.5354573130607605 59
1761840126223 0.5315074324607849 60
1761840126295 0.5273240208625793 61
1761840126365 0.5233495831489563 62
1761840126434 0.5195049047470093 63
1761840126505 0.5155805945396423 64
1761840126574 0.5117003321647644 65
1761840126646 0.5087790489196777 66
1761840126716 0.5057727098464966 67
1761840126786 0.5025892853736877 68
1761840126857 0.4991961121559143 69
1761840126927 0.49600768089294434 70
1761840126999 0.4934167265892029 71
1761840127073 0.4901811182498932 72
1761840127144 0.4874594807624817 73
1761840127213 0.4849952161312103 74
1761840127285 0.48244553804397583 75
1761840127358 0.4798171818256378 76
1761840127434 0.4771164655685425 77
1761840127507 0.4752170443534851 78
1761840127578 0.472982794046402 79
1761840127650 0.4707387089729309 80
1761840127721 0.4683258831501007 81
1761840127791 0.46558690071105957 82
1761840127859 0.4634241759777069 83
1761840127930 0.4607641398906708 84
1761840128000 0.4585530459880829 85
1761840128069 0.45661911368370056 86
1761840128141 0.4549429714679718 87
1761840128212 0.4527188837528229 88
1761840128283 0.4509120285511017 89
1761840128353 0.4492313265800476 90
1761840128424 0.4472573697566986 91
1761840128495 0.4450870752334595 92
1761840128568 0.44311100244522095 93
1761840128639 0.4412493407726288 94
1761840128709 0.439649373292923 95
1761840128784 0.43790796399116516 96
1761840128865 0.4362345337867737 97
1761840128941 0.43532198667526245 98
1761840129019 0.4337672293186188 99
1761840129095 0.43165484070777893 100
1761840129168 0.43008342385292053 101
1761840129245 0.42859894037246704 102
1761840129323 0.42705243825912476 103
1761840129413 0.4257543385028839 104
1761840129523 0.4242861270904541 105
1761840129625 0.4223959743976593 106
1761840129706 0.4212826192378998 107
1761840129787 0.4199160635471344 108
1761840129870 0.4185939431190491 109
1761840129952 0.4172159731388092 110
1761840130042 0.41538605093955994 111
1761840130125 0.41406095027923584 112
1761840130239 0.41297447681427 113
1761840130340 0.41175273060798645 114
1761840130420 0.41055864095687866 115
1761840130498 0.4091886281967163 116
1761840130578 0.40807443857192993 117
1761840130653 0.4067796766757965 118
1761840130733 0.4059268534183502 119
1761840130813 0.40460702776908875 120
1761840130896 0.4037480056285858 121
1761840130975 0.4028744399547577 122
1761840131055 0.4020564556121826 123
1761840131132 0.4009954631328583 124
1761840131210 0.40003731846809387 125
1761840131296 0.39884525537490845 126
1761840131377 0.39793553948402405 127
1761840131459 0.3969549834728241 128
1761840131537 0.3957679569721222 129
1761840131613 0.39488711953163147 130
1761840131685 0.3938312828540802 131
1761840131761 0.39322152733802795 132
1761840131844 0.392525315284729 133
1761840131930 0.39161285758018494 134
1761840132006 0.3907946050167084 135
1761840132085 0.3898317217826843 136
1761840132171 0.3888152241706848 137
1761840132251 0.38785699009895325 138
1761840132331 0.38710635900497437 139
1761840132408 0.38623684644699097 140
1761840132484 0.38538384437561035 141
1761840132560 0.3847655653953552 142
1761840132633 0.38406962156295776 143
1761840132707 0.3833855092525482 144
1761840132780 0.3824324607849121 145
1761840132852 0.3813273310661316 146
1761840132926 0.3806441128253937 147
1761840133011 0.3798880875110626 148
1761840133091 0.37934380769729614 149
1761840133169 0.37860915064811707 150
1761840133268 0.37799233198165894 151
1761840133346 0.3774091601371765 152
1761840133425 0.37694287300109863 153
1761840133504 0.3764091432094574 154
1761840133580 0.37583398818969727 155
1761840133659 0.3751158118247986 156
1761840133734 0.37461572885513306 157
1761840133809 0.37426599860191345 158
1761840133886 0.37366142868995667 159
1761840133959 0.3731152415275574 160
1761840134033 0.3726997375488281 161
1761840134105 0.37244144082069397 162
1761840134179 0.3716612458229065 163
1761840134253 0.37102943658828735 164
1761840134329 0.37069058418273926 165
1761840134402 0.3700079321861267 166
1761840134476 0.3694781959056854 167
1761840134549 0.36880916357040405 168
1761840134620 0.36814719438552856 169
1761840134689 0.3676088750362396 170
1761840134763 0.36704838275909424 171
1761840134832 0.36627230048179626 172
1761840134908 0.3658059537410736 173
1761840134980 0.3652120530605316 174
1761840135053 0.36472609639167786 175
1761840135125 0.36413413286209106 176
1761840135199 0.3636375069618225 177
1761840135283 0.3631943166255951 178
1761840135365 0.36267367005348206 179
1761840135447 0.3622395098209381 180
1761840135523 0.36154699325561523 181
1761840135597 0.36118632555007935 182
1761840135671 0.36091533303260803 183
1761840135745 0.3605017364025116 184
1761840135817 0.36014464497566223 185
1761840135900 0.3598393201828003 186
1761840135982 0.3594452738761902 187
1761840136063 0.35900217294692993 188
1761840136139 0.35858243703842163 189
1761840136215 0.35820212960243225 190
1761840136292 0.3577134609222412 191
1761840136366 0.35739898681640625 192
1761840136441 0.3569764792919159 193
1761840136517 0.3567175567150116 194
1761840136594 0.3564654588699341 195
1761840136670 0.3560819923877716 196
1761840136746 0.3556884527206421 197
1761840136821 0.3550747334957123 198
1761840136896 0.35462525486946106 199
1761840136970 0.354117751121521 200
1761840137043 0.35371771454811096 201
1761840137117 0.35346323251724243 202
1761840137189 0.3530940115451813 203
1761840137262 0.3527132272720337 204
1761840137333 0.35233306884765625 205
1761840137406 0.3519514501094818 206
1761840137479 0.3515784442424774 207
1761840137553 0.35114234685897827 208
1761840137626 0.35073450207710266 209
1761840137701 0.3502845764160156 210
1761840137775 0.3497830629348755 211
1761840137848 0.34934002161026 212
1761840137922 0.34896305203437805 213
1761840137994 0.3486020863056183 214
1761840138069 0.3480772078037262 215
1761840138142 0.34767982363700867 216
1761840138214 0.3473840057849884 217
1761840138286 0.3470268249511719 218
1761840138359 0.3466210961341858 219
1761840138432 0.3462813198566437 220
1761840138504 0.3459242284297943 221
1761840138577 0.3455754816532135 222
1761840138651 0.34537598490715027 223
1761840138724 0.34534698724746704 224
1761840138797 0.3447602689266205 225
1761840138870 0.34439992904663086 226
1761840138943 0.3443320691585541 227
1761840139017 0.344064325094223 228
1761840139089 0.3436540365219116 229
1761840139164 0.3432277739048004 230
1761840139236 0.3428555130958557 231
1761840139308 0.3425730764865875 232
1761840139380 0.34260162711143494 233
1761840139451 0.3423672020435333 234
1761840139523 0.3419380486011505 235
1761840139596 0.34177830815315247 236
1761840139668 0.34154319763183594 237
1761840139739 0.34141600131988525 238
1761840139813 0.3410271406173706 239
1761840139883 0.34090322256088257 240
1761840139953 0.34062209725379944 241
1761840140026 0.34044158458709717 242
1761840140099 0.34022918343544006 243
1761840140171 0.3400312662124634 244
1761840140244 0.3397788107395172 245
1761840140314 0.3396150469779968 246
1761840140386 0.3393908739089966 247
1761840140459 0.3391748070716858 248
1761840140532 0.33873406052589417 249
1761840140604 0.338547021150589 250
1761840140676 0.3383754789829254 251
1761840140749 0.33816176652908325 252
1761840140822 0.3379184603691101 253
1761840140895 0.3376970589160919 254
1761840140967 0.33749625086784363 255
1761840141041 0.33720189332962036 256
1761840141115 0.3369200825691223 257
1761840141187 0.3366905748844147 258
1761840141260 0.3365486264228821 259
1761840141333 0.3362375795841217 260
1761840141425 0.3360172212123871 261
1761840141500 0.33575767278671265 262
1761840141573 0.3355071246623993 263
1761840141647 0.3352026641368866 264
1761840141718 0.3350472152233124 265
1761840141790 0.33494803309440613 266
1761840141863 0.33471086621284485 267
1761840141936 0.33451229333877563 268
1761840142023 0.334307998418808 269
1761840142102 0.33401918411254883 270
1761840142177 0.33375006914138794 271
1761840142251 0.3334456980228424 272
1761840142324 0.3331455886363983 273
1761840142397 0.3329172432422638 274
1761840142470 0.33278149366378784 275
1761840142542 0.3326103687286377 276
1761840142615 0.33231475949287415 277
1761840142688 0.3320233225822449 278
1761840142760 0.3317224383354187 279
1761840142833 0.33164507150650024 280
1761840142906 0.33122557401657104 281
1761840142980 0.33112624287605286 282
1761840143055 0.33085161447525024 283
1761840143130 0.33074694871902466 284
1761840143209 0.33060410618782043 285
1761840143289 0.3305903673171997 286
1761840143363 0.33028513193130493 287
1761840143440 0.32996436953544617 288
1761840143518 0.32987096905708313 289
1761840143596 0.3295537531375885 290
1761840143674 0.3293457627296448 291
1761840143751 0.3291139006614685 292
1761840143829 0.32888880372047424 293
1761840143909 0.32867521047592163 294
1761840143990 0.3285408020019531 295
1761840144066 0.3283546268939972 296
1761840144144 0.32823944091796875 297
1761840144220 0.32798072695732117 298
1761840144296 0.3277629017829895 299
1761840144372 0.3276926875114441 300
1761840144446 0.3273884654045105 301
1761840144520 0.3272019922733307 302
1761840144591 0.32695329189300537 303
1761840144665 0.3268398642539978 304
1761840144737 0.3265281617641449 305
1761840144810 0.3263545632362366 306
1761840144885 0.32623499631881714 307
1761840144956 0.3261716365814209 308
1761840145030 0.32596689462661743 309
1761840145107 0.3259214460849762 310
1761840145183 0.325741708278656 311
1761840145260 0.3255484104156494 312
1761840145335 0.3254319727420807 313
1761840145408 0.32528266310691833 314
1761840145479 0.32500603795051575 315
1761840145549 0.3248574435710907 316
1761840145621 0.3246817886829376 317
1761840145695 0.324484646320343 318
1761840145770 0.3243139684200287 319
1761840145844 0.32411888241767883 320
1761840145917 0.3240838348865509 321
1761840145991 0.3240441083908081 322
1761840146064 0.32394975423812866 323
1761840146140 0.3236733675003052 324
1761840146213 0.323426753282547 325
1761840146287 0.3233647346496582 326
1761840146361 0.3232788145542145 327
1761840146434 0.32322341203689575 328
1761840146507 0.32293716073036194 329
1761840146580 0.32289665937423706 330
1761840146654 0.3227144181728363 331
1761840146727 0.32250723242759705 332
1761840146800 0.32227015495300293 333
1761840146873 0.3220445513725281 334
1761840146944 0.3220300078392029 335
1761840147017 0.32204198837280273 336
1761840147093 0.3219742178916931 337
1761840147166 0.32181164622306824 338
1761840147241 0.3216339945793152 339
1761840147314 0.32152488827705383 340
1761840147389 0.3212670385837555 341
1761840147462 0.3211382031440735 342
1761840147543 0.3211817741394043 343
1761840147623 0.3211045265197754 344
1761840147702 0.3210788369178772 345
1761840147789 0.3208736479282379 346
1761840147866 0.32068881392478943 347
1761840147941 0.3206244707107544 348
1761840148017 0.32063740491867065 349
1761840148089 0.32059741020202637 350
1761840148168 0.3203733563423157 351
1761840148247 0.32014963030815125 352
1761840148324 0.31991493701934814 353
1761840148398 0.31983810663223267 354
1761840148472 0.31961339712142944 355
1761840148545 0.3195071220397949 356
1761840148619 0.31938084959983826 357
1761840148694 0.31916895508766174 358
1761840148769 0.3190034329891205 359
1761840148848 0.3189641237258911 360
1761840148923 0.31885117292404175 361
1761840148998 0.3187388479709625 362
1761840149074 0.31869593262672424 363
1761840149149 0.3186541795730591 364
1761840149223 0.31849491596221924 365
1761840149298 0.3183935582637787 366
1761840149372 0.31831055879592896 367
1761840149446 0.3181440234184265 368
1761840149521 0.3180808126926422 369
1761840149595 0.31795164942741394 370
1761840149671 0.317756712436676 371
1761840149746 0.3175676763057709 372
1761840149820 0.3173595070838928 373
1761840149892 0.31712499260902405 374
1761840149965 0.31706511974334717 375
1761840150041 0.31689152121543884 376
1761840150112 0.31687262654304504 377
1761840150185 0.31686118245124817 378
1761840150260 0.3166983425617218 379
1761840150335 0.3166307210922241 380
1761840150410 0.3166603744029999 381
1761840150484 0.3165581226348877 382
1761840150556 0.3163340985774994 383
1761840150632 0.31621500849723816 384
1761840150706 0.3161628842353821 385
1761840150782 0.31596091389656067 386
1761840150855 0.31585294008255005 387
1761840150930 0.3156048357486725 388
1761840151004 0.31555646657943726 389
1761840151078 0.31553852558135986 390
1761840151153 0.31539323925971985 391
1761840151235 0.3152942657470703 392
1761840151319 0.3152349889278412 393
1761840151404 0.31513869762420654 394
1761840151484 0.31503793597221375 395
1761840151563 0.3149607479572296 396
1761840151668 0.31485483050346375 397
1761840151757 0.3147032558917999 398
1761840151841 0.31465649604797363 399
1761840151921 0.314498633146286 400
