1761840121906 1.9967719316482544 0
1761840121982 1.764073371887207 1
1761840122057 1.3188668489456177 2
1761840122133 2.0787909030914307 3
1761840122219 1.8641107082366943 4
1761840122294 0.7209300994873047 5
1761840122366 0.7695592045783997 6
1761840122439 0.8019505143165588 7
1761840122510 1.306968092918396 8
1761840122581 0.8816773891448975 9
1761840122652 1.007120966911316 10
1761840122721 0.41713663935661316 11
1761840122791 0.8064181804656982 12
1761840122867 1.459014654159546 13
1761840122943 1.3745501041412354 14
1761840123013 1.3401200771331787 15
1761840123086 0.44808366894721985 16
1761840123159 1.4192237854003906 17
1761840123229 0.5149726867675781 18
1761840123300 1.0910228490829468 19
1761840123371 0.9962010979652405 20
1761840123442 0.49205535650253296 21
1761840123513 0.5944802165031433 22
1761840123585 0.3964070677757263 23
1761840123656 0.2256738692522049 24
1761840123728 0.6407618522644043 25
1761840123798 0.4715733230113983 26
1761840123868 1.4783879518508911 27
1761840123941 0.7760051488876343 28
1761840124011 0.5556043982505798 29
1761840124081 1.0728963613510132 30
1761840124154 0.3091824948787689 31
1761840124225 0.29216843843460083 32
1761840124296 1.153263807296753 33
1761840124367 0.18057391047477722 34
1761840124442 0.9035534858703613 35
1761840124514 0.13285790383815765 36
1761840124588 1.4675891399383545 37
1761840124660 0.7056449055671692 38
1761840124732 1.1534125804901123 39
1761840124804 0.4751497209072113 40
1761840124876 1.3054498434066772 41
1761840124948 0.222796231508255 42
1761840125019 0.704276978969574 43
1761840125091 0.11172878742218018 44
1761840125162 0.9462286233901978 45
1761840125233 0.25502097606658936 46
1761840125303 0.5864423513412476 47
1761840125373 1.4013038873672485 48
1761840125441 0.19012996554374695 49
1761840125513 0.16060391068458557 50
1761840125585 0.7871521711349487 51
1761840125658 0.3557054400444031 52
1761840125729 0.5925461649894714 53
1761840125800 0.49201318621635437 54
1761840125870 0.22288110852241516 55
1761840125940 0.5227537751197815 56
1761840126011 0.5458559393882751 57
1761840126082 0.7036685943603516 58
1761840126153 1.093906044960022 59
1761840126223 0.40494418144226074 60
1761840126295 0.20172029733657837 61
1761840126365 0.1805625855922699 62
1761840126434 0.6103790402412415 63
1761840126505 0.2247971147298813 64
1761840126574 0.037693411111831665 65
1761840126646 0.5163025259971619 66
1761840126716 0.9195358157157898 67
1761840126786 0.3113009035587311 68
1761840126857 0.11800389736890793 69
1761840126927 0.3863653242588043 70
1761840126999 0.5345310568809509 71
1761840127073 0.5199272632598877 72
1761840127144 0.2084064483642578 73
1761840127213 1.2695109844207764 74
1761840127285 0.6484399437904358 75
1761840127358 1.0766384601593018 76
1761840127434 0.3719305694103241 77
1761840127507 0.9912742376327515 78
1761840127578 1.1331868171691895 79
1761840127650 0.7797343730926514 80
1761840127721 1.064138650894165 81
1761840127791 0.21494437754154205 82
1761840127859 0.6855830550193787 83
1761840127930 0.3276822865009308 84
1761840128000 0.10753260552883148 85
1761840128069 0.2002110779285431 86
1761840128141 0.6279885172843933 87
1761840128212 0.29343265295028687 88
1761840128283 0.99741131067276 89
1761840128353 1.135550618171692 90
1761840128424 0.13291706144809723 91
1761840128495 0.22784383594989777 92
1761840128568 1.2980602979660034 93
1761840128639 0.5367214679718018 94
1761840128709 0.3203703761100769 95
1761840128784 0.30565914511680603 96
1761840128865 0.1551017463207245 97
1761840128941 1.2958003282546997 98
1761840129019 0.408671110868454 99
1761840129095 0.12971483170986176 100
1761840129168 0.35114747285842896 101
1761840129245 0.3388115167617798 102
1761840129323 0.21057943999767303 103
1761840129413 0.46078112721443176 104
1761840129523 0.5626299381256104 105
1761840129625 0.3996378183364868 106
1761840129706 0.4010644257068634 107
1761840129787 0.5042053461074829 108
1761840129870 0.21962465345859528 109
1761840129952 1.2483670711517334 110
1761840130042 0.07484468817710876 111
1761840130125 0.15918126702308655 112
1761840130239 0.30754998326301575 113
1761840130340 0.49346017837524414 114
1761840130420 0.8245776891708374 115
1761840130498 0.5969428420066833 116
1761840130578 0.045870766043663025 117
1761840130653 0.6802141666412354 118
1761840130733 0.9780120849609375 119
1761840130813 0.3769868314266205 120
1761840130896 0.43234360218048096 121
1761840130975 0.8258407711982727 122
1761840131055 0.2537744343280792 123
1761840131132 0.24266460537910461 124
1761840131210 0.6321133375167847 125
1761840131296 0.17782744765281677 126
1761840131377 0.07660498470067978 127
1761840131459 1.0857882499694824 128
1761840131537 0.1299903392791748 129
1761840131613 0.5924608707427979 130
1761840131685 0.5826120972633362 131
1761840131761 0.24889880418777466 132
1761840131844 0.6270856857299805 133
1761840131930 0.17854614555835724 134
1761840132006 0.17519885301589966 135
1761840132085 0.07588909566402435 136
1761840132171 0.2834259271621704 137
1761840132251 0.5476977229118347 138
1761840132331 0.23356886208057404 139
1761840132408 0.6531846523284912 140
1761840132484 0.09963345527648926 141
1761840132560 1.056623101234436 142
1761840132633 0.1325032114982605 143
1761840132707 0.6543304920196533 144
1761840132780 0.10984594374895096 145
1761840132852 0.40886756777763367 146
1761840132926 0.3680880069732666 147
1761840133011 0.8106051087379456 148
1761840133091 0.21837852895259857 149
1761840133169 0.3750659227371216 150
1761840133268 0.11489581316709518 151
1761840133346 0.3622809946537018 152
1761840133425 1.0096023082733154 153
1761840133504 0.7648834586143494 154
1761840133580 0.5888970494270325 155
1761840133659 0.6596550345420837 156
1761840133734 0.35937801003456116 157
1761840133809 1.1138652563095093 158
1761840133886 0.31667372584342957 159
1761840133959 0.5323674082756042 160
1761840134033 0.5985802412033081 161
1761840134105 0.9509516954421997 162
1761840134179 0.3532702922821045 163
1761840134253 0.5953841209411621 164
1761840134329 0.8564693331718445 165
1761840134402 0.20342352986335754 166
1761840134476 0.37430670857429504 167
1761840134549 0.17412936687469482 168
1761840134620 0.42405837774276733 169
1761840134689 0.39541885256767273 170
1761840134763 0.5009109973907471 171
1761840134832 0.1237519383430481 172
1761840134908 0.2730502486228943 173
1761840134980 0.48298734426498413 174
1761840135053 0.32280242443084717 175
1761840135125 0.24069853127002716 176
1761840135199 0.2053307443857193 177
1761840135283 0.8160309791564941 178
1761840135365 0.15330547094345093 179
1761840135447 0.16291341185569763 180
1761840135523 0.6890029907226562 181
1761840135597 1.0814707279205322 182
1761840135671 0.19836872816085815 183
1761840135745 0.5381524562835693 184
1761840135817 0.5169569849967957 185
1761840135900 0.29499706625938416 186
1761840135982 0.5573282241821289 187
1761840136063 0.6190237998962402 188
1761840136139 0.06102936714887619 189
1761840136215 0.0897722840309143 190
1761840136292 0.1658833622932434 191
1761840136366 0.12771911919116974 192
1761840136441 0.7095819711685181 193
1761840136517 0.2956281900405884 194
1761840136594 0.539380669593811 195
1761840136670 0.15286214649677277 196
1761840136746 0.3090827465057373 197
1761840136821 0.5864651799201965 198
1761840136896 0.4110913872718811 199
1761840136970 0.46702340245246887 200
1761840137043 0.38379570841789246 201
1761840137117 0.5321718454360962 202
1761840137189 0.6503877639770508 203
1761840137262 1.1355152130126953 204
1761840137333 0.1352919489145279 205
1761840137406 0.07270882278680801 206
1761840137479 0.36080700159072876 207
1761840137553 0.7055361270904541 208
1761840137626 0.12624284625053406 209
1761840137701 0.27811288833618164 210
1761840137775 0.1173589900135994 211
1761840137848 0.5991657376289368 212
1761840137922 0.03989170491695404 213
1761840137994 0.36185672879219055 214
1761840138069 0.05416237562894821 215
1761840138142 0.09647569060325623 216
1761840138214 0.26746276021003723 217
1761840138286 0.25080254673957825 218
1761840138359 0.5215120315551758 219
1761840138432 0.09667399525642395 220
1761840138504 0.665560245513916 221
1761840138577 0.541365921497345 222
1761840138651 1.1462278366088867 223
1761840138724 1.512911319732666 224
1761840138797 0.04156046733260155 225
1761840138870 0.18355990946292877 226
1761840138943 0.8841647505760193 227
1761840139017 0.3878845274448395 228
1761840139089 0.2885666787624359 229
1761840139164 0.1973835974931717 230
1761840139236 0.3803488314151764 231
1761840139308 0.18518713116645813 232
1761840139380 0.48227450251579285 233
1761840139451 0.28287771344184875 234
1761840139523 0.7729009985923767 235
1761840139596 0.3012952208518982 236
1761840139668 0.47787046432495117 237
1761840139739 0.6009817123413086 238
1761840139813 0.6499398350715637 239
1761840139883 0.5591903924942017 240
1761840139953 0.6571172475814819 241
1761840140026 0.06728102266788483 242
1761840140099 0.8177950978279114 243
1761840140171 0.4579147696495056 244
1761840140244 0.07257465273141861 245
1761840140314 0.6284733414649963 246
1761840140386 0.7519904375076294 247
1761840140459 0.32297930121421814 248
1761840140532 0.5168082118034363 249
1761840140604 0.16179731488227844 250
1761840140676 1.0512232780456543 251
1761840140749 0.4029998183250427 252
1761840140822 0.7810339331626892 253
1761840140895 0.06806134432554245 254
1761840140967 0.2255372405052185 255
1761840141041 0.3364424705505371 256
1761840141115 0.051826298236846924 257
1761840141187 0.41371747851371765 258
1761840141260 0.9519157409667969 259
1761840141333 0.9687669277191162 260
1761840141425 0.40987902879714966 261
1761840141500 0.7229808568954468 262
1761840141573 0.2624645531177521 263
1761840141647 0.48077452182769775 264
1761840141718 0.09000053256750107 265
1761840141790 0.912811279296875 266
1761840141863 0.5238111615180969 267
1761840141936 0.16576862335205078 268
1761840142023 0.3120451271533966 269
1761840142102 0.3958774209022522 270
1761840142177 0.3925524353981018 271
1761840142251 0.3497755527496338 272
1761840142324 0.5436743497848511 273
1761840142397 0.48127883672714233 274
1761840142470 0.14312908053398132 275
1761840142542 0.2592352032661438 276
1761840142615 0.8326549530029297 277
1761840142688 0.041103433817625046 278
1761840142760 0.18884585797786713 279
1761840142833 0.7559120059013367 280
1761840142906 0.06238381564617157 281
1761840142980 0.7718251943588257 282
1761840143055 0.3548179566860199 283
1761840143130 0.803490161895752 284
1761840143209 0.2891116738319397 285
1761840143289 1.3788015842437744 286
1761840143363 0.16320648789405823 287
1761840143440 0.06986674666404724 288
1761840143518 0.1690070778131485 289
1761840143596 0.4959011375904083 290
1761840143674 0.2363373190164566 291
1761840143751 0.2985764443874359 292
1761840143829 0.17383944988250732 293
1761840143909 0.1965777426958084 294
1761840143990 0.07621707022190094 295
1761840144066 0.6275256872177124 296
1761840144144 0.6847469806671143 297
1761840144220 0.5501348376274109 298
1761840144296 0.5236706733703613 299
1761840144372 0.6860630512237549 300
1761840144446 0.02482885681092739 301
1761840144520 0.37217357754707336 302
1761840144591 0.1993439495563507 303
1761840144665 0.10728602111339569 304
1761840144737 0.09676147997379303 305
1761840144810 0.6111254692077637 306
1761840144885 0.5608159303665161 307
1761840144956 0.7006252408027649 308
1761840145030 0.07027576863765717 309
1761840145107 0.5302016139030457 310
1761840145183 0.08692068606615067 311
1761840145260 0.2347361445426941 312
1761840145335 0.6544177532196045 313
1761840145408 0.8922008872032166 314
1761840145479 0.7680658102035522 315
1761840145549 0.5792332887649536 316
1761840145621 0.514098048210144 317
1761840145695 0.4077036380767822 318
1761840145770 0.028097813948988914 319
1761840145844 1.3597501516342163 320
1761840145917 0.7851555347442627 321
1761840145991 0.27337032556533813 322
1761840146064 0.38336265087127686 323
1761840146140 0.10029040277004242 324
1761840146213 0.20821699500083923 325
1761840146287 0.20097868144512177 326
1761840146361 0.7568395733833313 327
1761840146434 0.15619635581970215 328
1761840146507 0.4615938067436218 329
1761840146580 0.16297796368598938 330
1761840146654 0.26628577709198 331
1761840146727 0.08117574453353882 332
1761840146800 0.39457860589027405 333
1761840146873 0.23548221588134766 334
1761840146944 0.03222008794546127 335
1761840147017 1.490160346031189 336
1761840147093 0.10668201744556427 337
1761840147166 0.5133174657821655 338
1761840147241 0.1638934165239334 339
1761840147314 0.16535834968090057 340
1761840147389 0.1969331055879593 341
1761840147462 0.6048938035964966 342
1761840147543 0.6811435222625732 343
1761840147623 0.3153705894947052 344
1761840147702 1.2059561014175415 345
1761840147789 0.44140738248825073 346
1761840147866 0.15875335037708282 347
1761840147941 0.33337289094924927 348
1761840148017 1.138986587524414 349
1761840148089 0.8776585459709167 350
1761840148168 0.27418431639671326 351
1761840148247 0.06855203211307526 352
1761840148324 0.22956034541130066 353
1761840148398 0.7042072415351868 354
1761840148472 0.38873404264450073 355
1761840148545 1.7699483633041382 356
1761840148619 0.20928317308425903 357
1761840148694 0.20351853966712952 358
1761840148769 0.44406858086586 359
1761840148848 0.14395421743392944 360
1761840148923 0.5556924343109131 361
1761840148998 0.5168672800064087 362
1761840149074 0.2303541898727417 363
1761840149149 0.8457347750663757 364
1761840149223 0.25705981254577637 365
1761840149298 0.34215545654296875 366
1761840149372 0.7864823341369629 367
1761840149446 0.9608570337295532 368
1761840149521 1.0775411128997803 369
1761840149595 0.7372120022773743 370
1761840149671 0.6691989302635193 371
1761840149746 0.15234455466270447 372
1761840149820 0.3916231691837311 373
1761840149892 0.5309934616088867 374
1761840149965 0.40439149737358093 375
1761840150041 0.7622900605201721 376
1761840150112 0.11358519643545151 377
1761840150185 2.0378379821777344 378
1761840150260 0.4649522602558136 379
1761840150335 0.1680639684200287 380
1761840150410 0.52635657787323 381
1761840150484 0.2661985456943512 382
1761840150556 0.09338313341140747 383
1761840150632 0.14060920476913452 384
1761840150706 0.3965211510658264 385
1761840150782 0.10215546190738678 386
1761840150855 0.0672944188117981 387
1761840150930 0.6715925931930542 388
1761840151004 0.11993560940027237 389
1761840151078 0.30491429567337036 390
1761840151153 0.3423072099685669 391
1761840151235 0.3099379539489746 392
1761840151319 0.8238565325737 393
1761840151404 0.40406161546707153 394
1761840151484 0.7278227806091309 395
1761840151563 0.5514118075370789 396
1761840151668 0.2563263475894928 397
1761840151757 0.13166171312332153 398
1761840151841 0.28685784339904785 399
1761840151921 0.37845855951309204 400
