1762792711127 1.7821584939956665 0
1762792711220 1.5650368928909302 1
1762792711317 1.4323408603668213 2
1762792711413 1.347952127456665 3
1762792711510 1.277746558189392 4
1762792711603 1.2153375148773193 5
1762792711694 1.1686279773712158 6
1762792711786 1.1242550611495972 7
1762792711878 1.0857431888580322 8
1762792711969 1.0474642515182495 9
1762792712061 1.0190637111663818 10
1762792712154 0.9902656078338623 11
1762792712246 0.9627056121826172 12
1762792712339 0.9379643797874451 13
1762792712429 0.9146690964698792 14
1762792712519 0.8957628011703491 15
1762792712604 0.8801978826522827 16
1762792712696 0.864984393119812 17
1762792712789 0.8530856966972351 18
1762792712882 0.8373039364814758 19
1762792712972 0.823779821395874 20
1762792713063 0.805485725402832 21
1762792713155 0.793874979019165 22
1762792713245 0.781420886516571 23
1762792713336 0.768244206905365 24
1762792713427 0.7546078562736511 25
1762792713516 0.7423529028892517 26
1762792713607 0.7320197224617004 27
