1762792711127 1.6284432411193848 0
1762792711220 1.1756620407104492 1
1762792711317 1.738955020904541 2
1762792711413 1.2254136800765991 3
1762792711510 1.2041467428207397 4
1762792711603 0.88233482837677 5
1762792711694 0.9138566851615906 6
1762792711786 0.9799774885177612 7
1762792711878 0.6837888360023499 8
1762792711969 0.7274523377418518 9
1762792712061 0.4959932267665863 10
1762792712154 0.9252424836158752 11
1762792712246 0.19355104863643646 12
1762792712339 0.32085907459259033 13
1762792712429 1.2494436502456665 14
1762792712519 0.9640191793441772 15
1762792712604 0.5207381844520569 16
1762792712696 0.5505625605583191 17
1762792712789 0.5768925547599792 18
1762792712882 1.0593760013580322 19
1762792712972 0.5089299082756042 20
1762792713063 0.5238294005393982 21
1762792713155 0.4912199079990387 22
1762792713245 0.4099520742893219 23
1762792713336 0.47927969694137573 24
1762792713427 0.44716253876686096 25
1762792713516 0.31363898515701294 26
1762792713607 0.7104721069335938 27
