1763905277048 1.7863062620162964 0
1763905277143 1.5659250020980835 1
1763905277235 1.4284124374389648 2
1763905277329 1.3314971923828125 3
1763905277421 1.2478086948394775 4
1763905277512 1.1908808946609497 5
1763905277604 1.1432074308395386 6
1763905277696 1.1012672185897827 7
1763905277788 1.065752625465393 8
1763905277880 1.0277925729751587 9
1763905277973 1.0022952556610107 10
1763905278066 0.9751341938972473 11
1763905278157 0.9485677480697632 12
1763905278252 0.9211158752441406 13
1763905278343 0.9049827456474304 14
1763905278434 0.8900815844535828 15
1763905278526 0.8737413287162781 16
1763905278617 0.8573601841926575 17
1763905278709 0.8382596373558044 18
1763905278800 0.8229102492332458 19
1763905278892 0.8105610013008118 20
1763905278984 0.8006631135940552 21
1763905279075 0.7883840799331665 22
1763905279168 0.7762953639030457 23
1763905279259 0.7634477615356445 24
1763905279351 0.7541221380233765 25
1763905279441 0.7439433932304382 26
1763905279533 0.7328329682350159 27
1763905279624 0.7214867472648621 28
1763905279715 0.7118725776672363 29
1763905279807 0.7029197812080383 30
