1763905277048 1.3420058488845825 0
1763905277143 1.4333930015563965 1
1763905277235 0.770808756351471 2
1763905277329 1.3766639232635498 3
1763905277421 0.6810084581375122 4
1763905277512 1.6251699924468994 5
1763905277604 0.748296856880188 6
1763905277696 0.5388222932815552 7
1763905277788 0.8802270293235779 8
1763905277880 0.46022921800613403 9
1763905277973 1.0583696365356445 10
1763905278066 0.7907010316848755 11
1763905278157 0.458885133266449 12
1763905278252 0.6207757592201233 13
1763905278343 1.0097239017486572 14
1763905278434 0.782058596611023 15
1763905278526 0.9995710253715515 16
1763905278617 0.32045018672943115 17
1763905278709 0.7591640949249268 18
1763905278800 0.9715157747268677 19
1763905278892 0.8137403726577759 20
1763905278984 0.48407670855522156 21
1763905279075 0.7014556527137756 22
1763905279168 0.6353152394294739 23
1763905279259 0.2667198181152344 24
1763905279351 0.35135170817375183 25
1763905279441 0.4802582561969757 26
1763905279533 0.4607430100440979 27
1763905279624 0.22849129140377045 28
1763905279715 0.362588495016098 29
1763905279807 0.4025351107120514 30
