1762792674266 1.765077829360962 0
1762792674359 1.5433770418167114 1
1762792674464 1.4175748825073242 2
1762792674561 1.3448421955108643 3
1762792674654 1.2945611476898193 4
1762792674748 1.2482020854949951 5
1762792674840 1.1936230659484863 6
1762792674933 1.1563217639923096 7
1762792675026 1.125485897064209 8
1762792675118 1.0870696306228638 9
1762792675210 1.0682172775268555 10
1762792675304 1.0425204038619995 11
1762792675395 1.013144850730896 12
1762792675493 0.9938647747039795 13
1762792675585 0.9778409004211426 14
1762792675678 0.9598118662834167 15
1762792675774 0.9411187171936035 16
1762792675866 0.9254357814788818 17
1762792675958 0.9107643961906433 18
1762792676051 0.895535409450531 19
1762792676144 0.8798482418060303 20
1762792676235 0.8670633435249329 21
1762792676327 0.85475754737854 22
1762792676421 0.8445814251899719 23
1762792676522 0.8374372124671936 24
1762792676619 0.8278805017471313 25
