1762792674266 1.3228545188903809 0
1762792674359 1.6528735160827637 1
1762792674464 1.377538800239563 2
1762792674561 1.8236750364303589 3
1762792674654 0.8428579568862915 4
1762792674748 1.27053701877594 5
1762792674840 0.6795651912689209 6
1762792674933 0.6465909481048584 7
1762792675026 0.532518208026886 8
1762792675118 0.710906982421875 9
1762792675210 1.3745719194412231 10
1762792675304 0.7542684674263 11
1762792675395 0.6583356857299805 12
1762792675493 0.6098246574401855 13
1762792675585 0.7137836217880249 14
1762792675678 0.41942891478538513 15
1762792675774 0.3165717124938965 16
1762792675866 0.5294238328933716 17
1762792675958 0.5857558846473694 18
1762792676051 0.1672666072845459 19
1762792676144 0.7782818675041199 20
1762792676235 0.9985477924346924 21
1762792676327 0.3934541344642639 22
1762792676421 0.5010238885879517 23
1762792676522 0.3504980504512787 24
1762792676619 0.17824500799179077 25
