1763904630639 1.7848293781280518 0
1763904630731 1.5682061910629272 1
1763904630828 1.4455395936965942 2
1763904630921 1.3522528409957886 3
1763904631015 1.2807763814926147 4
1763904631110 1.2227046489715576 5
1763904631204 1.1694597005844116 6
1763904631297 1.124366283416748 7
1763904631393 1.0800131559371948 8
1763904631489 1.0447807312011719 9
1763904631580 1.0167357921600342 10
1763904631671 0.9913904070854187 11
1763904631764 0.9711581468582153 12
1763904631857 0.9504782557487488 13
1763904631948 0.9252200722694397 14
1763904632041 0.9052884578704834 15
1763904632141 0.8875172138214111 16
1763904632236 0.8721796870231628 17
1763904632332 0.8590648174285889 18
1763904632424 0.8465628623962402 19
1763904632515 0.8321735858917236 20
1763904632604 0.8179753422737122 21
1763904632693 0.8028004765510559 22
1763904632784 0.7905663251876831 23
1763904632875 0.7788901925086975 24
1763904632966 0.7682072520256042 25
1763904633058 0.759707510471344 26
1763904633149 0.7491779327392578 27
1763904633240 0.7386804819107056 28
1763904633333 0.7285808324813843 29
1763904633426 0.7188495397567749 30
