1763904630639 1.8803318738937378 0
1763904630731 1.0509593486785889 1
1763904630828 1.0194666385650635 2
1763904630921 1.4227051734924316 3
1763904631015 0.8280020952224731 4
1763904631110 0.9998301863670349 5
1763904631204 0.9823532104492188 6
1763904631297 0.4185059368610382 7
1763904631393 0.9822231531143188 8
1763904631489 0.943983256816864 9
1763904631580 0.671328067779541 10
1763904631671 0.5810163021087646 11
1763904631764 0.6182949542999268 12
1763904631857 0.7473088502883911 13
1763904631948 0.6844851970672607 14
1763904632041 0.7013248801231384 15
1763904632141 0.4305923879146576 16
1763904632236 0.7213153839111328 17
1763904632332 0.21274293959140778 18
1763904632424 0.573227047920227 19
1763904632515 0.33823826909065247 20
1763904632604 0.41736331582069397 21
1763904632693 0.264085054397583 22
1763904632784 0.29830846190452576 23
1763904632875 0.328632116317749 24
1763904632966 0.46974799036979675 25
1763904633058 0.24599066376686096 26
1763904633149 0.43852531909942627 27
1763904633240 0.22636260092258453 28
1763904633333 0.06419821083545685 29
1763904633426 0.3418712317943573 30
