1761839689651 1.811141014099121 0
1761839689728 1.624524712562561 1
1761839689802 1.507805347442627 2
1761839689876 1.433744192123413 3
1761839689949 1.3657050132751465 4
1761839690019 1.2955913543701172 5
1761839690091 1.2401835918426514 6
1761839690163 1.1962565183639526 7
1761839690233 1.1604037284851074 8
1761839690306 1.1270946264266968 9
1761839690377 1.1039665937423706 10
1761839690449 1.0759825706481934 11
1761839690520 1.0455137491226196 12
1761839690590 1.0229568481445312 13
1761839690661 0.9997301697731018 14
1761839690732 0.9801732301712036 15
1761839690802 0.9663884043693542 16
1761839690872 0.954674243927002 17
1761839690941 0.9337459802627563 18
1761839691011 0.9184556603431702 19
1761839691082 0.9009648561477661 20
1761839691152 0.8876233696937561 21
1761839691222 0.8701848387718201 22
1761839691294 0.8588083386421204 23
1761839691365 0.8473455309867859 24
1761839691440 0.8359302878379822 25
1761839691514 0.8241948485374451 26
1761839691585 0.8129363656044006 27
1761839691655 0.8055928349494934 28
1761839691726 0.794044017791748 29
1761839691798 0.7834392189979553 30
1761839691868 0.7730137705802917 31
1761839691939 0.7678318023681641 32
1761839692015 0.7604889869689941 33
1761839692087 0.7521498203277588 34
1761839692159 0.7458831071853638 35
1761839692230 0.7381030321121216 36
1761839692302 0.7314002513885498 37
1761839692372 0.7249846458435059 38
1761839692445 0.7184866070747375 39
1761839692517 0.7119972109794617 40
1761839692589 0.7055354118347168 41
1761839692661 0.6987565159797668 42
1761839692732 0.6922866702079773 43
1761839692803 0.6848458647727966 44
1761839692875 0.6789157390594482 45
1761839692956 0.6726336479187012 46
1761839693035 0.6675823330879211 47
1761839693112 0.6613971590995789 48
1761839693193 0.6554781198501587 49
1761839693270 0.6492353081703186 50
1761839693347 0.6431539058685303 51
1761839693420 0.6362637877464294 52
1761839693498 0.6293268203735352 53
1761839693585 0.6241044998168945 54
1761839693658 0.6179506182670593 55
1761839693731 0.6125320792198181 56
1761839693805 0.6067264676094055 57
1761839693884 0.6011545658111572 58
1761839693966 0.5958077311515808 59
1761839694045 0.5900259017944336 60
1761839694121 0.5838186740875244 61
1761839694194 0.5777554512023926 62
1761839694288 0.5723891854286194 63
1761839694370 0.5678483843803406 64
1761839694449 0.5633329749107361 65
1761839694525 0.5586137175559998 66
1761839694600 0.554155707359314 67
1761839694676 0.5494617819786072 68
1761839694756 0.5451443791389465 69
1761839694835 0.5413240790367126 70
1761839694906 0.5375450253486633 71
1761839694979 0.5336085557937622 72
1761839695049 0.5308167338371277 73
1761839695120 0.5268291234970093 74
1761839695190 0.5230904221534729 75
1761839695268 0.5196341872215271 76
1761839695341 0.516548752784729 77
1761839695412 0.5131358504295349 78
1761839695482 0.5092906951904297 79
1761839695551 0.5059274435043335 80
1761839695621 0.5031411051750183 81
1761839695693 0.5005307197570801 82
1761839695798 0.4978175759315491 83
1761839695877 0.4948623478412628 84
1761839695956 0.4920026361942291 85
1761839696038 0.4894866943359375 86
1761839696115 0.48620715737342834 87
1761839696189 0.48345282673835754 88
1761839696273 0.4809975028038025 89
1761839696352 0.47872990369796753 90
1761839696427 0.4763806164264679 91
1761839696502 0.47390636801719666 92
1761839696576 0.4712620675563812 93
1761839696648 0.46828025579452515 94
1761839696722 0.46605098247528076 95
1761839696796 0.4640003740787506 96
1761839696867 0.46169254183769226 97
1761839696940 0.46001681685447693 98
1761839697019 0.45746299624443054 99
1761839697095 0.455646812915802 100
1761839697167 0.4536570906639099 101
1761839697238 0.45186692476272583 102
1761839697313 0.4494403302669525 103
1761839697385 0.4476192593574524 104
1761839697456 0.4456404149532318 105
1761839697526 0.4440922737121582 106
1761839697596 0.44238170981407166 107
1761839697679 0.4405861496925354 108
1761839697761 0.4387699365615845 109
1761839697838 0.4373609125614166 110
1761839697914 0.4360068738460541 111
1761839697991 0.43432727456092834 112
1761839698073 0.43250057101249695 113
1761839698179 0.4305962026119232 114
1761839698261 0.4289506673812866 115
1761839698339 0.42794135212898254 116
1761839698414 0.4262882471084595 117
1761839698489 0.4245278239250183 118
1761839698563 0.42301052808761597 119
1761839698636 0.4212329387664795 120
1761839698711 0.41936224699020386 121
1761839698787 0.417685866355896 122
1761839698864 0.41616708040237427 123
1761839698938 0.41456347703933716 124
1761839699013 0.4132623076438904 125
1761839699085 0.41209810972213745 126
1761839699157 0.41099607944488525 127
1761839699244 0.4098183214664459 128
1761839699334 0.40873315930366516 129
1761839699414 0.4078294038772583 130
1761839699496 0.40674424171447754 131
1761839699572 0.40632981061935425 132
1761839699645 0.4052327871322632 133
1761839699716 0.40407928824424744 134
1761839699790 0.40352940559387207 135
1761839699861 0.4027690887451172 136
1761839699935 0.40167027711868286 137
1761839700005 0.4004594087600708 138
1761839700078 0.39917755126953125 139
1761839700154 0.398196816444397 140
1761839700231 0.39742541313171387 141
1761839700306 0.3962310254573822 142
1761839700384 0.39529919624328613 143
1761839700464 0.39420270919799805 144
1761839700544 0.39311841130256653 145
1761839700623 0.3919420838356018 146
1761839700703 0.3912474513053894 147
1761839700775 0.39043983817100525 148
1761839700848 0.389849454164505 149
1761839700922 0.38878461718559265 150
1761839700993 0.3878457844257355 151
1761839701066 0.386856347322464 152
1761839701139 0.3859071135520935 153
1761839701213 0.38498929142951965 154
1761839701290 0.3839469254016876 155
1761839701365 0.38309791684150696 156
1761839701439 0.3820493221282959 157
1761839701513 0.381438285112381 158
1761839701595 0.3807315230369568 159
1761839701667 0.38029295206069946 160
1761839701739 0.3794485032558441 161
1761839701811 0.37853333353996277 162
1761839701882 0.37765640020370483 163
1761839701954 0.37686628103256226 164
1761839702026 0.3761138916015625 165
1761839702100 0.3756779730319977 166
1761839702176 0.37506288290023804 167
1761839702252 0.3742072880268097 168
1761839702327 0.37340542674064636 169
1761839702400 0.37271058559417725 170
1761839702471 0.3719187080860138 171
1761839702545 0.3712305724620819 172
1761839702618 0.37068432569503784 173
1761839702692 0.3699246346950531 174
1761839702764 0.36913955211639404 175
1761839702837 0.3681686222553253 176
1761839702911 0.36746329069137573 177
1761839702987 0.36679700016975403 178
1761839703059 0.36603567004203796 179
1761839703130 0.3653053343296051 180
1761839703201 0.36481204628944397 181
1761839703274 0.3641912341117859 182
1761839703346 0.3634825348854065 183
1761839703420 0.3629736602306366 184
1761839703494 0.3622180223464966 185
1761839703568 0.3615035116672516 186
1761839703647 0.36111098527908325 187
1761839703725 0.36035656929016113 188
1761839703808 0.3596974313259125 189
1761839703890 0.3593655824661255 190
1761839703965 0.35870686173439026 191
1761839704038 0.3580262362957001 192
1761839704109 0.357753723859787 193
1761839704183 0.3573538064956665 194
1761839704256 0.3567400574684143 195
1761839704335 0.3563508689403534 196
1761839704416 0.3556939959526062 197
1761839704492 0.3550882935523987 198
1761839704566 0.354336678981781 199
1761839704644 0.35405150055885315 200
1761839704718 0.35335344076156616 201
1761839704788 0.35281112790107727 202
1761839704861 0.35239702463150024 203
1761839704934 0.3519338071346283 204
1761839705006 0.35159966349601746 205
1761839705081 0.351278692483902 206
1761839705155 0.3506673276424408 207
1761839705230 0.3501228094100952 208
1761839705303 0.3499296307563782 209
1761839705377 0.34948819875717163 210
1761839705451 0.3489275574684143 211
1761839705522 0.348421186208725 212
1761839705593 0.3478025197982788 213
1761839705666 0.3470989465713501 214
1761839705742 0.34646719694137573 215
1761839705818 0.3461057245731354 216
1761839705893 0.3457808494567871 217
1761839705970 0.345383882522583 218
1761839706047 0.3448179066181183 219
1761839706124 0.3442263901233673 220
1761839706208 0.3438839316368103 221
1761839706301 0.34355998039245605 222
1761839706380 0.343037873506546 223
1761839706459 0.3427012860774994 224
1761839706548 0.34229743480682373 225
1761839706625 0.34209144115448 226
1761839706702 0.3416016101837158 227
1761839706779 0.341173380613327 228
1761839706852 0.3407144546508789 229
1761839706926 0.3402782082557678 230
1761839707005 0.339896023273468 231
1761839707080 0.3394353687763214 232
1761839707155 0.3392186760902405 233
1761839707231 0.33894211053848267 234
1761839707328 0.3384300172328949 235
1761839707406 0.3381432890892029 236
1761839707485 0.3375612497329712 237
1761839707563 0.33723899722099304 238
1761839707647 0.33685174584388733 239
1761839707723 0.33667969703674316 240
1761839707798 0.336457222700119 241
1761839707874 0.3362477421760559 242
1761839707947 0.3360280394554138 243
1761839708021 0.33567124605178833 244
1761839708095 0.3352191150188446 245
1761839708168 0.33486929535865784 246
1761839708258 0.3343833386898041 247
1761839708355 0.3342105448246002 248
1761839708438 0.3338094651699066 249
1761839708516 0.33349138498306274 250
1761839708595 0.33316242694854736 251
1761839708676 0.3327648639678955 252
1761839708751 0.332535058259964 253
1761839708835 0.3322330117225647 254
1761839708930 0.3317793905735016 255
1761839709008 0.33131542801856995 256
1761839709082 0.33098500967025757 257
1761839709157 0.3307230770587921 258
1761839709241 0.330514520406723 259
1761839709341 0.3305794298648834 260
1761839709424 0.3303641378879547 261
1761839709513 0.3300817310810089 262
1761839709590 0.32962873578071594 263
1761839709668 0.3294161558151245 264
1761839709745 0.3290764391422272 265
1761839709823 0.3285920023918152 266
1761839709902 0.32847246527671814 267
1761839709983 0.32817015051841736 268
1761839710059 0.32778382301330566 269
1761839710135 0.32745906710624695 270
1761839710214 0.32705849409103394 271
1761839710302 0.3266828954219818 272
1761839710381 0.32648780941963196 273
1761839710458 0.3263781666755676 274
1761839710537 0.3260432779788971 275
1761839710615 0.32571303844451904 276
1761839710690 0.32547613978385925 277
1761839710763 0.32531312108039856 278
1761839710858 0.3250897526741028 279
1761839710937 0.324824720621109 280
1761839711022 0.32458728551864624 281
1761839711119 0.3245590925216675 282
1761839711206 0.32416853308677673 283
1761839711311 0.32390591502189636 284
1761839711391 0.3234497904777527 285
1761839711471 0.32304802536964417 286
1761839711548 0.32289332151412964 287
1761839711623 0.3227511942386627 288
1761839711696 0.3224351406097412 289
1761839711772 0.3222055733203888 290
1761839711950 0.3218757212162018 291
1761839712025 0.32169049978256226 292
1761839712102 0.3214341104030609 293
1761839712183 0.3211629092693329 294
1761839712268 0.321034699678421 295
1761839712352 0.3208504319190979 296
1761839712434 0.32048943638801575 297
1761839712516 0.32023799419403076 298
1761839712595 0.320222944021225 299
1761839712671 0.3200622797012329 300
1761839712746 0.319730281829834 301
1761839712820 0.3193930685520172 302
1761839712894 0.3190745711326599 303
1761839712972 0.31874334812164307 304
1761839713048 0.31844452023506165 305
1761839713124 0.3183521628379822 306
1761839713198 0.31801384687423706 307
1761839713275 0.3179493844509125 308
1761839713350 0.317609041929245 309
1761839713424 0.31730958819389343 310
1761839713513 0.3169604539871216 311
1761839713599 0.3167639970779419 312
1761839713678 0.3166913390159607 313
1761839713759 0.31655755639076233 314
1761839713840 0.31637632846832275 315
1761839713918 0.31619223952293396 316
1761839714000 0.31602194905281067 317
1761839714081 0.3160066604614258 318
1761839714158 0.3157976269721985 319
1761839714240 0.31564515829086304 320
1761839714332 0.3157176077365875 321
1761839714418 0.31571078300476074 322
1761839714503 0.31553781032562256 323
1761839714583 0.31535109877586365 324
1761839714661 0.31525349617004395 325
1761839714741 0.3150743842124939 326
1761839714819 0.3148559629917145 327
1761839714892 0.314593642950058 328
1761839714967 0.3143504559993744 329
1761839715042 0.31431448459625244 330
1761839715117 0.3143356144428253 331
1761839715191 0.31427183747291565 332
1761839715269 0.313982218503952 333
1761839715347 0.31379297375679016 334
1761839715424 0.31363147497177124 335
1761839715498 0.31343764066696167 336
1761839715571 0.3133344054222107 337
1761839715645 0.3132803738117218 338
1761839715718 0.31311213970184326 339
1761839715790 0.3130485415458679 340
1761839715865 0.3128103017807007 341
1761839715939 0.3126189410686493 342
1761839716013 0.3125758469104767 343
1761839716089 0.31229886412620544 344
1761839716165 0.312062531709671 345
1761839716243 0.3119863271713257 346
1761839716317 0.3117313086986542 347
1761839716391 0.3114524483680725 348
1761839716463 0.31131401658058167 349
1761839716541 0.31120947003364563 350
1761839716617 0.3110673427581787 351
1761839716696 0.31095194816589355 352
1761839716771 0.31077706813812256 353
1761839716849 0.3105557858943939 354
1761839716922 0.3104391098022461 355
1761839716997 0.310275673866272 356
1761839717080 0.3101862370967865 357
1761839717161 0.31003960967063904 358
1761839717239 0.3097923994064331 359
1761839717314 0.3096388578414917 360
1761839717388 0.30951088666915894 361
1761839717465 0.30939164757728577 362
1761839717544 0.3092886507511139 363
1761839717626 0.3091578483581543 364
1761839717706 0.30904245376586914 365
1761839717784 0.3089051842689514 366
1761839717862 0.3087877929210663 367
1761839717940 0.308759480714798 368
1761839718019 0.30861324071884155 369
1761839718115 0.3084675371646881 370
1761839718198 0.30840757489204407 371
1761839718292 0.30822575092315674 372
1761839718397 0.3081161677837372 373
1761839718484 0.3080522418022156 374
1761839718570 0.3079066574573517 375
1761839718650 0.30761271715164185 376
1761839718727 0.3075086772441864 377
1761839718805 0.30717733502388 378
1761839718885 0.30700188875198364 379
1761839718972 0.3067420721054077 380
1761839719061 0.30654609203338623 381
1761839719147 0.30630674958229065 382
1761839719239 0.3063245713710785 383
1761839719338 0.3061351180076599 384
1761839719423 0.3059362769126892 385
1761839719501 0.30584821105003357 386
1761839719576 0.30554425716400146 387
1761839719652 0.30554449558258057 388
1761839719727 0.3053712546825409 389
1761839719801 0.305185467004776 390
1761839719877 0.30506956577301025 391
1761839719951 0.3049911856651306 392
1761839720027 0.3048441708087921 393
1761839720103 0.30470114946365356 394
1761839720179 0.3046457767486572 395
1761839720255 0.30448222160339355 396
1761839720330 0.30430930852890015 397
1761839720405 0.3042054772377014 398
1761839720481 0.3042200207710266 399
1761839720556 0.3040997087955475 400
