1761839689651 2.4639532566070557 0
1761839689728 1.1793354749679565 1
1761839689802 1.517694115638733 2
1761839689876 0.998996376991272 3
1761839689949 1.2217916250228882 4
1761839690019 0.776515007019043 5
1761839690091 1.4280608892440796 6
1761839690163 0.5245493054389954 7
1761839690233 0.47126030921936035 8
1761839690306 1.220092535018921 9
1761839690377 0.6835904717445374 10
1761839690449 0.43605342507362366 11
1761839690520 0.7399213314056396 12
1761839690590 1.189071774482727 13
1761839690661 0.35102319717407227 14
1761839690732 1.071067214012146 15
1761839690802 0.4809761047363281 16
1761839690872 0.9511518478393555 17
1761839690941 0.9697605967521667 18
1761839691011 1.0430008172988892 19
1761839691082 1.0770599842071533 20
1761839691152 0.34728342294692993 21
1761839691222 0.38457590341567993 22
1761839691294 0.40071219205856323 23
1761839691365 0.5296004414558411 24
1761839691440 0.34695422649383545 25
1761839691514 0.872348427772522 26
1761839691585 0.9023448824882507 27
1761839691655 1.4151146411895752 28
1761839691726 0.578413724899292 29
1761839691798 0.5588698387145996 30
1761839691868 0.19930242002010345 31
1761839691939 0.8199259042739868 32
1761839692015 0.3196635842323303 33
1761839692087 1.1840100288391113 34
1761839692159 0.6886209845542908 35
1761839692230 0.49336639046669006 36
1761839692302 2.0529942512512207 37
1761839692372 0.30615338683128357 38
1761839692445 1.199437141418457 39
1761839692517 1.6095777750015259 40
1761839692589 1.6278085708618164 41
1761839692661 0.3668883442878723 42
1761839692732 0.15219751000404358 43
1761839692803 0.38254937529563904 44
1761839692875 0.37795373797416687 45
1761839692956 0.2987107038497925 46
1761839693035 1.3009556531906128 47
1761839693112 0.5970491170883179 48
1761839693193 0.9068011045455933 49
1761839693270 0.31805047392845154 50
1761839693347 0.9356907606124878 51
1761839693420 0.4498318135738373 52
1761839693498 0.12392634898424149 53
1761839693585 1.2848626375198364 54
1761839693658 0.21370944380760193 55
1761839693731 1.0212944746017456 56
1761839693805 1.1029307842254639 57
1761839693884 0.36634770035743713 58
1761839693966 0.7470546960830688 59
1761839694045 0.9767738580703735 60
1761839694121 0.16637873649597168 61
1761839694194 0.6727448105812073 62
1761839694288 0.6241978406906128 63
1761839694370 0.4410213232040405 64
1761839694449 0.07038141041994095 65
1761839694525 0.3792591989040375 66
1761839694600 1.1716125011444092 67
1761839694676 0.4506065249443054 68
1761839694756 0.14448225498199463 69
1761839694835 1.1490610837936401 70
1761839694906 0.5997296571731567 71
1761839694979 0.4179050028324127 72
1761839695049 2.6575844287872314 73
1761839695120 0.39555513858795166 74
1761839695190 0.0579792819917202 75
1761839695268 0.07549794018268585 76
1761839695341 0.3621451258659363 77
1761839695412 1.4027246236801147 78
1761839695482 0.33126094937324524 79
1761839695551 0.04782416671514511 80
1761839695621 0.5251880884170532 81
1761839695693 1.5809063911437988 82
1761839695798 0.99688321352005 83
1761839695877 0.20966355502605438 84
1761839695956 0.31760987639427185 85
1761839696038 0.055508293211460114 86
1761839696115 0.24828308820724487 87
1761839696189 0.5038285851478577 88
1761839696273 0.7823792099952698 89
1761839696352 0.9324560165405273 90
1761839696427 0.09134341776371002 91
1761839696502 0.1422022581100464 92
1761839696576 0.4028928279876709 93
1761839696648 0.29070696234703064 94
1761839696722 0.9487922191619873 95
1761839696796 0.08209813386201859 96
1761839696867 0.08041252195835114 97
1761839696940 1.6391417980194092 98
1761839697019 0.12436013668775558 99
1761839697095 0.7650626301765442 100
1761839697167 0.4080685079097748 101
1761839697238 0.06272651255130768 102
1761839697313 0.3218518793582916 103
1761839697385 0.27299734950065613 104
1761839697456 0.06757739186286926 105
1761839697526 0.5926880836486816 106
1761839697596 0.2984951138496399 107
1761839697679 1.3254839181900024 108
1761839697761 0.1577107012271881 109
1761839697838 0.6207807660102844 110
1761839697914 0.44128456711769104 111
1761839697991 0.16606834530830383 112
1761839698073 0.1773114651441574 113
1761839698179 0.3667222559452057 114
1761839698261 0.10579833388328552 115
1761839698339 0.4252910315990448 116
1761839698414 0.4336547255516052 117
1761839698489 0.46230390667915344 118
1761839698563 0.05160277709364891 119
1761839698636 0.5675628185272217 120
1761839698711 0.016535485163331032 121
1761839698787 0.31282222270965576 122
1761839698864 0.06217199191451073 123
1761839698938 0.0345805361866951 124
1761839699013 0.77054762840271 125
1761839699085 0.5651726722717285 126
1761839699157 0.7993310689926147 127
1761839699244 0.8869788646697998 128
1761839699334 1.6949528455734253 129
1761839699414 2.1429426670074463 130
1761839699496 0.2316061556339264 131
1761839699572 0.8962452411651611 132
1761839699645 0.14314427971839905 133
1761839699716 0.7815350294113159 134
1761839699790 0.6151904463768005 135
1761839699861 0.3499195873737335 136
1761839699935 1.6334426403045654 137
1761839700005 0.5361608266830444 138
1761839700078 0.666276216506958 139
1761839700154 0.49758636951446533 140
1761839700231 0.799710750579834 141
1761839700306 0.7054176926612854 142
1761839700384 0.5927338004112244 143
1761839700464 0.3174082338809967 144
1761839700544 0.3276163935661316 145
1761839700623 0.4788031280040741 146
1761839700703 0.10602742433547974 147
1761839700775 0.2243591547012329 148
1761839700848 0.3874274790287018 149
1761839700922 0.597179114818573 150
1761839700993 0.4033481180667877 151
1761839701066 0.04089926928281784 152
1761839701139 0.44841423630714417 153
1761839701213 0.4523773193359375 154
1761839701290 0.12005635350942612 155
1761839701365 0.3573218584060669 156
1761839701439 0.5517271161079407 157
1761839701513 0.08045262843370438 158
1761839701595 0.7739850282669067 159
1761839701667 1.2410953044891357 160
1761839701739 1.2622543573379517 161
1761839701811 0.053818102926015854 162
1761839701882 0.049438439309597015 163
1761839701954 0.3545953035354614 164
1761839702026 0.30659109354019165 165
1761839702100 1.6472954750061035 166
1761839702176 0.71275794506073 167
1761839702252 0.5993401408195496 168
1761839702327 0.32032349705696106 169
1761839702400 0.22713561356067657 170
1761839702471 0.5007877945899963 171
1761839702545 0.4465620815753937 172
1761839702618 0.2648179233074188 173
1761839702692 0.05553608387708664 174
1761839702764 0.15498845279216766 175
1761839702837 0.4329804480075836 176
1761839702911 0.6721475124359131 177
1761839702987 0.387923926115036 178
1761839703059 0.49783986806869507 179
1761839703130 0.25771158933639526 180
1761839703201 0.1442427635192871 181
1761839703274 0.7930133938789368 182
1761839703346 0.30068960785865784 183
1761839703420 0.7768993377685547 184
1761839703494 0.11196247488260269 185
1761839703568 0.4456624388694763 186
1761839703647 1.8308732509613037 187
1761839703725 1.0025558471679688 188
1761839703808 0.16683053970336914 189
1761839703890 0.4736911356449127 190
1761839703965 0.1816691756248474 191
1761839704038 0.5036246180534363 192
1761839704109 1.1453466415405273 193
1761839704183 1.873504877090454 194
1761839704256 0.07483457028865814 195
1761839704335 1.1954396963119507 196
1761839704416 0.6556057333946228 197
1761839704492 0.47691676020622253 198
1761839704566 0.03507772833108902 199
1761839704644 0.2288646101951599 200
1761839704718 0.24443508684635162 201
1761839704788 0.37908950448036194 202
1761839704861 0.4581177234649658 203
1761839704934 0.30398809909820557 204
1761839705006 0.4741487503051758 205
1761839705081 2.16011905670166 206
1761839705155 0.7148510217666626 207
1761839705230 0.31428852677345276 208
1761839705303 0.6496509909629822 209
1761839705377 0.8705973029136658 210
1761839705451 0.9357578158378601 211
1761839705522 0.6867141723632812 212
1761839705593 0.10339050740003586 213
1761839705666 0.18892037868499756 214
1761839705742 0.02891097590327263 215
1761839705818 0.3637734055519104 216
1761839705893 1.3517217636108398 217
1761839705970 0.9615419507026672 218
1761839706047 0.5861154198646545 219
1761839706124 0.4278343617916107 220
1761839706208 0.7476425170898438 221
1761839706301 1.3466098308563232 222
1761839706380 0.320030152797699 223
1761839706459 0.5589637756347656 224
1761839706548 0.2934549152851105 225
1761839706625 0.21902360022068024 226
1761839706702 0.645835280418396 227
1761839706779 0.3093644082546234 228
1761839706852 0.5949474573135376 229
1761839706926 0.03230251744389534 230
1761839707005 0.6403278708457947 231
1761839707080 0.045751139521598816 232
1761839707155 0.16585040092468262 233
1761839707231 0.5115441083908081 234
1761839707328 0.12658809125423431 235
1761839707406 1.130019187927246 236
1761839707485 0.3088807165622711 237
1761839707563 0.3734249174594879 238
1761839707647 0.09894394874572754 239
1761839707723 1.6298211812973022 240
1761839707798 0.12173598259687424 241
1761839707874 0.41856372356414795 242
1761839707947 1.624776840209961 243
1761839708021 0.9462142586708069 244
1761839708095 0.09700070321559906 245
1761839708168 1.3220864534378052 246
1761839708258 0.1450882852077484 247
1761839708355 0.3734302520751953 248
1761839708438 0.11635617911815643 249
1761839708516 0.16219888627529144 250
1761839708595 0.2748548090457916 251
1761839708676 0.9596976637840271 252
1761839708751 1.5914671421051025 253
1761839708835 1.100416660308838 254
1761839708930 0.577235758304596 255
1761839709008 0.4220349192619324 256
1761839709082 0.3549027740955353 257
1761839709157 0.35574227571487427 258
1761839709241 0.7448716163635254 259
1761839709341 3.466515302658081 260
1761839709424 1.1938930749893188 261
1761839709513 0.20136232674121857 262
1761839709590 0.3264791667461395 263
1761839709668 0.5615875124931335 264
1761839709745 0.12013503909111023 265
1761839709823 0.21848280727863312 266
1761839709902 0.6125720739364624 267
1761839709983 0.2419402301311493 268
1761839710059 0.07743173092603683 269
1761839710135 0.2990027964115143 270
1761839710214 0.21459907293319702 271
1761839710302 0.056065209209918976 272
1761839710381 0.09254410117864609 273
1761839710458 0.2762664258480072 274
1761839710537 0.05727549269795418 275
1761839710615 0.8637816905975342 276
1761839710690 0.6621755361557007 277
1761839710763 0.5467929244041443 278
1761839710858 0.9435456991195679 279
1761839710937 1.3303192853927612 280
1761839711022 0.5909068584442139 281
1761839711119 0.9102267026901245 282
1761839711206 0.029163554310798645 283
1761839711311 0.05291663110256195 284
1761839711391 0.23505887389183044 285
1761839711471 0.12717193365097046 286
1761839711548 0.25845906138420105 287
1761839711623 0.5855536460876465 288
1761839711696 0.45152947306632996 289
1761839711772 1.2436662912368774 290
1761839711950 0.16911229491233826 291
1761839712025 0.2710561156272888 292
1761839712102 0.3888319432735443 293
1761839712183 0.06255589425563812 294
1761839712268 0.06071684509515762 295
1761839712352 0.19568918645381927 296
1761839712434 0.3120271563529968 297
1761839712516 0.14053256809711456 298
1761839712595 0.7256984114646912 299
1761839712671 0.30647605657577515 300
1761839712746 0.03740440681576729 301
1761839712820 0.6236128211021423 302
1761839712894 0.41946306824684143 303
1761839712972 0.7944140434265137 304
1761839713048 0.41789281368255615 305
1761839713124 0.8211352229118347 306
1761839713198 0.36291730403900146 307
1761839713275 0.7170661687850952 308
1761839713350 0.2666330337524414 309
1761839713424 0.2862182855606079 310
1761839713513 0.15154343843460083 311
1761839713599 0.40834254026412964 312
1761839713678 0.45264962315559387 313
1761839713759 0.9618644714355469 314
1761839713840 0.2740080952644348 315
1761839713918 1.0084463357925415 316
1761839714000 0.08107884973287582 317
1761839714081 3.1969165802001953 318
1761839714158 0.2285843938589096 319
1761839714240 0.5922979712486267 320
1761839714332 1.513259768486023 321
1761839714418 0.46031060814857483 322
1761839714503 0.43891358375549316 323
1761839714583 0.6689324378967285 324
1761839714661 0.6078295111656189 325
1761839714741 0.40673160552978516 326
1761839714819 0.6044191122055054 327
1761839714892 1.2024626731872559 328
1761839714967 0.1170153096318245 329
1761839715042 0.5868675112724304 330
1761839715117 1.3174216747283936 331
1761839715191 0.6712118983268738 332
1761839715269 0.3758964538574219 333
1761839715347 0.19085383415222168 334
1761839715424 0.412863552570343 335
1761839715498 0.10937579721212387 336
1761839715571 2.044311285018921 337
1761839715645 0.29896441102027893 338
1761839715718 0.045560501515865326 339
1761839715790 0.10399778932332993 340
1761839715865 0.10528849810361862 341
1761839715939 0.2958633601665497 342
1761839716013 1.525974988937378 343
1761839716089 0.6574700474739075 344
1761839716165 0.2749538719654083 345
1761839716243 0.18745602667331696 346
1761839716317 0.45964813232421875 347
1761839716391 0.35747116804122925 348
1761839716463 1.086504578590393 349
1761839716541 0.9657232165336609 350
1761839716617 0.9109410047531128 351
1761839716696 2.1240506172180176 352
1761839716771 0.7940534353256226 353
1761839716849 0.33880120515823364 354
1761839716922 0.46330711245536804 355
1761839716997 0.48033633828163147 356
1761839717080 0.30421584844589233 357
1761839717161 0.24067527055740356 358
1761839717239 0.0253984946757555 359
1761839717314 0.17735040187835693 360
1761839717388 0.48720651865005493 361
1761839717465 1.3762295246124268 362
1761839717544 1.2768633365631104 363
1761839717626 1.2687032222747803 364
1761839717706 0.17066292464733124 365
1761839717784 0.11430225521326065 366
1761839717862 0.26302823424339294 367
1761839717940 0.6339666247367859 368
1761839718019 0.6914045810699463 369
1761839718115 0.08064112067222595 370
1761839718198 0.9127445220947266 371
1761839718292 0.3635489046573639 372
1761839718397 0.7231506109237671 373
1761839718484 1.5773224830627441 374
1761839718570 0.7982977628707886 375
1761839718650 0.4663994312286377 376
1761839718727 0.5148301124572754 377
1761839718805 0.021245727315545082 378
1761839718885 0.4093111753463745 379
1761839718972 0.13523733615875244 380
1761839719061 0.8236958384513855 381
1761839719147 0.47535401582717896 382
1761839719239 0.8549879789352417 383
1761839719338 0.4425746500492096 384
1761839719423 0.0684206411242485 385
1761839719501 0.5801917314529419 386
1761839719576 0.06653138250112534 387
1761839719652 0.1859346330165863 388
1761839719727 0.8157592415809631 389
1761839719801 0.04928397759795189 390
1761839719877 0.7284772396087646 391
1761839719951 0.8994942903518677 392
1761839720027 0.3049134910106659 393
1761839720103 0.057785265147686005 394
1761839720179 0.16149181127548218 395
1761839720255 0.01771720126271248 396
1761839720330 0.13214170932769775 397
1761839720405 0.5566803216934204 398
1761839720481 1.8838908672332764 399
1761839720556 0.028943929821252823 400
