1762792741516 2.0975341796875 0
1762792741609 1.8947845697402954 1
1762792741706 1.764654517173767 2
1762792741801 1.6686474084854126 3
1762792741895 1.5878528356552124 4
1762792741990 1.522876262664795 5
1762792742084 1.46546471118927 6
1762792742180 1.4151771068572998 7
1762792742274 1.3693382740020752 8
1762792742368 1.3278214931488037 9
1762792742462 1.291189193725586 10
1762792742552 1.2591593265533447 11
1762792742641 1.226906180381775 12
1762792742735 1.1954060792922974 13
1762792742833 1.1689175367355347 14
1762792742931 1.1441088914871216 15
1762792743026 1.1162350177764893 16
1762792743121 1.0949925184249878 17
1762792743218 1.0737704038619995 18
1762792743312 1.0510507822036743 19
1762792743407 1.028990387916565 20
1762792743501 1.008573055267334 21
1762792743593 0.9882972836494446 22
1762792743686 0.9717430472373962 23
1762792743780 0.9535016417503357 24
1762792743872 0.9376620054244995 25
1762792743964 0.9236061573028564 26
1762792744064 0.9107879400253296 27
1762792744157 0.8969141244888306 28
1762792744253 0.8833965063095093 29
1762792744348 0.8694625496864319 30
1762792744441 0.8586716651916504 31
1762792744535 0.8476739525794983 32
1762792744628 0.8347645401954651 33
1762792744722 0.82359379529953 34
1762792744814 0.8126682043075562 35
1762792744906 0.8016105890274048 36
1762792744999 0.7916002869606018 37
1762792745093 0.7807519435882568 38
1762792745187 0.7709289193153381 39
1762792745279 0.7618934512138367 40
1762792745373 0.7527189254760742 41
1762792745467 0.7436054348945618 42
1762792745561 0.7337090969085693 43
1762792745655 0.7254454493522644 44
1762792745748 0.7167189717292786 45
