1762792741516 1.9388692378997803 0
1762792741609 1.6383475065231323 1
1762792741706 1.637751579284668 2
1762792741801 1.2502802610397339 3
1762792741895 1.079937219619751 4
1762792741990 1.0528675317764282 5
1762792742084 1.2078347206115723 6
1762792742180 1.106881022453308 7
1762792742274 1.066102147102356 8
1762792742368 1.0158182382583618 9
1762792742462 1.1874202489852905 10
1762792742552 0.6568425297737122 11
1762792742641 0.899534285068512 12
1762792742735 0.5170026421546936 13
1762792742833 0.8081778883934021 14
1762792742931 1.123348593711853 15
1762792743026 0.43818211555480957 16
1762792743121 0.6420124173164368 17
1762792743218 0.6980916261672974 18
1762792743312 0.5769206285476685 19
1762792743407 0.5435333847999573 20
1762792743501 0.5020524859428406 21
1762792743593 0.49836084246635437 22
1762792743686 0.652521550655365 23
1762792743780 0.43252134323120117 24
1762792743872 0.331051230430603 25
1762792743964 0.881340742111206 26
1762792744064 0.3889821171760559 27
1762792744157 0.2295352667570114 28
1762792744253 0.6425147652626038 29
1762792744348 0.5109589099884033 30
1762792744441 0.35303759574890137 31
1762792744535 0.3404998779296875 32
1762792744628 0.24554112553596497 33
1762792744722 0.544580340385437 34
1762792744814 0.9780606031417847 35
1762792744906 0.5490096211433411 36
1762792744999 0.19335170090198517 37
1762792745093 0.6215057969093323 38
1762792745187 0.34749332070350647 39
1762792745279 1.0576181411743164 40
1762792745373 0.20681457221508026 41
1762792745467 0.848114550113678 42
1762792745561 0.6157674789428711 43
1762792745655 0.49121326208114624 44
1762792745748 0.35584333539009094 45
