1762798788972 1.759997844696045 0
1762798789066 1.5168304443359375 1
1762798789159 1.3844846487045288 2
1762798789250 1.2953661680221558 3
1762798789342 1.2272230386734009 4
1762798789435 1.180704116821289 5
1762798789526 1.1287087202072144 6
1762798789620 1.0866847038269043 7
1762798789712 1.0569967031478882 8
1762798789805 1.0277087688446045 9
1762798789897 1.000943660736084 10
1762798789989 0.974250078201294 11
1762798790083 0.9531116485595703 12
1762798790177 0.9358652830123901 13
1762798790268 0.9161587953567505 14
1762798790361 0.8996809124946594 15
1762798790454 0.8804595470428467 16
1762798790548 0.8623780012130737 17
1762798790642 0.8495631814002991 18
1762798790737 0.8341854214668274 19
1762798790833 0.8216594457626343 20
1762798790922 0.8055612444877625 21
1762798791012 0.7950929999351501 22
1762798791104 0.7828636765480042 23
1762798791198 0.7719308733940125 24
1762798791291 0.762349545955658 25
1762798791382 0.7527267932891846 26
1762798791474 0.7432299852371216 27
1762798791567 0.7366618514060974 28
1762798791661 0.7267842888832092 29
1762798791754 0.7195146083831787 30
1762798791847 0.7098923325538635 31
1762798791938 0.7022339105606079 32
1762798792030 0.6957724690437317 33
1762798792123 0.6865298748016357 34
