1762798788972 1.8069665431976318 0
1762798789066 1.1151937246322632 1
1762798789159 1.2657690048217773 2
1762798789250 0.7426514029502869 3
1762798789342 0.8683953881263733 4
1762798789435 0.8713312745094299 5
1762798789526 0.878666877746582 6
1762798789620 0.9655565023422241 7
1762798789712 0.738800585269928 8
1762798789805 0.9745175838470459 9
1762798789897 0.29482197761535645 10
1762798789989 0.5222849249839783 11
1762798790083 0.6465588808059692 12
1762798790177 0.3782188594341278 13
1762798790268 0.9951581358909607 14
1762798790361 0.2755756080150604 15
1762798790454 0.712518036365509 16
1762798790548 0.6752922534942627 17
1762798790642 1.162793517112732 18
1762798790737 0.9230416417121887 19
1762798790833 0.993752658367157 20
1762798790922 0.24379365146160126 21
1762798791012 0.9215250015258789 22
1762798791104 0.496886670589447 23
1762798791198 0.09790702909231186 24
1762798791291 0.37532904744148254 25
1762798791382 0.5623018741607666 26
1762798791474 0.9112837910652161 27
1762798791567 0.4423077404499054 28
1762798791661 0.1683967113494873 29
1762798791754 0.2672659158706665 30
1762798791847 0.11356978118419647 31
1762798791938 0.9636154174804688 32
1762798792030 0.3989301025867462 33
1762798792123 0.34657496213912964 34
