1763904947606 1.767765998840332 0
1763904947697 1.5345138311386108 1
1763904947790 1.4151427745819092 2
1763904947884 1.313910722732544 3
1763904947975 1.2460204362869263 4
1763904948068 1.1959394216537476 5
1763904948159 1.1431550979614258 6
1763904948250 1.1001075506210327 7
1763904948341 1.0630195140838623 8
1763904948434 1.028963565826416 9
1763904948526 1.0029418468475342 10
1763904948619 0.9725430011749268 11
1763904948711 0.9522631764411926 12
1763904948805 0.9317315816879272 13
1763904948893 0.9154871702194214 14
1763904948983 0.8933723568916321 15
1763904949075 0.876011312007904 16
1763904949166 0.8581687211990356 17
1763904949256 0.8429160118103027 18
1763904949347 0.8314443826675415 19
1763904949438 0.8172574639320374 20
1763904949530 0.8051472902297974 21
1763904949622 0.7951608300209045 22
1763904949713 0.7829126715660095 23
