1763904947606 1.6287508010864258 0
1763904947697 0.70572429895401 1
1763904947790 1.7565947771072388 2
1763904947884 1.2713311910629272 3
1763904947975 1.2520790100097656 4
1763904948068 1.0439563989639282 5
1763904948159 1.4740245342254639 6
1763904948250 0.7554565072059631 7
1763904948341 0.6248916387557983 8
1763904948434 1.0219900608062744 9
1763904948526 0.8373756408691406 10
1763904948619 0.8511844277381897 11
1763904948711 1.196945309638977 12
1763904948805 0.47494226694107056 13
1763904948893 0.33758974075317383 14
1763904948983 0.3361259996891022 15
1763904949075 0.29309362173080444 16
1763904949166 0.6317231059074402 17
1763904949256 0.4034811854362488 18
1763904949347 0.3094950318336487 19
1763904949438 0.2781434953212738 20
1763904949530 0.504921555519104 21
1763904949622 0.5016586780548096 22
1763904949713 0.40099743008613586 23
