1761837730447 1.5589194297790527 0
1761837730470 1.2673102617263794 1
1761837730488 1.0837788581848145 2
1761837730507 0.948358416557312 3
1761837730524 0.8476093411445618 4
1761837730541 0.7608853578567505 5
1761837730558 0.6916283369064331 6
1761837730575 0.6310848593711853 7
1761837730592 0.5795573592185974 8
1761837730610 0.5319497585296631 9
1761837730627 0.49199771881103516 10
1761837730644 0.4567317068576813 11
1761837730663 0.4253770411014557 12
1761837730681 0.39824527502059937 13
1761837730699 0.3745400905609131 14
1761837730716 0.35292017459869385 15
