1761837730447 1.2959589958190918 0
1761837730470 0.8785671591758728 1
1761837730488 0.22752012312412262 2
1761837730507 0.3664970397949219 3
1761837730524 0.4873911440372467 4
1761837730541 0.32548922300338745 5
1761837730558 0.10483282804489136 6
1761837730575 0.19548916816711426 7
1761837730592 0.06002281978726387 8
1761837730610 0.0352359265089035 9
1761837730627 0.015471350401639938 10
1761837730644 0.07630839198827744 11
1761837730663 0.038387272506952286 12
1761837730681 0.039184875786304474 13
1761837730699 0.035166509449481964 14
1761837730716 0.027400268241763115 15
