1762792670374 1.718268632888794 0
1762792670466 1.5235307216644287 1
1762792670560 1.4284582138061523 2
1762792670652 1.339597225189209 3
1762792670745 1.2794291973114014 4
1762792670837 1.213897705078125 5
1762792670928 1.1779727935791016 6
1762792671020 1.1377308368682861 7
1762792671112 1.112261176109314 8
1762792671204 1.0843855142593384 9
1762792671295 1.0570789575576782 10
1762792671387 1.0329371690750122 11
1762792671478 1.0100196599960327 12
1762792671570 0.983910322189331 13
1762792671658 0.9673956632614136 14
1762792671749 0.9503426551818848 15
1762792671841 0.9350689053535461 16
1762792671932 0.9235828518867493 17
1762792672023 0.9075914025306702 18
1762792672118 0.8913717865943909 19
1762792672215 0.874218761920929 20
1762792672308 0.8619263768196106 21
1762792672401 0.8507810831069946 22
1762792672493 0.8380263447761536 23
1762792672584 0.826242208480835 24
1762792672675 0.815341055393219 25
1762792672767 0.8040345311164856 26
1762792672862 0.7915799617767334 27
1762792672957 0.7848780751228333 28
1762792673050 0.7786016464233398 29
1762792673142 0.7681573033332825 30
1762792673233 0.7589709758758545 31
1762792673325 0.7496935725212097 32
1762792673418 0.7433385252952576 33
1762792673511 0.7375563383102417 34
1762792673603 0.7283547520637512 35
1762792673695 0.7212037444114685 36
1762792673786 0.7131397724151611 37
1762792673877 0.706922709941864 38
1762792673967 0.7006126642227173 39
1762792674058 0.6946748495101929 40
