1762792670374 1.212601900100708 0
1762792670466 1.2307287454605103 1
1762792670560 1.3181421756744385 2
1762792670652 1.2710552215576172 3
1762792670745 1.192122220993042 4
1762792670837 0.9389162063598633 5
1762792670928 1.0433053970336914 6
1762792671020 0.847903847694397 7
1762792671112 1.0480293035507202 8
1762792671204 1.5647907257080078 9
1762792671295 0.22401000559329987 10
1762792671387 1.357628583908081 11
1762792671478 0.5539787411689758 12
1762792671570 0.6351377367973328 13
1762792671658 0.635600209236145 14
1762792671749 0.8708973526954651 15
1762792671841 0.8977260589599609 16
1762792671932 0.4396275281906128 17
1762792672023 1.0931373834609985 18
1762792672118 0.9227105379104614 19
1762792672215 0.36798542737960815 20
1762792672308 0.4929969310760498 21
1762792672401 0.8394510746002197 22
1762792672493 0.5623425245285034 23
1762792672584 0.37764036655426025 24
1762792672675 0.4030892848968506 25
1762792672767 0.3903610408306122 26
1762792672862 0.4332025349140167 27
1762792672957 0.3227873146533966 28
1762792673050 1.0219756364822388 29
1762792673142 0.5259776711463928 30
1762792673233 0.44713374972343445 31
1762792673325 0.3892101049423218 32
1762792673418 0.8672511577606201 33
1762792673511 0.3714211881160736 34
1762792673603 0.17209894955158234 35
1762792673695 0.16619378328323364 36
1762792673786 0.42417505383491516 37
1762792673877 0.4719858169555664 38
1762792673967 0.1967097669839859 39
1762792674058 0.08195117115974426 40
