1761837828385 2.009305477142334 0
1761837828409 1.7578741312026978 1
1761837828434 1.5884594917297363 2
1761837828455 1.4624781608581543 3
1761837828475 1.3621283769607544 4
1761837828494 1.2787073850631714 5
1761837828513 1.2070088386535645 6
1761837828534 1.1441987752914429 7
1761837828552 1.0888015031814575 8
1761837828572 1.0387678146362305 9
1761837828592 0.993802011013031 10
1761837828612 0.9529183506965637 11
1761837828632 0.9148649573326111 12
1761837828652 0.8799542784690857 13
1761837828670 0.8474911451339722 14
1761837828690 0.8179457783699036 15
1761837828709 0.7894952297210693 16
1761837828729 0.7628464698791504 17
1761837828749 0.7380077838897705 18
1761837828768 0.714529275894165 19
1761837828787 0.6925737261772156 20
1761837828805 0.6720676422119141 21
1761837828824 0.6524940133094788 22
1761837828844 0.6343241333961487 23
1761837828864 0.6167587041854858 24
1761837828884 0.5998689532279968 25
1761837828903 0.583881139755249 26
1761837828923 0.5688228607177734 27
1761837828943 0.5544361472129822 28
1761837828963 0.5406717658042908 29
1761837828981 0.5274719595909119 30
1761837829002 0.5147812366485596 31
1761837829022 0.5025854706764221 32
1761837829041 0.4909464716911316 33
1761837829062 0.4797624349594116 34
1761837829080 0.46886324882507324 35
1761837829101 0.4585365951061249 36
1761837829119 0.44875481724739075 37
1761837829137 0.4394712746143341 38
1761837829156 0.4306246042251587 39
1761837829174 0.4222157597541809 40
1761837829193 0.4142175316810608 41
1761837829213 0.40657827258110046 42
1761837829233 0.39925479888916016 43
1761837829252 0.39225512742996216 44
1761837829272 0.38556942343711853 45
1761837829290 0.3791443705558777 46
1761837829309 0.3729757070541382 47
1761837829328 0.3670758008956909 48
1761837829348 0.3614015579223633 49
1761837829368 0.3559543788433075 50
1761837829387 0.35071849822998047 51
1761837829406 0.3456767499446869 52
1761837829426 0.34081870317459106 53
1761837829446 0.33613261580467224 54
1761837829465 0.3316202163696289 55
1761837829486 0.32726120948791504 56
1761837829505 0.32306817173957825 57
1761837829524 0.319013386964798 58
1761837829545 0.3150874674320221 59
1761837829565 0.31130242347717285 60
1761837829584 0.3076261281967163 61
1761837829605 0.3040766417980194 62
1761837829623 0.3006381690502167 63
1761837829643 0.29731982946395874 64
1761837829663 0.294072687625885 65
1761837829682 0.29093852639198303 66
1761837829702 0.2878856956958771 67
1761837829722 0.2849346399307251 68
1761837829742 0.28206273913383484 69
1761837829762 0.2792699933052063 70
1761837829782 0.2765459716320038 71
1761837829801 0.2739033102989197 72
1761837829821 0.27134037017822266 73
1761837829840 0.2688373923301697 74
1761837829860 0.2663995325565338 75
1761837829879 0.2640320658683777 76
1761837829897 0.2617301344871521 77
1761837829916 0.25946882367134094 78
1761837829935 0.2572796940803528 79
1761837829955 0.25514349341392517 80
1761837829976 0.25304675102233887 81
1761837829994 0.25099900364875793 82
1761837830014 0.2490045130252838 83
1761837830035 0.24706147611141205 84
1761837830054 0.2451539933681488 85
1761837830073 0.24329854547977448 86
1761837830093 0.24147912859916687 87
1761837830113 0.23970024287700653 88
1761837830133 0.23797228932380676 89
1761837830151 0.23628723621368408 90
1761837830172 0.23462505638599396 91
1761837830192 0.23299776017665863 92
1761837830210 0.23140214383602142 93
1761837830230 0.22984039783477783 94
1761837830251 0.22831816971302032 95
1761837830271 0.22682134807109833 96
1761837830289 0.22535860538482666 97
1761837830308 0.2239229679107666 98
1761837830327 0.22252137959003448 99
1761837830346 0.2211400270462036 100
1761837830366 0.21979235112667084 101
1761837830384 0.2184664011001587 102
1761837830404 0.21716764569282532 103
1761837830424 0.2158980816602707 104
1761837830445 0.21464431285858154 105
1761837830463 0.21341900527477264 106
1761837830484 0.21222005784511566 107
1761837830504 0.2110438495874405 108
1761837830524 0.2098868191242218 109
1761837830542 0.208746537566185 110
1761837830563 0.207628533244133 111
1761837830584 0.2065267413854599 112
1761837830603 0.2054433673620224 113
1761837830622 0.2043810486793518 114
1761837830641 0.20333750545978546 115
1761837830661 0.2023088037967682 116
1761837830681 0.2013009935617447 117
1761837830700 0.20031708478927612 118
1761837830721 0.1993463933467865 119
1761837830739 0.19838562607765198 120
1761837830760 0.19744418561458588 121
1761837830778 0.1965169608592987 122
1761837830799 0.19560687243938446 123
1761837830819 0.1947127878665924 124
1761837830838 0.19382663071155548 125
1761837830859 0.19296026229858398 126
1761837830878 0.1921052187681198 127
1761837830896 0.19126124680042267 128
1761837830917 0.19043095409870148 129
1761837830936 0.18960940837860107 130
1761837830957 0.18880964815616608 131
1761837830975 0.1880253702402115 132
1761837830996 0.18724192678928375 133
1761837831016 0.18647095561027527 134
1761837831035 0.18571315705776215 135
1761837831056 0.18496446311473846 136
1761837831075 0.18423254787921906 137
1761837831094 0.18351133167743683 138
1761837831114 0.18280436098575592 139
1761837831134 0.1820988804101944 140
1761837831153 0.1814066618680954 141
1761837831173 0.18072721362113953 142
1761837831192 0.1800556778907776 143
1761837831213 0.17938639223575592 144
1761837831232 0.1787356436252594 145
1761837831251 0.17808745801448822 146
1761837831272 0.17745111882686615 147
1761837831291 0.17682607471942902 148
1761837831312 0.17620253562927246 149
1761837831331 0.17558546364307404 150
1761837831352 0.17497694492340088 151
1761837831372 0.17438887059688568 152
1761837831390 0.173798069357872 153
1761837831411 0.17321251332759857 154
1761837831430 0.17263540625572205 155
1761837831450 0.17206643521785736 156
1761837831469 0.17150817811489105 157
1761837831488 0.17095623910427094 158
1761837831509 0.1704103797674179 159
1761837831528 0.16986803710460663 160
1761837831548 0.16933417320251465 161
1761837831568 0.16880613565444946 162
1761837831588 0.16828306019306183 163
1761837831608 0.16777461767196655 164
1761837831627 0.16726981103420258 165
1761837831647 0.16676610708236694 166
1761837831666 0.1662716418504715 167
1761837831687 0.16577978432178497 168
1761837831706 0.16529668867588043 169
1761837831725 0.16481609642505646 170
1761837831745 0.1643429845571518 171
1761837831766 0.16387924551963806 172
1761837831785 0.16341516375541687 173
1761837831805 0.16295751929283142 174
1761837831825 0.16250623762607574 175
1761837831845 0.1620575487613678 176
1761837831864 0.16161781549453735 177
1761837831884 0.16118274629116058 178
1761837831904 0.16075393557548523 179
1761837831924 0.16033002734184265 180
1761837831945 0.15991432964801788 181
1761837831966 0.15949644148349762 182
1761837831986 0.15908698737621307 183
1761837832006 0.15868373215198517 184
1761837832027 0.15827983617782593 185
1761837832050 0.15787804126739502 186
1761837832070 0.15748323500156403 187
1761837832089 0.15709340572357178 188
1761837832110 0.15670710802078247 189
1761837832132 0.15632055699825287 190
1761837832152 0.15593722462654114 191
1761837832173 0.1555589884519577 192
1761837832199 0.1551855206489563 193
1761837832221 0.15481501817703247 194
1761837832244 0.15445290505886078 195
1761837832267 0.15409213304519653 196
1761837832288 0.1537354588508606 197
1761837832310 0.1533825695514679 198
1761837832330 0.153029665350914 199
1761837832350 0.15268391370773315 200
1761837832370 0.1523415893316269 201
1761837832390 0.15200446546077728 202
1761837832411 0.15167920291423798 203
1761837832432 0.15134595334529877 204
1761837832453 0.15101741254329681 205
1761837832475 0.1506887674331665 206
1761837832495 0.15036678314208984 207
1761837832515 0.15004390478134155 208
1761837832535 0.14973066747188568 209
1761837832555 0.1494150310754776 210
1761837832577 0.1491093784570694 211
1761837832597 0.14879858493804932 212
1761837832617 0.14849154651165009 213
1761837832637 0.14819005131721497 214
1761837832658 0.1478927582502365 215
1761837832680 0.14759881794452667 216
1761837832700 0.1473049372434616 217
1761837832720 0.14701499044895172 218
1761837832744 0.1467243731021881 219
1761837832767 0.146438330411911 220
1761837832789 0.14615587890148163 221
1761837832810 0.1458737701177597 222
1761837832832 0.14559505879878998 223
1761837832853 0.1453196257352829 224
1761837832874 0.14504796266555786 225
1761837832898 0.14477601647377014 226
1761837832921 0.14450837671756744 227
1761837832945 0.14423999190330505 228
1761837832969 0.14397943019866943 229
1761837832993 0.14372174441814423 230
1761837833017 0.14346276223659515 231
1761837833039 0.14320777356624603 232
1761837833062 0.14295196533203125 233
1761837833083 0.14269813895225525 234
1761837833105 0.14244717359542847 235
1761837833125 0.14219781756401062 236
1761837833145 0.14195291697978973 237
1761837833167 0.14170779287815094 238
1761837833187 0.14146706461906433 239
1761837833208 0.14122556149959564 240
1761837833230 0.14098568260669708 241
1761837833250 0.1407460868358612 242
1761837833271 0.14050883054733276 243
1761837833293 0.1402732878923416 244
1761837833313 0.14004386961460114 245
1761837833333 0.13981470465660095 246
1761837833353 0.13958802819252014 247
1761837833375 0.13936464488506317 248
1761837833397 0.13913872838020325 249
1761837833429 0.13891515135765076 250
1761837833453 0.13869725167751312 251
1761837833476 0.13847826421260834 252
1761837833499 0.13826557993888855 253
1761837833521 0.13805492222309113 254
1761837833544 0.13784094154834747 255
1761837833566 0.13762617111206055 256
1761837833587 0.13741429150104523 257
1761837833609 0.13720521330833435 258
1761837833631 0.13699792325496674 259
1761837833656 0.13679179549217224 260
1761837833678 0.136594757437706 261
1761837833701 0.13639314472675323 262
1761837833722 0.13619142770767212 263
1761837833745 0.13599513471126556 264
1761837833768 0.135803684592247 265
1761837833789 0.13560807704925537 266
1761837833812 0.13541129231452942 267
1761837833835 0.13521632552146912 268
1761837833857 0.13502375781536102 269
1761837833878 0.13483302295207977 270
1761837833899 0.13464711606502533 271
1761837833921 0.13445746898651123 272
1761837833943 0.1342778205871582 273
1761837833965 0.1340962052345276 274
1761837833986 0.13391228020191193 275
1761837834007 0.13372816145420074 276
1761837834028 0.13354596495628357 277
1761837834050 0.13336563110351562 278
1761837834071 0.133189395070076 279
1761837834093 0.1330108493566513 280
1761837834114 0.13283570110797882 281
1761837834135 0.13266059756278992 282
1761837834157 0.13248583674430847 283
1761837834178 0.13231177628040314 284
1761837834199 0.13214121758937836 285
1761837834221 0.13196997344493866 286
1761837834244 0.13180658221244812 287
1761837834265 0.1316404640674591 288
1761837834287 0.13147315382957458 289
1761837834308 0.1313096433877945 290
1761837834331 0.13114620745182037 291
1761837834353 0.13098669052124023 292
1761837834375 0.1308266520500183 293
1761837834398 0.13066773116588593 294
1761837834419 0.13051095604896545 295
1761837834441 0.13034996390342712 296
1761837834462 0.13019268214702606 297
1761837834485 0.1300344467163086 298
1761837834505 0.1298784613609314 299
1761837834526 0.12972380220890045 300
1761837834548 0.12956875562667847 301
1761837834569 0.12941518425941467 302
1761837834592 0.12926717102527618 303
1761837834612 0.1291171908378601 304
1761837834635 0.12897111475467682 305
1761837834657 0.12882287800312042 306
1761837834678 0.12867464125156403 307
1761837834702 0.12852779030799866 308
1761837834723 0.12838569283485413 309
1761837834745 0.12824612855911255 310
1761837834767 0.128107950091362 311
1761837834790 0.1279686838388443 312
1761837834814 0.12782731652259827 313
1761837834836 0.1276846081018448 314
1761837834857 0.1275465041399002 315
1761837834879 0.1274065524339676 316
1761837834901 0.12727490067481995 317
1761837834924 0.12713894248008728 318
1761837834947 0.12700971961021423 319
1761837834970 0.12687690556049347 320
1761837834992 0.12674547731876373 321
1761837835014 0.12661172449588776 322
1761837835037 0.12647932767868042 323
1761837835058 0.12634845077991486 324
1761837835081 0.1262170374393463 325
1761837835102 0.1260852962732315 326
1761837835123 0.12595805525779724 327
1761837835145 0.12582717835903168 328
1761837835168 0.12569762766361237 329
1761837835191 0.12557047605514526 330
1761837835215 0.12544402480125427 331
1761837835237 0.12531770765781403 332
1761837835258 0.12519192695617676 333
1761837835281 0.12506623566150665 334
1761837835303 0.12494251877069473 335
1761837835325 0.12482082843780518 336
1761837835348 0.1246991902589798 337
1761837835370 0.12457997351884842 338
1761837835392 0.12445816397666931 339
1761837835414 0.12433885037899017 340
1761837835436 0.12421756982803345 341
1761837835458 0.12409858405590057 342
1761837835479 0.12398192286491394 343
1761837835502 0.1238631084561348 344
1761837835522 0.12374518811702728 345
1761837835545 0.12363005429506302 346
1761837835567 0.12351472675800323 347
1761837835591 0.12340312451124191 348
1761837835615 0.12329009175300598 349
1761837835638 0.1231795996427536 350
1761837835661 0.12306828796863556 351
1761837835684 0.1229565292596817 352
1761837835708 0.12284872680902481 353
1761837835731 0.12273673713207245 354
1761837835754 0.12262583523988724 355
1761837835775 0.1225174069404602 356
1761837835799 0.12240742146968842 357
1761837835822 0.12230008095502853 358
1761837835845 0.12219338119029999 359
1761837835869 0.12208693474531174 360
1761837835893 0.12198169529438019 361
1761837835917 0.12187390774488449 362
1761837835940 0.12176971882581711 363
1761837835963 0.12166399508714676 364
1761837835986 0.12155909836292267 365
1761837836009 0.12145359814167023 366
1761837836031 0.12135061621665955 367
1761837836054 0.12124736607074738 368
1761837836078 0.12114495784044266 369
1761837836102 0.12104369699954987 370
1761837836125 0.12094400078058243 371
1761837836148 0.12084576487541199 372
1761837836170 0.12074587494134903 373
1761837836192 0.12064819782972336 374
1761837836216 0.12054761499166489 375
1761837836237 0.1204475685954094 376
1761837836260 0.12034911662340164 377
1761837836283 0.12025163322687149 378
1761837836305 0.12015397846698761 379
1761837836327 0.12005741149187088 380
1761837836350 0.11996124684810638 381
1761837836374 0.1198694258928299 382
1761837836397 0.11977366358041763 383
1761837836421 0.11967841535806656 384
1761837836443 0.1195833683013916 385
1761837836468 0.11949119716882706 386
1761837836492 0.11939732730388641 387
1761837836515 0.1193045973777771 388
1761837836538 0.11921334266662598 389
1761837836559 0.11912253499031067 390
1761837836584 0.11903441697359085 391
1761837836607 0.11894647777080536 392
1761837836631 0.11885630339384079 393
1761837836654 0.11876564472913742 394
1761837836677 0.11867629736661911 395
1761837836701 0.1185869500041008 396
1761837836724 0.11849866807460785 397
1761837836748 0.11841068416833878 398
1761837836771 0.11832552403211594 399
1761837836794 0.11823918670415878 400
