1761837828385 2.019538402557373 0
1761837828409 1.4149105548858643 1
1761837828434 1.0021591186523438 2
1761837828455 1.0214508771896362 3
1761837828475 0.8303253650665283 4
1761837828494 0.6062670946121216 5
1761837828513 0.6848852038383484 6
1761837828534 0.7276150584220886 7
1761837828552 0.7208473086357117 8
1761837828572 0.38669246435165405 9
1761837828592 0.5174503922462463 10
1761837828612 0.6486943364143372 11
1761837828632 0.2658102512359619 12
1761837828652 0.638412356376648 13
1761837828670 0.1398133635520935 14
1761837828690 0.6389813423156738 15
1761837828709 0.1858854740858078 16
1761837828729 0.16240063309669495 17
1761837828749 0.25721603631973267 18
1761837828768 0.19437995553016663 19
1761837828787 0.17963676154613495 20
1761837828805 0.33199048042297363 21
1761837828824 0.14269845187664032 22
1761837828844 0.6229322552680969 23
1761837828864 0.308321475982666 24
1761837828884 0.04047739505767822 25
1761837828903 0.07810918241739273 26
1761837828923 0.3817829489707947 27
1761837828943 0.2167881578207016 28
1761837828963 0.08005492389202118 29
1761837828981 0.3103921115398407 30
1761837829002 0.13144883513450623 31
1761837829022 0.0817054808139801 32
1761837829041 0.08015719801187515 33
1761837829062 0.11699546873569489 34
1761837829080 0.05051442235708237 35
1761837829101 0.03694244101643562 36
1761837829119 0.07246474176645279 37
1761837829137 0.08778423070907593 38
1761837829156 0.03109191730618477 39
1761837829174 0.0719316229224205 40
1761837829193 0.12781012058258057 41
1761837829213 0.1171359270811081 42
1761837829233 0.03449281305074692 43
1761837829252 0.054083146154880524 44
1761837829272 0.10812358558177948 45
1761837829290 0.06515698879957199 46
1761837829309 0.024978389963507652 47
1761837829328 0.08958747982978821 48
1761837829348 0.051564447581768036 49
1761837829368 0.07022756338119507 50
1761837829387 0.07905523478984833 51
1761837829406 0.06628836691379547 52
1761837829426 0.05490267649292946 53
1761837829446 0.036497365683317184 54
1761837829465 0.06509193032979965 55
1761837829486 0.04529991000890732 56
1761837829505 0.1165183037519455 57
1761837829524 0.09917767345905304 58
1761837829545 0.0706733912229538 59
1761837829565 0.1270359754562378 60
1761837829584 0.06418218463659286 61
1761837829605 0.11282557249069214 62
1761837829623 0.11306314915418625 63
1761837829643 0.18408788740634918 64
1761837829663 0.036773160099983215 65
1761837829682 0.1188310980796814 66
1761837829702 0.0625767633318901 67
1761837829722 0.13255822658538818 68
1761837829742 0.10472018271684647 69
1761837829762 0.09587050974369049 70
1761837829782 0.04708649590611458 71
1761837829801 0.08458541333675385 72
1761837829821 0.1312510371208191 73
1761837829840 0.0834980309009552 74
1761837829860 0.07899399846792221 75
1761837829879 0.12036847323179245 76
1761837829897 0.149220809340477 77
1761837829916 0.043141402304172516 78
1761837829935 0.13806715607643127 79
1761837829955 0.1312725692987442 80
1761837829976 0.0527430921792984 81
1761837829994 0.04293231666088104 82
1761837830014 0.07168244570493698 83
1761837830035 0.100584976375103 84
1761837830054 0.038010429590940475 85
1761837830073 0.09207617491483688 86
1761837830093 0.05094585940241814 87
1761837830113 0.04843878000974655 88
1761837830133 0.1265963464975357 89
1761837830151 0.1605878472328186 90
1761837830172 0.06445708125829697 91
1761837830192 0.05828062817454338 92
1761837830210 0.037346649914979935 93
1761837830230 0.039214130491018295 94
1761837830251 0.09008878469467163 95
1761837830271 0.04625372588634491 96
1761837830289 0.07265681028366089 97
1761837830308 0.05384526774287224 98
1761837830327 0.09476664662361145 99
1761837830346 0.036815449595451355 100
1761837830366 0.08793909102678299 101
1761837830384 0.053169529885053635 102
1761837830404 0.0665975883603096 103
1761837830424 0.10228993743658066 104
1761837830445 0.036334745585918427 105
1761837830463 0.07731173187494278 106
1761837830484 0.10736535489559174 107
1761837830504 0.11359657347202301 108
1761837830524 0.09504984319210052 109
1761837830542 0.060506921261548996 110
1761837830563 0.07694018632173538 111
1761837830584 0.04607643187046051 112
1761837830603 0.03823186084628105 113
1761837830622 0.05773798003792763 114
1761837830641 0.06146056205034256 115
1761837830661 0.035200342535972595 116
1761837830681 0.06580912321805954 117
1761837830700 0.12885452806949615 118
1761837830721 0.10001421719789505 119
1761837830739 0.04365193098783493 120
1761837830760 0.07686752825975418 121
1761837830778 0.06656963378190994 122
1761837830799 0.08718959242105484 123
1761837830819 0.10084234178066254 124
1761837830838 0.04092184826731682 125
1761837830859 0.0970378965139389 126
1761837830878 0.0757952556014061 127
1761837830896 0.05419894680380821 128
1761837830917 0.06122320890426636 129
1761837830936 0.02175016701221466 130
1761837830957 0.11586996912956238 131
1761837830975 0.15055932104587555 132
1761837830996 0.039810292422771454 133
1761837831016 0.04890031740069389 134
1761837831035 0.06758670508861542 135
1761837831056 0.047467704862356186 136
1761837831075 0.109439417719841 137
1761837831094 0.11147506535053253 138
1761837831114 0.1530434936285019 139
1761837831134 0.061813659965991974 140
1761837831153 0.097680002450943 141
1761837831173 0.13137169182300568 142
1761837831192 0.11455663293600082 143
1761837831213 0.037159014493227005 144
1761837831232 0.14133182168006897 145
1761837831251 0.07083681225776672 146
1761837831272 0.105665422976017 147
1761837831291 0.1367035210132599 148
1761837831312 0.05923083424568176 149
1761837831331 0.03821732848882675 150
1761837831352 0.04374196007847786 151
1761837831372 0.18838605284690857 152
1761837831390 0.06760216504335403 153
1761837831411 0.03919667750597 154
1761837831430 0.050727035850286484 155
1761837831450 0.05976632237434387 156
1761837831469 0.10205873101949692 157
1761837831488 0.09363104403018951 158
1761837831509 0.08352750539779663 159
1761837831528 0.04363800212740898 160
1761837831548 0.06552943587303162 161
1761837831568 0.056584253907203674 162
1761837831588 0.03832392022013664 163
1761837831608 0.1423330307006836 164
1761837831627 0.11067305505275726 165
1761837831647 0.048207659274339676 166
1761837831666 0.08942980319261551 167
1761837831687 0.04805472120642662 168
1761837831706 0.08620774745941162 169
1761837831725 0.045033469796180725 170
1761837831745 0.07012923061847687 171
1761837831766 0.12137576937675476 172
1761837831785 0.0465087965130806 173
1761837831805 0.061397962272167206 174
1761837831825 0.07704077661037445 175
1761837831845 0.04320141300559044 176
1761837831864 0.09609001874923706 177
1761837831884 0.0931791216135025 178
1761837831904 0.11233600229024887 179
1761837831924 0.11434344947338104 180
1761837831945 0.16399554908275604 181
1761837831966 0.07027494162321091 182
1761837831986 0.12408897280693054 183
1761837832006 0.1497633010149002 184
1761837832027 0.07889670878648758 185
1761837832050 0.047474246472120285 186
1761837832070 0.08644648641347885 187
1761837832089 0.09792700409889221 188
1761837832110 0.08950898051261902 189
1761837832132 0.027122855186462402 190
1761837832152 0.015302849002182484 191
1761837832173 0.03164393827319145 192
1761837832199 0.045101698487997055 193
1761837832221 0.03158470615744591 194
1761837832244 0.1003650650382042 195
1761837832267 0.06558651477098465 196
1761837832288 0.07253267616033554 197
1761837832310 0.07548926025629044 198
1761837832330 0.02134857326745987 199
1761837832350 0.07704159617424011 200
1761837832370 0.07725287228822708 201
1761837832390 0.105714812874794 202
1761837832411 0.23777684569358826 203
1761837832432 0.06428223848342896 204
1761837832453 0.087147556245327 205
1761837832475 0.03583299368619919 206
1761837832495 0.0908130332827568 207
1761837832515 0.027980640530586243 208
1761837832535 0.13263989984989166 209
1761837832555 0.0467567965388298 210
1761837832577 0.1592426598072052 211
1761837832597 0.02970622479915619 212
1761837832617 0.043661922216415405 213
1761837832637 0.08784328401088715 214
1761837832658 0.1106322780251503 215
1761837832680 0.12087929993867874 216
1761837832700 0.07686398178339005 217
1761837832720 0.09809134900569916 218
1761837832744 0.04238736256957054 219
1761837832767 0.07545701414346695 220
1761837832789 0.0921638011932373 221
1761837832810 0.05532533675432205 222
1761837832832 0.0703553780913353 223
1761837832853 0.08403026312589645 224
1761837832874 0.10645627230405807 225
1761837832898 0.060993943363428116 226
1761837832921 0.09396955370903015 227
1761837832945 0.040245577692985535 228
1761837832969 0.13620755076408386 229
1761837832993 0.14715880155563354 230
1761837833017 0.08497316390275955 231
1761837833039 0.1164780929684639 232
1761837833062 0.06314555555582047 233
1761837833083 0.059682928025722504 234
1761837833105 0.0723109170794487 235
1761837833125 0.06310315430164337 236
1761837833145 0.1059502437710762 237
1761837833167 0.064694344997406 238
1761837833187 0.10739137977361679 239
1761837833208 0.056750357151031494 240
1761837833230 0.050056349486112595 241
1761837833250 0.018611088395118713 242
1761837833271 0.02578405663371086 243
1761837833293 0.021450195461511612 244
1761837833313 0.10006853193044662 245
1761837833333 0.06988061219453812 246
1761837833353 0.08247926086187363 247
1761837833375 0.10980504006147385 248
1761837833397 0.027863668277859688 249
1761837833429 0.03829216957092285 250
1761837833453 0.11313315480947495 251
1761837833476 0.05893567204475403 252
1761837833499 0.14745905995368958 253
1761837833521 0.1541605144739151 254
1761837833544 0.05743119865655899 255
1761837833566 0.00985616073012352 256
1761837833587 0.03372559696435928 257
1761837833609 0.05694318935275078 258
1761837833631 0.05966416746377945 259
1761837833656 0.05181289091706276 260
1761837833678 0.2013930380344391 261
1761837833701 0.0801110789179802 262
1761837833722 0.047058504074811935 263
1761837833745 0.1257379651069641 264
1761837833768 0.1938895881175995 265
1761837833789 0.08049219101667404 266
1761837833812 0.02662109211087227 267
1761837833835 0.03438887745141983 268
1761837833857 0.05371447652578354 269
1761837833878 0.06159431114792824 270
1761837833899 0.13307669758796692 271
1761837833921 0.027272025123238564 272
1761837833943 0.2062971442937851 273
1761837833965 0.13810423016548157 274
1761837833986 0.062150612473487854 275
1761837834007 0.029675913974642754 276
1761837834028 0.042414262890815735 277
1761837834050 0.054128870368003845 278
1761837834071 0.11442558467388153 279
1761837834093 0.037882838398218155 280
1761837834114 0.0837506428360939 281
1761837834135 0.05798710882663727 282
1761837834157 0.03880646824836731 283
1761837834178 0.027661675587296486 284
1761837834199 0.07700756937265396 285
1761837834221 0.036253929138183594 286
1761837834244 0.18179522454738617 287
1761837834265 0.09759198874235153 288
1761837834287 0.045857299119234085 289
1761837834308 0.10385730117559433 290
1761837834331 0.08167634904384613 291
1761837834353 0.14400804042816162 292
1761837834375 0.10728046298027039 293
1761837834398 0.10871017724275589 294
1761837834419 0.13245144486427307 295
1761837834441 0.013506464660167694 296
1761837834462 0.07340484112501144 297
1761837834485 0.027718963101506233 298
1761837834505 0.054197508841753006 299
1761837834526 0.06182657182216644 300
1761837834548 0.02922563999891281 301
1761837834569 0.03900409862399101 302
1761837834592 0.14470666646957397 303
1761837834612 0.0765092596411705 304
1761837834635 0.14433199167251587 305
1761837834657 0.07164452970027924 306
1761837834678 0.04960678890347481 307
1761837834702 0.059170857071876526 308
1761837834723 0.14899493753910065 309
1761837834745 0.18722358345985413 310
1761837834767 0.19892118871212006 311
1761837834790 0.15173013508319855 312
1761837834814 0.08113934099674225 313
1761837834836 0.027071738615632057 314
1761837834857 0.11586640030145645 315
1761837834879 0.050586797297000885 316
1761837834901 0.2294710874557495 317
1761837834924 0.10535378754138947 318
1761837834947 0.24858535826206207 319
1761837834970 0.14179646968841553 320
1761837834992 0.15471762418746948 321
1761837835014 0.07786224037408829 322
1761837835037 0.09109487384557724 323
1761837835058 0.10845145583152771 324
1761837835081 0.07512559741735458 325
1761837835102 0.04720601439476013 326
1761837835123 0.13898451626300812 327
1761837835145 0.0293111614882946 328
1761837835168 0.04256211966276169 329
1761837835191 0.08333383500576019 330
1761837835215 0.08109487593173981 331
1761837835237 0.06548979878425598 332
1761837835258 0.0602743923664093 333
1761837835281 0.04325491935014725 334
1761837835303 0.07443103194236755 335
1761837835325 0.10743054002523422 336
1761837835348 0.09022923558950424 337
1761837835370 0.1344035416841507 338
1761837835392 0.049293626099824905 339
1761837835414 0.09546323120594025 340
1761837835436 0.025983449071645737 341
1761837835458 0.06778745353221893 342
1761837835479 0.10958552360534668 343
1761837835502 0.036661144345998764 344
1761837835522 0.04116802290081978 345
1761837835545 0.09687742590904236 346
1761837835567 0.07452487200498581 347
1761837835591 0.15599441528320312 348
1761837835615 0.1003885492682457 349
1761837835638 0.15128840506076813 350
1761837835661 0.11231909692287445 351
1761837835684 0.08396151661872864 352
1761837835708 0.17292636632919312 353
1761837835731 0.04405096918344498 354
1761837835754 0.05591597408056259 355
1761837835775 0.10620678961277008 356
1761837835799 0.04763386398553848 357
1761837835822 0.1029946580529213 358
1761837835845 0.10422436147928238 359
1761837835869 0.09481780976057053 360
1761837835893 0.11228431761264801 361
1761837835917 0.025339389219880104 362
1761837835940 0.10897607356309891 363
1761837835963 0.050610851496458054 364
1761837835986 0.05712715536355972 365
1761837836009 0.02469497360289097 366
1761837836031 0.07896705716848373 367
1761837836054 0.05583715811371803 368
1761837836078 0.06356070935726166 369
1761837836102 0.08046213537454605 370
1761837836125 0.10970275849103928 371
1761837836148 0.13568508625030518 372
1761837836170 0.07367919385433197 373
1761837836192 0.12182466685771942 374
1761837836216 0.023364996537566185 375
1761837836237 0.024031411856412888 376
1761837836260 0.054660048335790634 377
1761837836283 0.06685886532068253 378
1761837836305 0.047635242342948914 379
1761837836327 0.06424307823181152 380
1761837836350 0.061247292906045914 381
1761837836374 0.1730395406484604 382
1761837836397 0.04419596493244171 383
1761837836421 0.044719547033309937 384
1761837836443 0.03558454290032387 385
1761837836468 0.10634426772594452 386
1761837836492 0.041742127388715744 387
1761837836515 0.0617903433740139 388
1761837836538 0.09100281447172165 389
1761837836559 0.0903875082731247 390
1761837836584 0.15711206197738647 391
1761837836607 0.14837399125099182 392
1761837836631 0.06882341206073761 393
1761837836654 0.04000997915863991 394
1761837836677 0.06600312888622284 395
1761837836701 0.05225082114338875 396
1761837836724 0.07103268057107925 397
1761837836748 0.06673484295606613 398
1761837836771 0.1390727311372757 399
1761837836794 0.09018883109092712 400
