1763904622185 1.7422935962677002 0
1763904622281 1.5446826219558716 1
1763904622376 1.419223666191101 2
1763904622469 1.335251808166504 3
1763904622561 1.2735031843185425 4
1763904622655 1.2194191217422485 5
1763904622749 1.1763395071029663 6
1763904622843 1.1355105638504028 7
1763904622935 1.1018778085708618 8
1763904623024 1.066758155822754 9
1763904623110 1.0385509729385376 10
1763904623205 1.0116666555404663 11
1763904623297 0.9876177310943604 12
1763904623387 0.961803138256073 13
1763904623478 0.9406954646110535 14
1763904623569 0.9223014116287231 15
1763904623658 0.9040064811706543 16
1763904623749 0.8828074932098389 17
1763904623841 0.8657326698303223 18
1763904623932 0.8507496118545532 19
1763904624022 0.8357612490653992 20
1763904624116 0.8217947483062744 21
1763904624207 0.8098278641700745 22
1763904624299 0.7989453673362732 23
1763904624391 0.7875786423683167 24
1763904624481 0.77883380651474 25
1763904624572 0.7689788341522217 26
1763904624663 0.7570109963417053 27
1763904624752 0.7491176128387451 28
1763904624843 0.7390367984771729 29
1763904624934 0.7302975654602051 30
