1763904622185 1.5576859712600708 0
1763904622281 1.2920892238616943 1
1763904622376 1.3086813688278198 2
1763904622469 1.040581464767456 3
1763904622561 0.9787831902503967 4
1763904622655 0.6654294729232788 5
1763904622749 1.0243860483169556 6
1763904622843 1.0588607788085938 7
1763904622935 0.8866430521011353 8
1763904623024 1.3885536193847656 9
1763904623110 1.0492851734161377 10
1763904623205 1.1063228845596313 11
1763904623297 0.9949662089347839 12
1763904623387 1.0928503274917603 13
1763904623478 0.513826310634613 14
1763904623569 0.529757022857666 15
1763904623658 0.619250476360321 16
1763904623749 0.5876642465591431 17
1763904623841 0.28617146611213684 18
1763904623932 0.9842130541801453 19
1763904624022 0.5212486982345581 20
1763904624116 0.7445012331008911 21
1763904624207 0.26328492164611816 22
1763904624299 0.13927091658115387 23
1763904624391 0.4224337339401245 24
1763904624481 0.52857506275177 25
1763904624572 0.4605809152126312 26
1763904624663 0.4454076588153839 27
1763904624752 0.3409256339073181 28
1763904624843 0.2828643321990967 29
1763904624934 0.5728970766067505 30
