1762793178838 1.74271559715271 0
1762793178933 1.5420054197311401 1
1762793179029 1.4132483005523682 2
1762793179122 1.3325101137161255 3
1762793179214 1.267582893371582 4
1762793179308 1.206556797027588 5
1762793179402 1.1503337621688843 6
1762793179495 1.1145083904266357 7
1762793179587 1.0829297304153442 8
1762793179679 1.0593122243881226 9
1762793179772 1.0250177383422852 10
1762793179868 0.9945595264434814 11
1762793179959 0.9679273366928101 12
1762793180052 0.9440769553184509 13
1762793180144 0.9224503636360168 14
1762793180237 0.9048581123352051 15
1762793180332 0.8879064321517944 16
1762793180424 0.8710502982139587 17
1762793180516 0.8584496378898621 18
1762793180607 0.8492322564125061 19
1762793180700 0.8340076208114624 20
1762793180793 0.8205859661102295 21
1762793180886 0.8073166608810425 22
1762793180977 0.796174943447113 23
1762793181067 0.7846869826316833 24
1762793181157 0.7729623913764954 25
1762793181248 0.761959433555603 26
