1762793178838 1.2681071758270264 0
1762793178933 1.1027249097824097 1
1762793179029 1.2976433038711548 2
1762793179122 1.3034147024154663 3
1762793179214 1.3171175718307495 4
1762793179308 0.7482019662857056 5
1762793179402 0.698684811592102 6
1762793179495 0.9254790544509888 7
1762793179587 0.6108829379081726 8
1762793179679 0.5895835161209106 9
1762793179772 0.6846994757652283 10
1762793179868 0.7535443305969238 11
1762793179959 0.24825318157672882 12
1762793180052 0.6292750835418701 13
1762793180144 0.2553403973579407 14
1762793180237 0.49317723512649536 15
1762793180332 0.7484081983566284 16
1762793180424 0.387966126203537 17
1762793180516 0.7024955153465271 18
1762793180607 0.6197801232337952 19
1762793180700 0.5251298546791077 20
1762793180793 0.4912331700325012 21
1762793180886 0.4207786023616791 22
1762793180977 0.8228803277015686 23
1762793181067 0.2921620011329651 24
1762793181157 1.2661681175231934 25
1762793181248 0.531223475933075 26
