1762798584309 1.724605679512024 0
1762798584406 1.5080376863479614 1
1762798584503 1.3837159872055054 2
1762798584600 1.313474416732788 3
1762798584698 1.2467763423919678 4
1762798584796 1.179632306098938 5
1762798584891 1.1381161212921143 6
1762798584987 1.0909172296524048 7
1762798585084 1.0530565977096558 8
1762798585181 1.0177689790725708 9
1762798585277 0.987325131893158 10
1762798585373 0.9598515033721924 11
1762798585470 0.943890392780304 12
1762798585567 0.9230242967605591 13
1762798585664 0.9022745490074158 14
1762798585762 0.885023832321167 15
1762798585855 0.8710681200027466 16
1762798585950 0.8566392660140991 17
1762798586054 0.8408344388008118 18
1762798586161 0.8232010006904602 19
1762798586268 0.806635856628418 20
1762798586375 0.7930580973625183 21
