1762798584309 1.4198969602584839 0
1762798584406 2.1869218349456787 1
1762798584503 1.042846918106079 2
1762798584600 1.1456754207611084 3
1762798584698 1.3696297407150269 4
1762798584796 0.9121999740600586 5
1762798584891 1.1734319925308228 6
1762798584987 0.8824969530105591 7
1762798585084 0.6706750988960266 8
1762798585181 0.980794370174408 9
1762798585277 1.1845674514770508 10
1762798585373 0.6138713359832764 11
1762798585470 0.7912685871124268 12
1762798585567 0.47362348437309265 13
1762798585664 0.7037457227706909 14
1762798585762 0.6767693161964417 15
1762798585855 0.5160232782363892 16
1762798585950 1.424315333366394 17
1762798586054 0.5130284428596497 18
1762798586161 0.600635290145874 19
1762798586268 0.39426088333129883 20
1762798586375 0.22464171051979065 21
