1761837280826 2.060513734817505 0
1761837280991 1.8851224184036255 1
1761837281157 1.7602019309997559 2
1761837281325 1.6982845067977905 3
1761837281486 1.6449788808822632 4
1761837281649 1.5775703191757202 5
1761837281809 1.5391957759857178 6
1761837281972 1.516257643699646 7
1761837282139 1.4764634370803833 8
1761837282307 1.4522465467453003 9
1761837282475 1.4358021020889282 10
1761837282645 1.4092768430709839 11
1761837282818 1.3835299015045166 12
1761837282983 1.3572522401809692 13
1761837283146 1.3374220132827759 14
1761837283322 1.3130544424057007 15
1761837283487 1.2926883697509766 16
1761837283659 1.2760024070739746 17
1761837283837 1.2603950500488281 18
1761837284001 1.2436543703079224 19
1761837284165 1.228567123413086 20
1761837284359 1.219052791595459 21
1761837284524 1.2049554586410522 22
1761837284698 1.1905521154403687 23
1761837284877 1.1804389953613281 24
1761837285047 1.1678764820098877 25
1761837285248 1.1564291715621948 26
1761837285450 1.144860029220581 27
1761837285627 1.1335245370864868 28
1761837285807 1.1223483085632324 29
1761837285983 1.1145586967468262 30
1761837286155 1.106371283531189 31
1761837286335 1.0962802171707153 32
1761837286506 1.0862679481506348 33
1761837286671 1.0806405544281006 34
1761837286836 1.0718971490859985 35
1761837287018 1.0624377727508545 36
1761837287187 1.0518817901611328 37
1761837287354 1.044155240058899 38
1761837287516 1.0371168851852417 39
1761837287681 1.0302654504776 40
1761837287846 1.0209293365478516 41
1761837288011 1.0129233598709106 42
1761837288178 1.0055755376815796 43
1761837288342 0.9980143308639526 44
1761837288505 0.9891141653060913 45
1761837288666 0.984082043170929 46
1761837288828 0.978584885597229 47
1761837288989 0.974616527557373 48
1761837289151 0.9674116969108582 49
1761837289323 0.9607645273208618 50
1761837289497 0.9526747465133667 51
1761837289670 0.9444063305854797 52
1761837289841 0.937112033367157 53
1761837290006 0.9304561018943787 54
1761837290170 0.9214900732040405 55
1761837290336 0.9146854877471924 56
1761837290513 0.9063951373100281 57
1761837290682 0.8992324471473694 58
1761837290848 0.8918135166168213 59
1761837291024 0.884281575679779 60
1761837291204 0.8777788877487183 61
1761837291386 0.8714615106582642 62
1761837291556 0.8653854727745056 63
1761837291720 0.8597156405448914 64
1761837291881 0.8528001308441162 65
1761837292043 0.8470470309257507 66
1761837292209 0.8403533101081848 67
1761837292374 0.8353210687637329 68
1761837292537 0.8290811777114868 69
1761837292701 0.8238886594772339 70
1761837292864 0.8198626637458801 71
1761837293028 0.8144405484199524 72
1761837293191 0.808349609375 73
1761837293352 0.8026977181434631 74
1761837293519 0.7973854541778564 75
1761837293686 0.7927976846694946 76
1761837293848 0.7878666520118713 77
1761837294013 0.7831624746322632 78
1761837294185 0.7786580324172974 79
1761837294349 0.7745781540870667 80
1761837294535 0.7699832320213318 81
1761837294715 0.7663702964782715 82
1761837294882 0.7623503804206848 83
1761837295048 0.7585885524749756 84
1761837295231 0.7544034719467163 85
1761837295411 0.7507051825523376 86
1761837295576 0.7475484609603882 87
1761837295743 0.7434468865394592 88
1761837295906 0.7403890490531921 89
1761837296070 0.7364116907119751 90
1761837296234 0.7327218651771545 91
1761837296403 0.7296053171157837 92
1761837296568 0.7276412844657898 93
1761837296733 0.7246429324150085 94
1761837296898 0.7217676043510437 95
1761837297062 0.7195149660110474 96
1761837297233 0.7172089219093323 97
1761837297416 0.7139298915863037 98
1761837297618 0.7117279171943665 99
1761837297799 0.7089068293571472 100
1761837297966 0.7068241238594055 101
1761837298132 0.705130934715271 102
1761837298338 0.7021227478981018 103
1761837298512 0.7003772854804993 104
1761837298686 0.6972613334655762 105
1761837298850 0.6956284642219543 106
1761837299025 0.6932146549224854 107
1761837299203 0.690820574760437 108
1761837299383 0.6878672242164612 109
1761837299550 0.6859639883041382 110
1761837299727 0.6837162971496582 111
1761837299902 0.681605339050293 112
1761837300067 0.6795165538787842 113
1761837300230 0.6774616241455078 114
1761837300394 0.675220787525177 115
1761837300567 0.6729636192321777 116
1761837300741 0.6706088781356812 117
1761837300911 0.6694844961166382 118
1761837301075 0.6674148440361023 119
1761837301242 0.6653310060501099 120
1761837301406 0.6640149354934692 121
1761837301570 0.6614815592765808 122
1761837301736 0.6594551801681519 123
1761837301902 0.6576412916183472 124
1761837302064 0.6558372974395752 125
1761837302232 0.6537649631500244 126
1761837302402 0.6522684693336487 127
1761837302569 0.6507031917572021 128
1761837302734 0.649523138999939 129
1761837302899 0.6472759246826172 130
1761837303080 0.6452327966690063 131
1761837303252 0.6436014175415039 132
1761837303432 0.6416512131690979 133
1761837303650 0.6402942538261414 134
1761837303821 0.6389939188957214 135
1761837303996 0.6373374462127686 136
1761837304168 0.6358238458633423 137
1761837304353 0.6342465281486511 138
1761837304523 0.6327938437461853 139
1761837304686 0.6315063238143921 140
1761837304849 0.6299344301223755 141
1761837305011 0.628412663936615 142
1761837305178 0.627078652381897 143
1761837305342 0.625665545463562 144
1761837305507 0.6245821118354797 145
1761837305670 0.6235707998275757 146
1761837305834 0.6224256753921509 147
1761837305995 0.6214914917945862 148
1761837306171 0.6196128726005554 149
1761837306356 0.6186052560806274 150
1761837306528 0.6172339916229248 151
1761837306696 0.6159579157829285 152
1761837306874 0.6149354577064514 153
1761837307042 0.6138975620269775 154
1761837307207 0.6124724745750427 155
1761837307370 0.6110996603965759 156
1761837307535 0.6101903915405273 157
1761837307701 0.6087179780006409 158
1761837307865 0.6074303984642029 159
1761837308030 0.6064013242721558 160
1761837308198 0.6058952212333679 161
1761837308362 0.6049551963806152 162
