1761837280826 2.2492294311523438 0
1761837280991 2.138777017593384 1
1761837281157 1.2385929822921753 2
1761837281325 1.5669080018997192 3
1761837281486 1.2875412702560425 4
1761837281649 1.0572500228881836 5
1761837281809 1.3805804252624512 6
1761837281972 2.3786394596099854 7
1761837282139 1.170200228691101 8
1761837282307 2.5398943424224854 9
1761837282475 2.350884199142456 10
1761837282645 1.1698942184448242 11
1761837282818 1.2038387060165405 12
1761837282983 1.7048414945602417 13
1761837283146 1.8328206539154053 14
1761837283322 0.4320636987686157 15
1761837283487 1.2046544551849365 16
1761837283659 1.1946617364883423 17
1761837283837 2.2551794052124023 18
1761837284001 1.0674978494644165 19
1761837284165 1.6847838163375854 20
1761837284359 2.0100464820861816 21
1761837284524 1.0156084299087524 22
1761837284698 1.6477165222167969 23
1761837284877 1.2385722398757935 24
1761837285047 0.8012919425964355 25
1761837285248 0.7487491369247437 26
1761837285450 1.4939634799957275 27
1761837285627 0.45637184381484985 28
1761837285807 1.0515646934509277 29
1761837285983 0.9889644384384155 30
1761837286155 1.4484623670578003 31
1761837286335 0.7909947037696838 32
1761837286506 1.4429001808166504 33
1761837286671 0.9099634289741516 34
1761837286836 0.7729902267456055 35
1761837287018 2.5308165550231934 36
1761837287187 0.7772015333175659 37
1761837287354 1.726562738418579 38
1761837287516 1.0201654434204102 39
1761837287681 1.9140453338623047 40
1761837287846 1.0298928022384644 41
1761837288011 0.4933586120605469 42
1761837288178 0.6104745864868164 43
1761837288342 1.49686861038208 44
1761837288505 0.7642433643341064 45
1761837288666 2.9934349060058594 46
1761837288828 1.4263912439346313 47
1761837288989 2.771181106567383 48
1761837289151 1.5513646602630615 49
1761837289323 0.648860514163971 50
1761837289497 0.4955948293209076 51
1761837289670 1.236326813697815 52
1761837289841 1.0074864625930786 53
1761837290006 0.5030301213264465 54
1761837290170 0.32553839683532715 55
1761837290336 1.1205363273620605 56
1761837290513 0.3603074550628662 57
1761837290682 0.8929988741874695 58
1761837290848 0.13328629732131958 59
1761837291024 0.45618802309036255 60
1761837291204 0.617171049118042 61
1761837291386 0.7453821897506714 62
1761837291556 1.6927030086517334 63
1761837291720 1.2341402769088745 64
1761837291881 0.4280235469341278 65
1761837292043 0.6106027364730835 66
1761837292209 0.2132343053817749 67
1761837292374 1.02864408493042 68
1761837292537 0.09142016619443893 69
1761837292701 0.498814195394516 70
1761837292864 3.294086217880249 71
1761837293028 0.5916405320167542 72
1761837293191 0.5128194689750671 73
1761837293352 0.28654924035072327 74
1761837293519 0.18175113201141357 75
1761837293686 0.9762434959411621 76
1761837293848 0.36430421471595764 77
1761837294013 0.2221103459596634 78
1761837294185 0.8100114464759827 79
1761837294349 0.1750350147485733 80
1761837294535 0.8482326865196228 81
1761837294715 1.402184009552002 82
1761837294882 0.5976240038871765 83
1761837295048 0.1027478575706482 84
1761837295231 0.5994154810905457 85
1761837295411 0.2132420837879181 86
1761837295576 0.323536217212677 87
1761837295743 0.5858297944068909 88
1761837295906 0.7405493259429932 89
1761837296070 0.3979802429676056 90
1761837296234 0.4817116856575012 91
1761837296403 0.456219881772995 92
1761837296568 0.6392850279808044 93
1761837296733 2.031982421875 94
1761837296898 0.2462417632341385 95
1761837297062 2.0554983615875244 96
1761837297233 1.423963189125061 97
1761837297416 0.8389338254928589 98
1761837297618 1.1802599430084229 99
1761837297799 1.0562865734100342 100
1761837297966 1.5616337060928345 101
1761837298132 0.30551591515541077 102
1761837298338 0.9650505781173706 103
1761837298512 0.9941465854644775 104
1761837298686 0.6665409207344055 105
1761837298850 0.6792742013931274 106
1761837299025 0.970215916633606 107
1761837299203 1.2828245162963867 108
1761837299383 0.15483319759368896 109
1761837299550 0.7568511962890625 110
1761837299727 0.20329242944717407 111
1761837299902 0.563224196434021 112
1761837300067 0.5727425813674927 113
1761837300230 0.920354425907135 114
1761837300394 0.3843773901462555 115
1761837300567 0.582665205001831 116
1761837300741 0.1749074012041092 117
1761837300911 0.6838452219963074 118
1761837301075 1.1643668413162231 119
1761837301242 0.7463306188583374 120
1761837301406 1.1029212474822998 121
1761837301570 0.271818071603775 122
1761837301736 0.8155942559242249 123
1761837301902 1.6738530397415161 124
1761837302064 0.5366885662078857 125
1761837302232 0.4952555298805237 126
1761837302402 0.6925711631774902 127
1761837302569 0.1345839649438858 128
1761837302734 0.8683118224143982 129
1761837302899 0.41388165950775146 130
1761837303080 0.30486634373664856 131
1761837303252 0.7713290452957153 132
1761837303432 0.6825544238090515 133
1761837303650 0.277981698513031 134
1761837303821 0.1696454882621765 135
1761837303996 1.5209112167358398 136
1761837304168 1.2333301305770874 137
1761837304353 0.15810737013816833 138
1761837304523 0.13625521957874298 139
1761837304686 0.5128504037857056 140
1761837304849 0.6837453246116638 141
1761837305011 0.24005477130413055 142
1761837305178 0.5695809721946716 143
1761837305342 1.0298813581466675 144
1761837305507 1.6748138666152954 145
1761837305670 0.8151213526725769 146
1761837305834 0.3803648054599762 147
1761837305995 1.017683744430542 148
1761837306171 0.11899649351835251 149
1761837306356 1.0227251052856445 150
1761837306528 0.92494797706604 151
1761837306696 0.1799878627061844 152
1761837306874 0.24951496720314026 153
1761837307042 1.3168877363204956 154
1761837307207 0.5015773773193359 155
1761837307370 0.3757071793079376 156
1761837307535 0.3560844957828522 157
1761837307701 0.7011638879776001 158
1761837307865 0.28649166226387024 159
1761837308030 1.1610991954803467 160
1761837308198 0.46935468912124634 161
1761837308362 1.0609549283981323 162
