1762792457835 1.70888090133667 0
1762792457929 1.4970043897628784 1
1762792458023 1.3977018594741821 2
1762792458116 1.315481424331665 3
1762792458208 1.2396906614303589 4
1762792458299 1.1963552236557007 5
1762792458391 1.153866171836853 6
1762792458484 1.1095958948135376 7
1762792458575 1.0809276103973389 8
1762792458669 1.0465434789657593 9
1762792458764 1.0167499780654907 10
1762792458862 0.9884820580482483 11
1762792458961 0.9664974212646484 12
1762792459057 0.9456732869148254 13
1762792459150 0.9232494235038757 14
1762792459242 0.9065458178520203 15
1762792459335 0.8924644589424133 16
1762792459430 0.8773599863052368 17
1762792459527 0.8629058599472046 18
1762792459628 0.8505824208259583 19
1762792459726 0.8361906409263611 20
1762792459826 0.8228254318237305 21
1762792459920 0.8112083673477173 22
1762792460012 0.800118625164032 23
1762792460105 0.7868385314941406 24
1762792460200 0.7775809168815613 25
1762792460310 0.7665216326713562 26
1762792460409 0.7563232183456421 27
1762792460505 0.746567964553833 28
1762792460600 0.7371458411216736 29
1762792460691 0.7279871702194214 30
1762792460784 0.7185834646224976 31
1762792460875 0.7097238898277283 32
1762792460968 0.7025596499443054 33
1762792461066 0.6949712634086609 34
1762792461245 0.6876490116119385 35
1762792461342 0.6805136799812317 36
1762792461434 0.6739727854728699 37
1762792461527 0.667399525642395 38
