1762792457835 1.8492001295089722 0
1762792457929 1.5672757625579834 1
1762792458023 1.1861059665679932 2
1762792458116 0.8614163398742676 3
1762792458208 0.916016697883606 4
1762792458299 0.6668019890785217 5
1762792458391 1.3115630149841309 6
1762792458484 1.159137487411499 7
1762792458575 0.6706857681274414 8
1762792458669 0.5696227550506592 9
1762792458764 0.38119590282440186 10
1762792458862 0.5387744307518005 11
1762792458961 0.6889177560806274 12
1762792459057 0.34426382184028625 13
1762792459150 0.9601266384124756 14
1762792459242 0.4050171673297882 15
1762792459335 0.6538671851158142 16
1762792459430 1.1081815958023071 17
1762792459527 1.1371235847473145 18
1762792459628 0.9516929984092712 19
1762792459726 0.9681993722915649 20
1762792459826 0.6043176651000977 21
1762792459920 0.5196534395217896 22
1762792460012 0.24225866794586182 23
1762792460105 0.41699808835983276 24
1762792460200 0.2382555603981018 25
1762792460310 0.8503570556640625 26
1762792460409 0.8653624057769775 27
1762792460505 0.5093590021133423 28
1762792460600 0.10325081646442413 29
1762792460691 0.34874647855758667 30
1762792460784 0.9762862324714661 31
1762792460875 0.2990540862083435 32
1762792460968 0.8593512177467346 33
1762792461066 0.3873337209224701 34
1762792461245 0.6416823863983154 35
1762792461342 0.2284301072359085 36
1762792461434 0.3029884994029999 37
1762792461527 0.20870791375637054 38
