1762792745955 2.100428819656372 0
1762792746048 1.919133186340332 1
1762792746156 1.7882336378097534 2
1762792746249 1.699814796447754 3
1762792746341 1.6183300018310547 4
1762792746433 1.5502880811691284 5
1762792746525 1.4933645725250244 6
1762792746616 1.441908597946167 7
1762792746707 1.3933918476104736 8
1762792746799 1.3550035953521729 9
1762792746891 1.3157024383544922 10
1762792746983 1.2774715423583984 11
1762792747074 1.2422173023223877 12
1762792747167 1.2129731178283691 13
1762792747257 1.1816941499710083 14
1762792747347 1.1550624370574951 15
1762792747438 1.1309822797775269 16
1762792747529 1.1068884134292603 17
1762792747620 1.0863559246063232 18
1762792747714 1.0653613805770874 19
1762792747808 1.047410249710083 20
1762792747899 1.027746558189392 21
1762792747989 1.0109678506851196 22
1762792748078 0.9934401512145996 23
1762792748169 0.9779884815216064 24
1762792748261 0.9610052704811096 25
1762792748355 0.9458063244819641 26
1762792748448 0.9299575090408325 27
1762792748539 0.9163797497749329 28
1762792748630 0.9023276567459106 29
1762792748721 0.8888256549835205 30
1762792748811 0.8761050701141357 31
1762792748902 0.8644529581069946 32
1762792748993 0.8532897233963013 33
1762792749083 0.841400682926178 34
