1762792745955 1.7926898002624512 0
1762792746048 1.8019407987594604 1
1762792746156 1.1379172801971436 2
1762792746249 1.2514396905899048 3
1762792746341 1.2170692682266235 4
1762792746433 1.1200655698776245 5
1762792746525 1.0091174840927124 6
1762792746616 1.3077197074890137 7
1762792746707 0.8784321546554565 8
1762792746799 0.7589415907859802 9
1762792746891 1.2324390411376953 10
1762792746983 0.8231545686721802 11
1762792747074 0.7340798377990723 12
1762792747167 0.7406799793243408 13
1762792747257 0.36172211170196533 14
1762792747347 0.7174723744392395 15
1762792747438 0.3275498151779175 16
1762792747529 0.6330985426902771 17
1762792747620 0.4505504369735718 18
1762792747714 0.44739991426467896 19
1762792747808 0.5258559584617615 20
1762792747899 0.5096824169158936 21
1762792747989 0.5424116849899292 22
1762792748078 0.6167024970054626 23
1762792748169 0.542560875415802 24
1762792748261 0.36326920986175537 25
1762792748355 0.44755566120147705 26
1762792748448 0.40471217036247253 27
1762792748539 0.5737749934196472 28
1762792748630 0.5805419683456421 29
1762792748721 0.25365862250328064 30
1762792748811 0.6716564297676086 31
1762792748902 0.3730428218841553 32
1762792748993 0.7002003788948059 33
1762792749083 0.4145524203777313 34
