1762792466003 1.7280287742614746 0
1762792466095 1.5465447902679443 1
1762792466188 1.4275293350219727 2
1762792466279 1.3477253913879395 3
1762792466370 1.277221441268921 4
1762792466461 1.2158081531524658 5
1762792466552 1.1628546714782715 6
1762792466643 1.1210421323776245 7
1762792466733 1.0791223049163818 8
1762792466823 1.0445467233657837 9
1762792466915 1.017491340637207 10
1762792467005 0.9990746974945068 11
1762792467096 0.9752972722053528 12
1762792467187 0.955478847026825 13
1762792467280 0.9300205707550049 14
1762792467370 0.910878598690033 15
1762792467461 0.8927392363548279 16
1762792467553 0.8729799389839172 17
1762792467643 0.8549914360046387 18
1762792467733 0.8412842154502869 19
1762792467824 0.8286758065223694 20
1762792467914 0.8135139346122742 21
1762792468006 0.8001481890678406 22
1762792468099 0.7894880175590515 23
1762792468192 0.7777193188667297 24
1762792468283 0.7683546543121338 25
1762792468375 0.7579280734062195 26
1762792468466 0.7487186789512634 27
1762792468557 0.7391039133071899 28
1762792468649 0.7301198840141296 29
1762792468741 0.7207081913948059 30
1762792468831 0.7103158831596375 31
1762792468921 0.7012432813644409 32
1762792469012 0.695847749710083 33
