1762792466003 1.4627410173416138 0
1762792466095 1.5287646055221558 1
1762792466188 0.6813297271728516 2
1762792466279 1.0631352663040161 3
1762792466370 0.9850577712059021 4
1762792466461 0.9164878726005554 5
1762792466552 0.8911623954772949 6
1762792466643 0.8283877968788147 7
1762792466733 0.9655039310455322 8
1762792466823 0.6517478227615356 9
1762792466915 0.6710832715034485 10
1762792467005 0.6778569221496582 11
1762792467096 0.7820374965667725 12
1762792467187 0.6947472095489502 13
1762792467280 0.42935681343078613 14
1762792467370 1.4586122035980225 15
1762792467461 0.7017516493797302 16
1762792467553 0.44526511430740356 17
1762792467643 0.8656100630760193 18
1762792467733 1.2680355310440063 19
1762792467824 1.0776169300079346 20
1762792467914 0.7202222347259521 21
1762792468006 1.5609418153762817 22
1762792468099 0.9357261061668396 23
1762792468192 0.5473995208740234 24
1762792468283 0.765612006187439 25
1762792468375 0.9077736735343933 26
1762792468466 0.3458561301231384 27
1762792468557 0.37229982018470764 28
1762792468649 0.1482781171798706 29
1762792468741 0.2065773457288742 30
1762792468831 0.17731435596942902 31
1762792468921 0.687140703201294 32
1762792469012 1.5961312055587769 33
