1762792732200 2.116161584854126 0
1762792732296 1.9254577159881592 1
1762792732391 1.8140909671783447 2
1762792732484 1.7168508768081665 3
1762792732576 1.635572910308838 4
1762792732670 1.570305347442627 5
1762792732762 1.51222825050354 6
1762792732855 1.4564385414123535 7
1762792732947 1.4128514528274536 8
1762792733039 1.3674360513687134 9
1762792733129 1.3291243314743042 10
1762792733222 1.2954751253128052 11
1762792733316 1.2604902982711792 12
1762792733413 1.2311861515045166 13
1762792733505 1.2039508819580078 14
1762792733595 1.1782917976379395 15
1762792733686 1.1546986103057861 16
1762792733778 1.1310038566589355 17
1762792733870 1.1058422327041626 18
1762792733961 1.0821166038513184 19
1762792734057 1.059476613998413 20
1762792734160 1.0398054122924805 21
1762792734256 1.0194474458694458 22
1762792734353 1.0004042387008667 23
1762792734445 0.9814170002937317 24
1762792734536 0.9656006097793579 25
1762792734627 0.9484747648239136 26
1762792734718 0.9318697452545166 27
1762792734811 0.9166160225868225 28
1762792734910 0.9026341438293457 29
1762792735007 0.8890116810798645 30
1762792735102 0.8753160238265991 31
1762792735195 0.8615087270736694 32
1762792735286 0.8483087420463562 33
1762792735377 0.8359649181365967 34
1762792735475 0.8240657448768616 35
1762792735568 0.8136354684829712 36
1762792735660 0.8020064234733582 37
1762792735750 0.791854977607727 38
1762792735841 0.7807965278625488 39
1762792735932 0.771240770816803 40
