1762792732200 1.8274823427200317 0
1762792732296 1.4162907600402832 1
1762792732391 1.6291712522506714 2
1762792732484 1.3167941570281982 3
1762792732576 1.2321735620498657 4
1762792732670 1.2320388555526733 5
1762792732762 0.7957733273506165 6
1762792732855 1.205819845199585 7
1762792732947 0.7437710165977478 8
1762792733039 0.7854509353637695 9
1762792733129 0.6180853843688965 10
1762792733222 0.6891326308250427 11
1762792733316 0.728903591632843 12
1762792733413 0.7380480766296387 13
1762792733505 0.7937170267105103 14
1762792733595 1.0238441228866577 15
1762792733686 0.7920999526977539 16
1762792733778 0.6437366008758545 17
1762792733870 0.6080675721168518 18
1762792733961 1.1775037050247192 19
1762792734057 0.445680171251297 20
1762792734160 0.4755658209323883 21
1762792734256 0.4012593626976013 22
1762792734353 0.8933055400848389 23
1762792734445 0.18155770003795624 24
1762792734536 0.4450445771217346 25
1762792734627 0.5321972966194153 26
1762792734718 0.4153444170951843 27
1762792734811 0.33188924193382263 28
1762792734910 0.5076650977134705 29
1762792735007 0.5202035903930664 30
1762792735102 0.3628683090209961 31
1762792735195 0.6103214621543884 32
1762792735286 0.3927440941333771 33
1762792735377 0.6886799335479736 34
1762792735475 0.35402774810791016 35
1762792735568 0.7236496806144714 36
1762792735660 0.6739023327827454 37
1762792735750 0.3169827163219452 38
1762792735841 0.1454709768295288 39
1762792735932 0.2791205644607544 40
