1761837128126 2.0191056728363037 0
1761837128292 1.828949213027954 1
1761837128456 1.7393579483032227 2
1761837128614 1.6604071855545044 3
1761837128778 1.618721604347229 4
1761837128941 1.579572081565857 5
1761837129109 1.5385215282440186 6
1761837129272 1.5024968385696411 7
1761837129434 1.4714932441711426 8
1761837129598 1.4479578733444214 9
1761837129760 1.4214088916778564 10
1761837129922 1.397892951965332 11
1761837130083 1.375260829925537 12
1761837130245 1.3498800992965698 13
1761837130406 1.3281030654907227 14
1761837130569 1.3122785091400146 15
1761837130730 1.2961701154708862 16
1761837130890 1.2814408540725708 17
1761837131052 1.2655065059661865 18
1761837131215 1.251045823097229 19
1761837131376 1.236270785331726 20
1761837131535 1.2236690521240234 21
1761837131697 1.2059499025344849 22
1761837131860 1.1943762302398682 23
1761837132020 1.1819422245025635 24
1761837132183 1.1727734804153442 25
1761837132345 1.1618025302886963 26
1761837132506 1.1451681852340698 27
1761837132668 1.131598949432373 28
1761837132847 1.1164240837097168 29
1761837133019 1.102816104888916 30
1761837133189 1.0914123058319092 31
1761837133351 1.0783263444900513 32
1761837133512 1.0669867992401123 33
1761837133675 1.0554293394088745 34
1761837133836 1.0445889234542847 35
1761837133999 1.0331684350967407 36
1761837134163 1.0242325067520142 37
1761837134325 1.0136836767196655 38
1761837134493 1.0036206245422363 39
1761837134659 0.9934720396995544 40
1761837134821 0.9862274527549744 41
1761837134987 0.976392924785614 42
1761837135149 0.9673253297805786 43
1761837135311 0.9596118330955505 44
1761837135474 0.9506673216819763 45
1761837135636 0.943260669708252 46
1761837135797 0.9358646869659424 47
1761837135959 0.9285525679588318 48
1761837136120 0.9226592183113098 49
1761837136281 0.9169298410415649 50
1761837136453 0.9119484424591064 51
1761837136618 0.9051153063774109 52
1761837136779 0.8979699611663818 53
1761837136940 0.8904436826705933 54
1761837137103 0.8838763236999512 55
1761837137264 0.8780298829078674 56
1761837137430 0.8715959787368774 57
1761837137594 0.8656015992164612 58
1761837137762 0.8592965006828308 59
1761837137923 0.8545270562171936 60
1761837138088 0.8481486439704895 61
1761837138252 0.8429152965545654 62
1761837138416 0.8380712270736694 63
1761837138582 0.8329781889915466 64
1761837138743 0.8272523880004883 65
1761837138906 0.8230311274528503 66
1761837139068 0.8186615109443665 67
1761837139230 0.8138311505317688 68
1761837139391 0.8092195987701416 69
1761837139554 0.8056694269180298 70
1761837139716 0.8008782267570496 71
1761837139877 0.7961034774780273 72
1761837140038 0.7912229299545288 73
1761837140202 0.7865390181541443 74
1761837140389 0.7827338576316833 75
1761837140558 0.7794093489646912 76
1761837140728 0.7756324410438538 77
1761837140896 0.7716410160064697 78
1761837141059 0.7678856253623962 79
1761837141219 0.763714075088501 80
1761837141389 0.7603645920753479 81
1761837141550 0.7564383149147034 82
1761837141714 0.7520857453346252 83
1761837141876 0.7492071390151978 84
1761837142043 0.7457944750785828 85
1761837142208 0.742959201335907 86
1761837142372 0.739568829536438 87
1761837142539 0.7362830638885498 88
1761837142704 0.7328893542289734 89
1761837142866 0.7298194766044617 90
1761837143028 0.7275431752204895 91
1761837143189 0.7246991395950317 92
1761837143364 0.721629798412323 93
1761837143527 0.71869957447052 94
1761837143691 0.7158665657043457 95
1761837143853 0.7135980129241943 96
1761837144018 0.7111921906471252 97
1761837144179 0.7088849544525146 98
1761837144341 0.70623379945755 99
1761837144504 0.7042734026908875 100
1761837144666 0.7020660638809204 101
1761837144830 0.6995590925216675 102
1761837144992 0.6968668103218079 103
1761837145156 0.6944980025291443 104
1761837145317 0.6921270489692688 105
1761837145482 0.6895604729652405 106
1761837145646 0.6869745850563049 107
1761837145810 0.6843098998069763 108
1761837145974 0.682107150554657 109
1761837146138 0.679892361164093 110
1761837146302 0.6780462265014648 111
1761837146467 0.6761255860328674 112
1761837146631 0.6741719245910645 113
1761837146792 0.6724423766136169 114
1761837146953 0.6716822385787964 115
1761837147116 0.6696932911872864 116
1761837147279 0.6676965355873108 117
1761837147441 0.6664735674858093 118
1761837147605 0.6651327610015869 119
1761837147768 0.6633718013763428 120
1761837147929 0.661662220954895 121
1761837148093 0.6597602367401123 122
1761837148262 0.6580743193626404 123
1761837148430 0.6561803221702576 124
1761837148591 0.6544193029403687 125
1761837148753 0.6529744863510132 126
1761837148920 0.651995837688446 127
1761837149100 0.6509726643562317 128
1761837149266 0.6495944261550903 129
1761837149428 0.6480565071105957 130
1761837149590 0.6465438008308411 131
1761837149757 0.6452509164810181 132
1761837149921 0.6447319388389587 133
1761837150088 0.6434336304664612 134
1761837150252 0.6420319080352783 135
1761837150416 0.6403736472129822 136
1761837150578 0.6390586495399475 137
1761837150742 0.637528657913208 138
1761837150906 0.6365727186203003 139
1761837151070 0.6354722380638123 140
1761837151232 0.6340358257293701 141
1761837151395 0.6323520541191101 142
1761837151558 0.6313731670379639 143
1761837151720 0.630000114440918 144
1761837151885 0.6286910772323608 145
1761837152050 0.6275275945663452 146
1761837152216 0.6268801093101501 147
1761837152379 0.6260190010070801 148
1761837152555 0.6248812079429626 149
1761837152721 0.624256432056427 150
1761837152885 0.6230806708335876 151
1761837153058 0.6219543814659119 152
1761837153222 0.6211331486701965 153
1761837153386 0.6198831796646118 154
1761837153548 0.6188917756080627 155
1761837153710 0.6175712943077087 156
1761837153875 0.6165975332260132 157
1761837154039 0.6154400706291199 158
1761837154201 0.6143532395362854 159
1761837154368 0.6130417585372925 160
1761837154537 0.6123402118682861 161
1761837154700 0.6112419366836548 162
1761837154862 0.6103788018226624 163
1761837155026 0.609889030456543 164
1761837155206 0.6091289520263672 165
1761837155370 0.6082595586776733 166
1761837155532 0.6075544357299805 167
1761837155694 0.6065780520439148 168
1761837155856 0.6057004928588867 169
1761837156023 0.604952871799469 170
1761837156189 0.6042152047157288 171
1761837156352 0.6033872365951538 172
1761837156520 0.6027622222900391 173
1761837156687 0.6018819212913513 174
1761837156853 0.6011084318161011 175
1761837157017 0.6005291938781738 176
1761837157181 0.6000247001647949 177
1761837157351 0.5991892218589783 178
1761837157519 0.5985622406005859 179
1761837157686 0.5979791283607483 180
1761837157862 0.5971196293830872 181
1761837158036 0.5963701605796814 182
1761837158202 0.5955624580383301 183
1761837158365 0.594631016254425 184
1761837158527 0.5936744809150696 185
1761837158690 0.5929604768753052 186
1761837158852 0.5922744274139404 187
1761837159017 0.5915894508361816 188
1761837159180 0.5907770991325378 189
1761837159342 0.5901618003845215 190
1761837159507 0.5894649028778076 191
1761837159671 0.5893181562423706 192
1761837159834 0.588921308517456 193
1761837159997 0.588245689868927 194
1761837160167 0.5874574184417725 195
1761837160331 0.5867499113082886 196
1761837160497 0.5862028002738953 197
1761837160660 0.5857672095298767 198
1761837160825 0.5853066444396973 199
1761837160990 0.5846997499465942 200
1761837161162 0.5838814377784729 201
1761837161331 0.5832244157791138 202
1761837161493 0.5824877619743347 203
1761837161657 0.5818023681640625 204
1761837161825 0.5810865163803101 205
1761837162003 0.5802837610244751 206
1761837162173 0.5797171592712402 207
1761837162337 0.578819215297699 208
1761837162501 0.5780007839202881 209
1761837162668 0.5773541331291199 210
1761837162846 0.576678454875946 211
1761837163016 0.5762056112289429 212
1761837163187 0.5756726861000061 213
1761837163353 0.5749947428703308 214
1761837163521 0.5746979713439941 215
1761837163689 0.5741132497787476 216
1761837163854 0.573646068572998 217
1761837164020 0.5730658769607544 218
1761837164189 0.5726879239082336 219
1761837164354 0.5721383094787598 220
1761837164518 0.571309506893158 221
1761837164688 0.5707203149795532 222
1761837164867 0.5705798864364624 223
1761837165043 0.5700250864028931 224
1761837165214 0.5694991946220398 225
1761837165382 0.5689027905464172 226
1761837165550 0.5687251687049866 227
1761837165717 0.5683506727218628 228
1761837165882 0.5676460266113281 229
1761837166056 0.5669913291931152 230
1761837166221 0.5665435194969177 231
1761837166391 0.5660939812660217 232
1761837166555 0.5657632946968079 233
1761837166718 0.5652108788490295 234
1761837166879 0.5648565888404846 235
1761837167043 0.5642897486686707 236
1761837167208 0.5638383626937866 237
1761837167379 0.563427209854126 238
1761837167551 0.5629202723503113 239
1761837167717 0.56224524974823 240
1761837167891 0.56172114610672 241
1761837168062 0.5610166192054749 242
1761837168229 0.5605452060699463 243
1761837168395 0.5601449012756348 244
1761837168567 0.5599014759063721 245
1761837168758 0.5593741536140442 246
1761837168928 0.5590738654136658 247
1761837169094 0.5588973164558411 248
1761837169260 0.5584602952003479 249
1761837169422 0.5579739212989807 250
1761837169582 0.5575087070465088 251
1761837169740 0.556972861289978 252
1761837169894 0.556774377822876 253
1761837170057 0.5561913251876831 254
1761837170219 0.5556389093399048 255
1761837170382 0.5550611615180969 256
1761837170540 0.5546184778213501 257
1761837170697 0.554206371307373 258
1761837170854 0.554010272026062 259
1761837171009 0.553747832775116 260
1761837171191 0.5534958243370056 261
1761837171353 0.5532011985778809 262
1761837171512 0.5528780817985535 263
1761837171666 0.5525648593902588 264
1761837171823 0.552333652973175 265
1761837171979 0.5521032810211182 266
1761837172137 0.551675021648407 267
1761837172295 0.5511317253112793 268
1761837172445 0.5506476163864136 269
1761837172599 0.5503659844398499 270
1761837172756 0.5500849485397339 271
1761837172915 0.5499424934387207 272
1761837173082 0.5497179627418518 273
1761837173251 0.5493314266204834 274
1761837173409 0.5489541292190552 275
1761837173565 0.548488974571228 276
1761837173722 0.5481836199760437 277
1761837173890 0.5476839542388916 278
1761837174090 0.5472551584243774 279
1761837174295 0.5467875599861145 280
1761837174498 0.5464127659797668 281
1761837174676 0.5458311438560486 282
1761837174868 0.5454883575439453 283
1761837175053 0.5450597405433655 284
1761837175241 0.544605016708374 285
1761837175428 0.5444604754447937 286
1761837175617 0.5441680550575256 287
1761837175797 0.5437531471252441 288
1761837175983 0.5434562563896179 289
1761837176166 0.5431201457977295 290
1761837176361 0.5427939891815186 291
1761837176554 0.5426756143569946 292
1761837176778 0.5424109697341919 293
1761837176975 0.5422872304916382 294
1761837177170 0.5422385931015015 295
1761837177358 0.5420217514038086 296
1761837177548 0.5417050719261169 297
1761837177738 0.5414950251579285 298
1761837177927 0.5411208271980286 299
1761837178114 0.5408110022544861 300
1761837178298 0.5405593514442444 301
1761837178486 0.5402204990386963 302
1761837178667 0.5398340225219727 303
1761837178850 0.5394800305366516 304
1761837179023 0.5392090678215027 305
1761837179194 0.5390861630439758 306
1761837179393 0.5390133261680603 307
1761837179571 0.5386228561401367 308
1761837179777 0.5383968353271484 309
1761837179949 0.5381207466125488 310
1761837180125 0.5377169847488403 311
1761837180307 0.5375329256057739 312
1761837180496 0.5373599529266357 313
1761837180684 0.5371978282928467 314
1761837180864 0.5368704199790955 315
1761837181054 0.5369156002998352 316
1761837181239 0.5367479920387268 317
1761837181418 0.5366887450218201 318
1761837181588 0.536442220211029 319
1761837181760 0.5362931489944458 320
1761837181934 0.536048948764801 321
1761837182139 0.5358176827430725 322
1761837182314 0.5356117486953735 323
1761837182488 0.5354625582695007 324
1761837182659 0.5350274443626404 325
1761837182832 0.5347821712493896 326
1761837183009 0.5347801446914673 327
1761837183201 0.5344763398170471 328
1761837183392 0.5342066884040833 329
1761837183577 0.5338982343673706 330
1761837183753 0.5335577130317688 331
1761837183939 0.5332334637641907 332
1761837184123 0.5329775214195251 333
1761837184308 0.5329947471618652 334
1761837184487 0.5328110456466675 335
1761837184663 0.5326430201530457 336
1761837184874 0.5322954654693604 337
1761837185059 0.5324177145957947 338
1761837185241 0.5322262644767761 339
1761837185422 0.5320073962211609 340
1761837185607 0.5318388938903809 341
1761837185787 0.5315361618995667 342
1761837185966 0.5313305258750916 343
1761837186142 0.5312750339508057 344
1761837186319 0.5310242176055908 345
1761837186496 0.5307020545005798 346
1761837186675 0.5304740071296692 347
1761837186863 0.5302428007125854 348
1761837187047 0.5299259424209595 349
1761837187221 0.5296726822853088 350
1761837187400 0.5293790102005005 351
1761837187609 0.5289626121520996 352
1761837187785 0.5287261009216309 353
1761837187964 0.528483510017395 354
1761837188133 0.5284934043884277 355
1761837188316 0.5283060073852539 356
1761837188503 0.5282264947891235 357
1761837188687 0.5281088948249817 358
1761837188868 0.5279276371002197 359
1761837189052 0.5276659727096558 360
1761837189232 0.5277519822120667 361
1761837189421 0.5274775624275208 362
1761837189595 0.5271664261817932 363
1761837189779 0.5268985629081726 364
1761837189970 0.5266110897064209 365
1761837190151 0.5264765620231628 366
1761837190360 0.526346743106842 367
1761837190533 0.5261863470077515 368
1761837190718 0.5260473489761353 369
1761837190910 0.5258384346961975 370
1761837191098 0.5255889892578125 371
1761837191275 0.525481104850769 372
1761837191454 0.5251706838607788 373
1761837191638 0.5248475074768066 374
1761837191826 0.5246659517288208 375
1761837191992 0.5246381163597107 376
1761837192157 0.5246590971946716 377
1761837192329 0.5243966579437256 378
1761837192500 0.5241792798042297 379
1761837192664 0.5240818858146667 380
1761837192829 0.5238974690437317 381
1761837193025 0.5237418413162231 382
1761837193197 0.5234712362289429 383
1761837193363 0.5233690738677979 384
1761837193527 0.5231233835220337 385
1761837193713 0.5230331420898438 386
1761837193902 0.5228098630905151 387
1761837194086 0.5227589011192322 388
1761837194263 0.5225610733032227 389
1761837194455 0.5223782062530518 390
1761837194636 0.5221889019012451 391
1761837194814 0.5221074819564819 392
1761837194983 0.5220024585723877 393
1761837195153 0.5219241976737976 394
1761837195340 0.5217579007148743 395
1761837195562 0.5216721296310425 396
1761837195742 0.5213958024978638 397
1761837195931 0.5211715698242188 398
1761837196120 0.5211770534515381 399
1761837196307 0.5209607481956482 400
