1761837128126 1.7893500328063965 0
1761837128292 2.273876428604126 1
1761837128456 1.4558101892471313 2
1761837128614 1.6772620677947998 3
1761837128778 1.9472774267196655 4
1761837128941 2.0287609100341797 5
1761837129109 2.035975456237793 6
1761837129272 1.0902377367019653 7
1761837129434 1.195482850074768 8
1761837129598 1.6353687047958374 9
1761837129760 1.4789743423461914 10
1761837129922 1.7802836894989014 11
1761837130083 1.0779541730880737 12
1761837130245 0.46917131543159485 13
1761837130406 0.7415083646774292 14
1761837130569 1.5986255407333374 15
1761837130730 2.034309148788452 16
1761837130890 0.6328029632568359 17
1761837131052 1.534346103668213 18
1761837131215 0.533443808555603 19
1761837131376 1.0451489686965942 20
1761837131535 1.1384079456329346 21
1761837131697 0.5827860832214355 22
1761837131860 2.2871930599212646 23
1761837132020 1.3369015455245972 24
1761837132183 2.3642265796661377 25
1761837132345 1.7938216924667358 26
1761837132506 0.19835667312145233 27
1761837132668 1.6862871646881104 28
1761837132847 0.8711046576499939 29
1761837133019 0.32886677980422974 30
1761837133189 1.7449417114257812 31
1761837133351 1.373875379562378 32
1761837133512 1.3848806619644165 33
1761837133675 0.8876087069511414 34
1761837133836 1.2584209442138672 35
1761837133999 1.0671849250793457 36
1761837134163 0.7859354019165039 37
1761837134325 0.38313227891921997 38
1761837134493 0.8845134973526001 39
1761837134659 0.5069006681442261 40
1761837134821 0.34523287415504456 41
1761837134987 0.26626071333885193 42
1761837135149 1.2048871517181396 43
1761837135311 0.7339940667152405 44
1761837135474 0.501956582069397 45
1761837135636 0.5716153979301453 46
1761837135797 0.8283160328865051 47
1761837135959 0.4542734622955322 48
1761837136120 0.5748869776725769 49
1761837136281 2.1942379474639893 50
1761837136453 0.7246612906455994 51
1761837136618 0.9518036842346191 52
1761837136779 0.8311946988105774 53
1761837136940 0.820783793926239 54
1761837137103 0.6211233735084534 55
1761837137264 0.7230212688446045 56
1761837137430 0.5996463894844055 57
1761837137594 0.1721254587173462 58
1761837137762 0.42879223823547363 59
1761837137923 0.12079563736915588 60
1761837138088 0.646919846534729 61
1761837138252 0.5678402781486511 62
1761837138416 0.754059910774231 63
1761837138582 0.21671238541603088 64
1761837138743 0.6113280653953552 65
1761837138906 0.22292926907539368 66
1761837139068 1.0185490846633911 67
1761837139230 0.4432680010795593 68
1761837139391 0.29698681831359863 69
1761837139554 1.5779975652694702 70
1761837139716 1.2641352415084839 71
1761837139877 0.7926017642021179 72
1761837140038 1.2700755596160889 73
1761837140202 0.2985103726387024 74
1761837140389 1.468115210533142 75
1761837140558 0.390922874212265 76
1761837140728 0.7047344446182251 77
1761837140896 0.15523040294647217 78
1761837141059 1.4026567935943604 79
1761837141219 0.09781574457883835 80
1761837141389 1.0563671588897705 81
1761837141550 0.3121511936187744 82
1761837141714 0.437127023935318 83
1761837141876 1.614973783493042 84
1761837142043 0.894115149974823 85
1761837142208 1.007997989654541 86
1761837142372 0.6011074185371399 87
1761837142539 1.369124412536621 88
1761837142704 1.236053466796875 89
1761837142866 0.23791155219078064 90
1761837143028 1.065704584121704 91
1761837143189 0.5126703977584839 92
1761837143364 0.12032324820756912 93
1761837143527 2.2313458919525146 94
1761837143691 0.7835428714752197 95
1761837143853 0.8181102871894836 96
1761837144018 0.853988528251648 97
1761837144179 1.170333981513977 98
1761837144341 0.7674558162689209 99
1761837144504 0.9092090725898743 100
1761837144666 0.1980903446674347 101
1761837144830 0.7121461629867554 102
1761837144992 0.3485172688961029 103
1761837145156 1.0665069818496704 104
1761837145317 0.2937902510166168 105
1761837145482 0.42272311449050903 106
1761837145646 0.6384493708610535 107
1761837145810 0.29431015253067017 108
1761837145974 0.43666204810142517 109
1761837146138 0.6629383563995361 110
1761837146302 1.1632311344146729 111
1761837146467 0.37041500210762024 112
1761837146631 0.2305617332458496 113
1761837146792 0.4148622155189514 114
1761837146953 1.8139240741729736 115
1761837147116 2.392742395401001 116
1761837147279 1.5167332887649536 117
1761837147441 1.4851129055023193 118
1761837147605 0.8255566954612732 119
1761837147768 1.1789294481277466 120
1761837147929 0.6504343152046204 121
1761837148093 0.5365272760391235 122
1761837148262 1.4215465784072876 123
1761837148430 0.1799604892730713 124
1761837148591 1.119106411933899 125
1761837148753 0.5851097702980042 126
1761837148920 1.3216006755828857 127
1761837149100 0.8105278015136719 128
1761837149266 0.962006151676178 129
1761837149428 1.033491611480713 130
1761837149590 0.4224913418292999 131
1761837149757 0.8590797781944275 132
1761837149921 0.9917839169502258 133
1761837150088 0.5619484782218933 134
1761837150252 0.2260361760854721 135
1761837150416 0.28525397181510925 136
1761837150578 1.7167781591415405 137
1761837150742 0.19253022968769073 138
1761837150906 1.0229339599609375 139
1761837151070 1.1739916801452637 140
1761837151232 0.37513598799705505 141
1761837151395 0.6887173652648926 142
1761837151558 0.570540726184845 143
1761837151720 0.19394424557685852 144
1761837151885 0.7297653555870056 145
1761837152050 1.0920153856277466 146
1761837152216 0.8512393832206726 147
1761837152379 1.038440465927124 148
1761837152555 1.0217560529708862 149
1761837152721 2.1317734718322754 150
1761837152885 0.3762468695640564 151
1761837153058 0.8118138909339905 152
1761837153222 1.4007405042648315 153
1761837153386 0.4322512149810791 154
1761837153548 0.13054996728897095 155
1761837153710 0.6523709297180176 156
1761837153875 0.2043757289648056 157
1761837154039 0.040943585336208344 158
1761837154201 0.7037679553031921 159
1761837154368 0.3157583475112915 160
1761837154537 1.088903784751892 161
1761837154700 1.6236258745193481 162
1761837154862 1.2399437427520752 163
1761837155026 1.276593804359436 164
1761837155206 1.5038262605667114 165
1761837155370 0.18074017763137817 166
1761837155532 1.4503587484359741 167
1761837155694 0.6396536231040955 168
1761837155856 0.6294611096382141 169
1761837156023 0.7552088499069214 170
1761837156189 1.2217042446136475 171
1761837156352 0.14116498827934265 172
1761837156520 0.6901185512542725 173
1761837156687 0.5300421714782715 174
1761837156853 0.07313649356365204 175
1761837157017 0.35773947834968567 176
1761837157181 0.9043605923652649 177
1761837157351 0.12056638300418854 178
1761837157519 0.8722431063652039 179
1761837157686 0.33272677659988403 180
1761837157862 0.3351306915283203 181
1761837158036 0.47081634402275085 182
1761837158202 0.5026274919509888 183
1761837158365 0.24434703588485718 184
1761837158527 0.09018552303314209 185
1761837158690 0.4238100051879883 186
1761837158852 1.0937151908874512 187
1761837159017 0.31544229388237 188
1761837159180 0.2975265085697174 189
1761837159342 1.2703856229782104 190
1761837159507 0.23513740301132202 191
1761837159671 1.5328421592712402 192
1761837159834 2.6283977031707764 193
1761837159997 1.3881558179855347 194
1761837160167 0.3801352083683014 195
1761837160331 0.9061591625213623 196
1761837160497 1.5122456550598145 197
1761837160660 1.8502113819122314 198
1761837160825 2.366243839263916 199
1761837160990 0.4106004238128662 200
1761837161162 0.7431159615516663 201
1761837161331 0.13995355367660522 202
1761837161493 0.11843626201152802 203
1761837161657 0.6476629972457886 204
1761837161825 0.7469733953475952 205
1761837162003 0.3907192349433899 206
1761837162173 1.4803186655044556 207
1761837162337 0.30975815653800964 208
1761837162501 0.08222641050815582 209
1761837162668 0.22582820057868958 210
1761837162846 0.2243480682373047 211
1761837163016 0.3946422040462494 212
1761837163187 0.31914985179901123 213
1761837163353 0.6282833218574524 214
1761837163521 1.3858481645584106 215
1761837163689 0.6132363080978394 216
1761837163854 1.9138894081115723 217
1761837164020 0.3030819296836853 218
1761837164189 0.15097345411777496 219
1761837164354 0.6694110035896301 220
1761837164518 0.1337490677833557 221
1761837164688 0.8140368461608887 222
1761837164867 3.379615545272827 223
1761837165043 0.8888038396835327 224
1761837165214 1.1673433780670166 225
1761837165382 0.5439544916152954 226
1761837165550 1.0894923210144043 227
1761837165717 0.6728965044021606 228
1761837165882 0.37867429852485657 229
1761837166056 0.28395676612854004 230
1761837166221 0.4121076166629791 231
1761837166391 0.33264589309692383 232
1761837166555 0.8435934782028198 233
1761837166718 0.9132651090621948 234
1761837166879 0.7540604472160339 235
1761837167043 0.7372245788574219 236
1761837167208 0.1894310563802719 237
1761837167379 0.7298159003257751 238
1761837167551 0.1517314314842224 239
1761837167717 0.36433160305023193 240
1761837167891 0.2329639345407486 241
1761837168062 0.4697015583515167 242
1761837168229 1.0665103197097778 243
1761837168395 1.3667404651641846 244
1761837168567 0.29611271619796753 245
1761837168758 0.37920820713043213 246
1761837168928 0.49438148736953735 247
1761837169094 2.1510677337646484 248
1761837169260 1.819138526916504 249
1761837169422 0.2899569272994995 250
1761837169582 1.1235129833221436 251
1761837169740 0.13773822784423828 252
1761837169894 0.7407959699630737 253
1761837170057 0.18159633874893188 254
1761837170219 0.6876126527786255 255
1761837170382 0.5551990270614624 256
1761837170540 0.30922529101371765 257
1761837170697 0.277970552444458 258
1761837170854 0.9875910878181458 259
1761837171009 0.539781928062439 260
1761837171191 0.3950536549091339 261
1761837171353 1.1633220911026 262
1761837171512 1.1215821504592896 263
1761837171666 0.4244450032711029 264
1761837171823 0.5908104777336121 265
1761837171979 1.8102383613586426 266
1761837172137 0.8028205633163452 267
1761837172295 0.3840465545654297 268
1761837172445 0.4227800965309143 269
1761837172599 1.743077278137207 270
1761837172756 0.17716361582279205 271
1761837172915 1.0156238079071045 272
1761837173082 1.6689584255218506 273
1761837173251 1.4036401510238647 274
1761837173409 0.948302149772644 275
1761837173565 0.27069732546806335 276
1761837173722 2.2752037048339844 277
1761837173890 0.06138082221150398 278
1761837174090 0.38408660888671875 279
1761837174295 0.1610049307346344 280
1761837174498 0.4402039051055908 281
1761837174676 0.166520893573761 282
1761837174868 0.2525530159473419 283
1761837175053 0.24311232566833496 284
1761837175241 0.3375191390514374 285
1761837175428 1.0821232795715332 286
1761837175617 0.5674875974655151 287
1761837175797 0.35743770003318787 288
1761837175983 2.558917760848999 289
1761837176166 0.571057140827179 290
1761837176361 2.102132797241211 291
1761837176554 1.4213931560516357 292
1761837176778 0.743725061416626 293
1761837176975 1.9798909425735474 294
1761837177170 1.7075203657150269 295
1761837177358 1.4357191324234009 296
1761837177548 0.5016281604766846 297
1761837177738 0.6859121918678284 298
1761837177927 0.9729269742965698 299
1761837178114 0.3272574245929718 300
1761837178298 0.6610914468765259 301
1761837178486 1.2985002994537354 302
1761837178667 1.4313924312591553 303
1761837178850 0.47833451628685 304
1761837179023 0.5832157135009766 305
1761837179194 0.3534608781337738 306
1761837179393 1.1284756660461426 307
1761837179571 0.5760494470596313 308
1761837179777 0.8258707523345947 309
1761837179949 0.758544921875 310
1761837180125 0.3712957203388214 311
1761837180307 0.2296239286661148 312
1761837180496 0.2420727014541626 313
1761837180684 1.0462530851364136 314
1761837180864 0.8782505989074707 315
1761837181054 0.5462670922279358 316
1761837181239 1.4350316524505615 317
1761837181418 1.84433913230896 318
1761837181588 1.026994228363037 319
1761837181760 1.473154067993164 320
1761837181934 1.2409261465072632 321
1761837182139 0.2267923802137375 322
1761837182314 0.44228512048721313 323
1761837182488 0.7772010564804077 324
1761837182659 0.28255999088287354 325
1761837182832 0.7173473238945007 326
1761837183009 1.6515365839004517 327
1761837183201 0.8709055781364441 328
1761837183392 0.2812289595603943 329
1761837183577 0.17202898859977722 330
1761837183753 0.3676561713218689 331
1761837183939 2.1725552082061768 332
1761837184123 1.0268263816833496 333
1761837184308 1.4548572301864624 334
1761837184487 0.3671375811100006 335
1761837184663 0.3400365710258484 336
1761837184874 0.3448287844657898 337
1761837185059 1.8177534341812134 338
1761837185241 0.5073415637016296 339
1761837185422 0.694473922252655 340
1761837185607 1.0010780096054077 341
1761837185787 0.2608960270881653 342
1761837185966 1.1138325929641724 343
1761837186142 0.6884467601776123 344
1761837186319 0.09903009235858917 345
1761837186496 0.1357908695936203 346
1761837186675 1.8858031034469604 347
1761837186863 0.600942075252533 348
1761837187047 0.8497141599655151 349
1761837187221 0.5333366394042969 350
1761837187400 1.378060221672058 351
1761837187609 0.9269969463348389 352
1761837187785 0.4777684211730957 353
1761837187964 0.46930381655693054 354
1761837188133 0.528656005859375 355
1761837188316 0.24828556180000305 356
1761837188503 1.1468534469604492 357
1761837188687 0.17732015252113342 358
1761837188868 0.8919625878334045 359
1761837189052 1.1321781873703003 360
1761837189232 0.22369840741157532 361
1761837189421 0.6436343789100647 362
1761837189595 0.14293959736824036 363
1761837189779 1.1228846311569214 364
1761837189970 0.8428653478622437 365
1761837190151 0.6943198442459106 366
1761837190360 0.30122584104537964 367
1761837190533 0.9371778964996338 368
1761837190718 0.15719585120677948 369
1761837190910 0.4824105203151703 370
1761837191098 0.2762677073478699 371
1761837191275 1.1612693071365356 372
1761837191454 1.056878685951233 373
1761837191638 0.9268119931221008 374
1761837191826 1.3456344604492188 375
1761837191992 1.431478500366211 376
1761837192157 1.4610607624053955 377
1761837192329 1.1893376111984253 378
1761837192500 0.7025954127311707 379
1761837192664 0.8589005470275879 380
1761837192829 0.23642069101333618 381
1761837193025 1.5691264867782593 382
1761837193197 0.25859305262565613 383
1761837193363 2.1809377670288086 384
1761837193527 0.5644568800926208 385
1761837193713 0.8783477544784546 386
1761837193902 1.088019847869873 387
1761837194086 1.6443841457366943 388
1761837194263 1.0701234340667725 389
1761837194455 0.78550124168396 390
1761837194636 0.6630953550338745 391
1761837194814 0.9744067788124084 392
1761837194983 0.8198248744010925 393
1761837195153 0.09971525520086288 394
1761837195340 1.3797508478164673 395
1761837195562 0.10120029747486115 396
1761837195742 0.46820610761642456 397
1761837195931 0.17989110946655273 398
1761837196120 1.1280697584152222 399
1761837196307 1.0505560636520386 400
