1761840202881 1.8748235702514648 0
1761840202954 1.6441564559936523 1
1761840203027 1.49610435962677 2
1761840203106 1.3811770677566528 3
1761840203179 1.2873327732086182 4
1761840203251 1.240999698638916 5
1761840203329 1.197581171989441 6
1761840203403 1.1551296710968018 7
1761840203473 1.1211508512496948 8
1761840203544 1.0879656076431274 9
1761840203615 1.056484580039978 10
1761840203687 1.0281565189361572 11
1761840203758 1.0008385181427002 12
1761840203830 0.975286602973938 13
1761840203900 0.9570198059082031 14
1761840203970 0.9357902407646179 15
1761840204040 0.9201939105987549 16
1761840204125 0.9002938270568848 17
1761840204198 0.8798012137413025 18
1761840204269 0.8646677732467651 19
1761840204341 0.8526600003242493 20
1761840204413 0.8374429941177368 21
1761840204485 0.8194228410720825 22
1761840204555 0.8080170750617981 23
1761840204626 0.793032169342041 24
1761840204696 0.7804662585258484 25
1761840204767 0.7645713686943054 26
1761840204838 0.7506395578384399 27
1761840204908 0.7378024458885193 28
1761840204978 0.7239793539047241 29
1761840205049 0.7115461826324463 30
1761840205122 0.7013149261474609 31
1761840205192 0.6914807558059692 32
1761840205263 0.6825770139694214 33
1761840205335 0.6730989813804626 34
1761840205405 0.6615006923675537 35
1761840205473 0.6527774930000305 36
1761840205540 0.6450381875038147 37
1761840205611 0.6367400884628296 38
1761840205680 0.6284806728363037 39
1761840205752 0.6200186014175415 40
1761840205824 0.6132357120513916 41
1761840205898 0.6058505773544312 42
1761840205970 0.598738968372345 43
1761840206041 0.5925631523132324 44
1761840206116 0.5860245227813721 45
1761840206187 0.5801143646240234 46
1761840206259 0.5748064517974854 47
1761840206327 0.5702418684959412 48
1761840206398 0.5654816627502441 49
1761840206468 0.5600112080574036 50
1761840206538 0.5554254055023193 51
1761840206608 0.5507767796516418 52
1761840206679 0.5463752746582031 53
1761840206750 0.5424476265907288 54
1761840206821 0.5390782356262207 55
1761840206891 0.5348689556121826 56
1761840206962 0.5314784049987793 57
1761840207034 0.5280229449272156 58
1761840207107 0.5236364603042603 59
1761840207177 0.5200501084327698 60
1761840207248 0.5169180631637573 61
1761840207319 0.513197124004364 62
1761840207389 0.5096014738082886 63
1761840207460 0.5074774026870728 64
1761840207531 0.5050395131111145 65
1761840207602 0.5024543404579163 66
1761840207674 0.49989092350006104 67
1761840207747 0.49686649441719055 68
1761840207817 0.4942888915538788 69
1761840207890 0.492349237203598 70
1761840207961 0.49013563990592957 71
1761840208033 0.48728254437446594 72
1761840208105 0.4848252832889557 73
1761840208177 0.48229140043258667 74
1761840208248 0.47971078753471375 75
1761840208320 0.4769771993160248 76
1761840208391 0.47457408905029297 77
1761840208463 0.4723413586616516 78
1761840208532 0.4705689549446106 79
1761840208604 0.46862196922302246 80
1761840208674 0.4668784439563751 81
1761840208747 0.46529948711395264 82
1761840208818 0.4631448984146118 83
1761840208890 0.46175962686538696 84
1761840208960 0.4594287574291229 85
1761840209032 0.45812898874282837 86
1761840209103 0.45637720823287964 87
1761840209175 0.4545782208442688 88
1761840209246 0.4529148042201996 89
1761840209318 0.45168042182922363 90
1761840209390 0.45042508840560913 91
1761840209461 0.4490859806537628 92
1761840209533 0.4475213289260864 93
1761840209605 0.44647860527038574 94
1761840209678 0.4448604881763458 95
1761840209749 0.4436660706996918 96
1761840209820 0.44262874126434326 97
1761840209892 0.44105255603790283 98
1761840209963 0.4397266209125519 99
1761840210038 0.43834567070007324 100
1761840210114 0.4370742738246918 101
1761840210187 0.43608710169792175 102
1761840210259 0.4346955120563507 103
1761840210334 0.4331579804420471 104
1761840210406 0.43213170766830444 105
1761840210478 0.43136048316955566 106
1761840210549 0.429697722196579 107
1761840210621 0.4285930097103119 108
1761840210692 0.42748838663101196 109
1761840210764 0.4269564151763916 110
1761840210835 0.4262976348400116 111
1761840210907 0.4251953363418579 112
1761840210979 0.42438167333602905 113
1761840211052 0.42369773983955383 114
1761840211130 0.42283010482788086 115
1761840211205 0.4222176671028137 116
1761840211279 0.42219096422195435 117
1761840211351 0.4212481677532196 118
1761840211423 0.42074015736579895 119
1761840211494 0.41973403096199036 120
1761840211566 0.4191800355911255 121
1761840211639 0.4183643162250519 122
1761840211710 0.41738393902778625 123
1761840211781 0.4163096249103546 124
1761840211853 0.41536077857017517 125
1761840211925 0.414619117975235 126
1761840211997 0.41400012373924255 127
1761840212068 0.4127078652381897 128
1761840212140 0.41186466813087463 129
1761840212211 0.4110789895057678 130
1761840212283 0.4100009799003601 131
1761840212356 0.4093949794769287 132
1761840212428 0.40866878628730774 133
1761840212499 0.40807482600212097 134
1761840212568 0.40753433108329773 135
1761840212638 0.4068044126033783 136
1761840212708 0.40625423192977905 137
1761840212780 0.4055740535259247 138
1761840212851 0.4046666622161865 139
1761840212923 0.4040857255458832 140
1761840212994 0.4034625291824341 141
1761840213069 0.40311700105667114 142
1761840213143 0.4022524654865265 143
1761840213215 0.40154463052749634 144
1761840213286 0.40089932084083557 145
1761840213358 0.40064743161201477 146
1761840213431 0.40016674995422363 147
1761840213506 0.3997170925140381 148
1761840213578 0.3992455303668976 149
1761840213650 0.39876702427864075 150
1761840213722 0.3983418345451355 151
1761840213795 0.3978171646595001 152
1761840213874 0.39709052443504333 153
1761840213951 0.3965727984905243 154
1761840214028 0.3958553373813629 155
1761840214108 0.3955164849758148 156
1761840214187 0.3947799503803253 157
1761840214341 0.39419060945510864 158
1761840214432 0.39378124475479126 159
1761840214518 0.39331701397895813 160
1761840214599 0.39269575476646423 161
1761840214688 0.3924361765384674 162
1761840214769 0.3919941484928131 163
1761840214838 0.3912941813468933 164
1761840214909 0.39097899198532104 165
1761840214987 0.39078909158706665 166
1761840215073 0.39045119285583496 167
1761840215164 0.3900534212589264 168
1761840215259 0.38970354199409485 169
1761840215350 0.38929763436317444 170
1761840215425 0.38874807953834534 171
1761840215509 0.3884276747703552 172
1761840215582 0.3879264295101166 173
1761840215659 0.3872799873352051 174
1761840215735 0.3866218328475952 175
1761840215818 0.38616251945495605 176
1761840215909 0.38583359122276306 177
1761840216066 0.3852330148220062 178
1761840216150 0.38495391607284546 179
1761840216255 0.38444989919662476 180
1761840216372 0.38403064012527466 181
1761840216458 0.383870929479599 182
1761840216540 0.38364094495773315 183
1761840216620 0.38335689902305603 184
1761840216701 0.3827984631061554 185
1761840216781 0.38236650824546814 186
1761840216864 0.38190194964408875 187
1761840216939 0.38149723410606384 188
1761840217018 0.38097885251045227 189
1761840217096 0.3805621564388275 190
1761840217176 0.38005486130714417 191
1761840217260 0.3798084557056427 192
1761840217337 0.3794255554676056 193
1761840217416 0.37905770540237427 194
1761840217493 0.3786381185054779 195
1761840217572 0.3783053159713745 196
1761840217651 0.37782683968544006 197
1761840217726 0.3775182068347931 198
1761840217803 0.37725862860679626 199
1761840217882 0.37718239426612854 200
1761840217959 0.3766481578350067 201
1761840218040 0.3762722611427307 202
1761840218138 0.3761396110057831 203
1761840218216 0.3756886124610901 204
1761840218293 0.37544095516204834 205
1761840218372 0.3751908838748932 206
1761840218446 0.37494921684265137 207
1761840218524 0.37476691603660583 208
1761840218599 0.37468403577804565 209
1761840218673 0.3743521571159363 210
1761840218746 0.37407904863357544 211
1761840218820 0.37370067834854126 212
1761840218894 0.3733762204647064 213
1761840218968 0.37300246953964233 214
1761840219040 0.3725111484527588 215
1761840219114 0.372579962015152 216
1761840219185 0.3723917305469513 217
1761840219258 0.3721294105052948 218
1761840219331 0.3720744550228119 219
1761840219404 0.37188389897346497 220
1761840219478 0.37154829502105713 221
1761840219550 0.3712487518787384 222
1761840219621 0.370815247297287 223
1761840219696 0.37026914954185486 224
1761840219769 0.3702913522720337 225
1761840219842 0.3700382709503174 226
1761840219923 0.3697178363800049 227
1761840220008 0.3693806827068329 228
1761840220089 0.3691211938858032 229
1761840220167 0.369010865688324 230
1761840220242 0.36886709928512573 231
1761840220316 0.3687041997909546 232
1761840220388 0.3683346211910248 233
1761840220463 0.3680124878883362 234
1761840220538 0.3676433265209198 235
1761840220621 0.36760395765304565 236
1761840220702 0.3673914074897766 237
1761840220781 0.3672419786453247 238
1761840220861 0.36709317564964294 239
1761840220939 0.3668389916419983 240
1761840221015 0.3666394352912903 241
1761840221093 0.36629602313041687 242
1761840221179 0.3659372925758362 243
1761840221264 0.3657187819480896 244
1761840221345 0.3658488988876343 245
1761840221426 0.36571359634399414 246
1761840221505 0.365457683801651 247
1761840221584 0.3651360869407654 248
1761840221661 0.36526259779930115 249
1761840221739 0.3650780916213989 250
1761840221816 0.36489999294281006 251
1761840221899 0.3645328879356384 252
1761840221977 0.36425715684890747 253
1761840222056 0.3639344573020935 254
1761840222133 0.36396336555480957 255
1761840222211 0.3637987971305847 256
1761840222286 0.3637050688266754 257
1761840222360 0.36372292041778564 258
1761840222435 0.36383432149887085 259
1761840222510 0.36362355947494507 260
1761840222586 0.36349061131477356 261
1761840222662 0.36326074600219727 262
1761840222738 0.36309483647346497 263
1761840222812 0.36316201090812683 264
1761840222890 0.3628726601600647 265
1761840222966 0.36272329092025757 266
1761840223041 0.36261531710624695 267
1761840223113 0.3626268208026886 268
1761840223189 0.36249908804893494 269
1761840223268 0.3624962568283081 270
1761840223345 0.36230212450027466 271
1761840223424 0.36223262548446655 272
1761840223500 0.362039715051651 273
1761840223577 0.3618389368057251 274
1761840223652 0.3615354895591736 275
1761840223730 0.36143815517425537 276
1761840223806 0.3613337278366089 277
1761840223881 0.36117443442344666 278
1761840223956 0.36101698875427246 279
1761840224030 0.3608914613723755 280
1761840224106 0.3607009947299957 281
1761840224180 0.36045458912849426 282
1761840224254 0.36035898327827454 283
1761840224328 0.3604518473148346 284
1761840224402 0.3603860139846802 285
1761840224483 0.36023300886154175 286
1761840224562 0.360349178314209 287
1761840224637 0.3601270020008087 288
1761840224714 0.3600490987300873 289
1761840224791 0.359891802072525 290
1761840224869 0.35977140069007874 291
1761840224945 0.3595862090587616 292
1761840225021 0.3594774305820465 293
1761840225097 0.35947179794311523 294
1761840225171 0.3592691123485565 295
1761840225248 0.35900241136550903 296
1761840225320 0.3589423596858978 297
1761840225395 0.358779639005661 298
1761840225468 0.3586372137069702 299
1761840225541 0.3584156930446625 300
1761840225616 0.35834577679634094 301
1761840225689 0.35830962657928467 302
1761840225764 0.3582827150821686 303
1761840225841 0.3581008315086365 304
1761840225917 0.3579646646976471 305
1761840225993 0.35772985219955444 306
1761840226068 0.3578195869922638 307
1761840226140 0.35772520303726196 308
1761840226214 0.3576831817626953 309
1761840226307 0.3575330674648285 310
1761840226386 0.35744234919548035 311
1761840226464 0.35747623443603516 312
1761840226540 0.357339471578598 313
1761840226613 0.3572981059551239 314
1761840226688 0.3570414185523987 315
1761840226762 0.356887549161911 316
1761840226837 0.35686981678009033 317
1761840226930 0.3567781448364258 318
1761840227010 0.35667452216148376 319
1761840227095 0.35651248693466187 320
1761840227182 0.35649415850639343 321
1761840227264 0.35636335611343384 322
1761840227344 0.35654985904693604 323
1761840227423 0.3562834858894348 324
1761840227497 0.35611894726753235 325
1761840227573 0.35604745149612427 326
1761840227649 0.3559820353984833 327
1761840227732 0.3558153212070465 328
1761840227819 0.35557886958122253 329
1761840227898 0.3554747402667999 330
1761840227977 0.35518184304237366 331
1761840228051 0.35497793555259705 332
1761840228132 0.35490232706069946 333
1761840228209 0.3549911677837372 334
1761840228283 0.35490328073501587 335
1761840228357 0.3547786772251129 336
1761840228431 0.35481661558151245 337
1761840228509 0.35460165143013 338
1761840228583 0.3546106219291687 339
1761840228658 0.3544100821018219 340
1761840228733 0.35426390171051025 341
1761840228807 0.35408708453178406 342
1761840228882 0.35394152998924255 343
1761840228957 0.35369202494621277 344
1761840229030 0.35363635420799255 345
1761840229106 0.35349369049072266 346
1761840229183 0.35334160923957825 347
1761840229258 0.353179931640625 348
1761840229333 0.3529775142669678 349
1761840229407 0.35281509160995483 350
1761840229482 0.3525819778442383 351
1761840229559 0.352486252784729 352
1761840229636 0.35236939787864685 353
1761840229711 0.35217833518981934 354
1761840229786 0.35197755694389343 355
1761840229861 0.351914644241333 356
1761840229934 0.35191985964775085 357
1761840230010 0.35168641805648804 358
1761840230086 0.35155656933784485 359
1761840230161 0.3515046238899231 360
1761840230235 0.35138431191444397 361
1761840230310 0.3513568043708801 362
1761840230384 0.35130298137664795 363
1761840230461 0.3512691557407379 364
1761840230535 0.35134708881378174 365
1761840230610 0.35112011432647705 366
1761840230684 0.3510153591632843 367
1761840230758 0.35094591975212097 368
1761840230834 0.3507539927959442 369
1761840230910 0.35063257813453674 370
1761840230987 0.35062119364738464 371
1761840231061 0.35057201981544495 372
1761840231136 0.35036420822143555 373
1761840231212 0.35025036334991455 374
1761840231287 0.3501411974430084 375
1761840231364 0.3501059412956238 376
1761840231440 0.3501584231853485 377
1761840231515 0.350009560585022 378
1761840231590 0.34990623593330383 379
1761840231664 0.34979507327079773 380
1761840231740 0.3497217297554016 381
1761840231815 0.349626749753952 382
1761840231886 0.3495200276374817 383
1761840231962 0.34940430521965027 384
1761840232037 0.3494894802570343 385
1761840232114 0.34942859411239624 386
1761840232190 0.3492715656757355 387
1761840232268 0.3490821421146393 388
1761840232343 0.34899306297302246 389
1761840232419 0.34892410039901733 390
1761840232494 0.348848819732666 391
1761840232569 0.3487982451915741 392
1761840232643 0.34869900345802307 393
1761840232718 0.3485899269580841 394
1761840232791 0.3483850359916687 395
1761840232867 0.34831032156944275 396
1761840232943 0.34830442070961 397
1761840233018 0.34831029176712036 398
1761840233095 0.3482038676738739 399
1761840233167 0.34812837839126587 400
