1761840202881 2.3304319381713867 0
1761840202954 1.311855435371399 1
1761840203027 0.691681444644928 2
1761840203106 0.8683043122291565 3
1761840203179 1.3241069316864014 4
1761840203251 1.5444573163986206 5
1761840203329 0.4661753177642822 6
1761840203403 1.1183369159698486 7
1761840203473 1.0818183422088623 8
1761840203544 0.5941941142082214 9
1761840203615 0.6540194749832153 10
1761840203687 0.6678885817527771 11
1761840203758 1.539708137512207 12
1761840203830 1.476596713066101 13
1761840203900 0.4937666356563568 14
1761840203970 1.400447130203247 15
1761840204040 2.807363986968994 16
1761840204125 0.30683207511901855 17
1761840204198 0.391442209482193 18
1761840204269 0.44889596104621887 19
1761840204341 0.21201609075069427 20
1761840204413 0.043223388493061066 21
1761840204485 1.195055603981018 22
1761840204555 1.5744290351867676 23
1761840204626 0.45154663920402527 24
1761840204696 0.8980345129966736 25
1761840204767 0.3200169503688812 26
1761840204838 0.40387994050979614 27
1761840204908 0.19020676612854004 28
1761840204978 0.8072776198387146 29
1761840205049 1.0569744110107422 30
1761840205122 1.3077901601791382 31
1761840205192 0.3365029990673065 32
1761840205263 0.42679136991500854 33
1761840205335 0.288408488035202 34
1761840205405 0.30001798272132874 35
1761840205473 0.5377200245857239 36
1761840205540 0.2828909754753113 37
1761840205611 0.969071626663208 38
1761840205680 0.07826506346464157 39
1761840205752 0.6186980605125427 40
1761840205824 0.9283754825592041 41
1761840205898 0.3118019104003906 42
1761840205970 0.6401471495628357 43
1761840206041 0.2582378685474396 44
1761840206116 0.5100209712982178 45
1761840206187 0.13911424577236176 46
1761840206259 0.38865482807159424 47
1761840206327 1.1891944408416748 48
1761840206398 0.38767534494400024 49
1761840206468 0.5126239657402039 50
1761840206538 0.47691407799720764 51
1761840206608 0.4569092094898224 52
1761840206679 0.28977906703948975 53
1761840206750 0.1137879490852356 54
1761840206821 1.4806602001190186 55
1761840206891 0.0323701910674572 56
1761840206962 0.2891239523887634 57
1761840207034 0.9650712609291077 58
1761840207107 0.7036217451095581 59
1761840207177 0.5522469878196716 60
1761840207248 0.3187587559223175 61
1761840207319 0.21321812272071838 62
1761840207389 0.08612699061632156 63
1761840207460 0.3583064377307892 64
1761840207531 1.0216838121414185 65
1761840207602 0.3016854524612427 66
1761840207674 0.7666748762130737 67
1761840207747 0.1601485013961792 68
1761840207817 0.8127036094665527 69
1761840207890 0.20223581790924072 70
1761840207961 0.6335071325302124 71
1761840208033 0.11687957495450974 72
1761840208105 0.6624103784561157 73
1761840208177 0.5939704179763794 74
1761840208248 0.08558531105518341 75
1761840208320 0.321648508310318 76
1761840208391 0.14717775583267212 77
1761840208463 0.8904827237129211 78
1761840208532 0.1920287311077118 79
1761840208604 0.46128448843955994 80
1761840208674 0.6588104963302612 81
1761840208747 0.23455779254436493 82
1761840208818 0.07408639788627625 83
1761840208890 0.7005516290664673 84
1761840208960 0.2853575348854065 85
1761840209032 0.37587589025497437 86
1761840209103 0.9924943447113037 87
1761840209175 0.043911755084991455 88
1761840209246 0.04336022585630417 89
1761840209318 0.6671360731124878 90
1761840209390 0.7657875418663025 91
1761840209461 0.7259246110916138 92
1761840209533 0.05147069692611694 93
1761840209605 0.13886114954948425 94
1761840209678 0.4355853497982025 95
1761840209749 0.4927625060081482 96
1761840209820 1.2427873611450195 97
1761840209892 0.6859467625617981 98
1761840209963 0.4495701789855957 99
1761840210038 0.3855905830860138 100
1761840210114 0.22871240973472595 101
1761840210187 0.42917296290397644 102
1761840210259 0.257609099149704 103
1761840210334 0.6305893659591675 104
1761840210406 0.25084954500198364 105
1761840210478 0.5602035522460938 106
1761840210549 0.07521121948957443 107
1761840210621 0.07832000404596329 108
1761840210692 0.915103018283844 109
1761840210764 0.16574467718601227 110
1761840210835 1.6328917741775513 111
1761840210907 0.22071312367916107 112
1761840210979 0.8159248232841492 113
1761840211052 0.5292227864265442 114
1761840211130 0.5832088589668274 115
1761840211205 0.21986185014247894 116
1761840211279 1.447702407836914 117
1761840211351 0.7482950091362 118
1761840211423 1.0044445991516113 119
1761840211494 0.19464527070522308 120
1761840211566 0.41184699535369873 121
1761840211639 0.6029083728790283 122
1761840211710 0.46066659688949585 123
1761840211781 0.6014422178268433 124
1761840211853 0.8702413439750671 125
1761840211925 0.36806923151016235 126
1761840211997 1.2943830490112305 127
1761840212068 0.11270524561405182 128
1761840212140 0.24511659145355225 129
1761840212211 0.8092966079711914 130
1761840212283 0.1348973512649536 131
1761840212356 0.13399596512317657 132
1761840212428 0.7001549005508423 133
1761840212499 0.3054409325122833 134
1761840212568 1.3199849128723145 135
1761840212638 0.1712835729122162 136
1761840212708 0.9829109311103821 137
1761840212780 0.8934099674224854 138
1761840212851 0.3022804856300354 139
1761840212923 0.7302386164665222 140
1761840212994 0.6782538294792175 141
1761840213069 1.636066198348999 142
1761840213143 0.43767213821411133 143
1761840213215 0.2211887687444687 144
1761840213286 0.7130026817321777 145
1761840213358 0.9315229058265686 146
1761840213431 0.9393934011459351 147
1761840213506 0.5041216611862183 148
1761840213578 1.1879066228866577 149
1761840213650 0.0334017351269722 150
1761840213722 0.27338626980781555 151
1761840213795 0.10974443703889847 152
1761840213874 0.2946898639202118 153
1761840213951 0.4915231764316559 154
1761840214028 1.0228750705718994 155
1761840214108 0.3058086633682251 156
1761840214187 0.5038934946060181 157
1761840214341 0.15142641961574554 158
1761840214432 1.4784386157989502 159
1761840214518 0.25078949332237244 160
1761840214599 0.7715910077095032 161
1761840214688 1.0966843366622925 162
1761840214769 0.4683308005332947 163
1761840214838 0.4167371988296509 164
1761840214909 0.6742386817932129 165
1761840214987 2.255387783050537 166
1761840215073 0.3509792685508728 167
1761840215164 0.4486992359161377 168
1761840215259 0.23820261657238007 169
1761840215350 1.0206056833267212 170
1761840215425 0.2538605332374573 171
1761840215509 1.01738440990448 172
1761840215582 0.3653550446033478 173
1761840215659 0.11058420687913895 174
1761840215735 0.08422922343015671 175
1761840215818 0.0884963721036911 176
1761840215909 0.283427357673645 177
1761840216066 0.5234726667404175 178
1761840216150 0.6415526270866394 179
1761840216255 0.07461573928594589 180
1761840216372 0.4026137590408325 181
1761840216458 0.34036827087402344 182
1761840216540 0.7034510970115662 183
1761840216620 1.3488882780075073 184
1761840216701 0.2373817414045334 185
1761840216781 0.25669026374816895 186
1761840216864 0.32653871178627014 187
1761840216939 0.8667538166046143 188
1761840217018 0.052740611135959625 189
1761840217096 0.8396122455596924 190
1761840217176 0.8338504433631897 191
1761840217260 0.3006014823913574 192
1761840217337 0.7655847668647766 193
1761840217416 1.285689353942871 194
1761840217493 0.6218996047973633 195
1761840217572 0.0402429960668087 196
1761840217651 0.5425462126731873 197
1761840217726 0.7249696850776672 198
1761840217803 0.40817081928253174 199
1761840217882 1.655067801475525 200
1761840217959 0.07941514253616333 201
1761840218040 0.8317663669586182 202
1761840218138 0.07091621309518814 203
1761840218216 0.2673576772212982 204
1761840218293 0.38720107078552246 205
1761840218372 0.2484426349401474 206
1761840218446 1.0431807041168213 207
1761840218524 0.10556414723396301 208
1761840218599 0.9896388053894043 209
1761840218673 0.3218645453453064 210
1761840218746 0.4756808280944824 211
1761840218820 0.12862685322761536 212
1761840218894 0.5277218222618103 213
1761840218968 0.6119123697280884 214
1761840219040 0.239360049366951 215
1761840219114 0.4429371654987335 216
1761840219185 0.3548364043235779 217
1761840219258 0.18371951580047607 218
1761840219331 0.2546285092830658 219
1761840219404 0.42800986766815186 220
1761840219478 0.4203181564807892 221
1761840219550 0.6835588216781616 222
1761840219621 0.05370022729039192 223
1761840219696 0.6483736634254456 224
1761840219769 0.4270786643028259 225
1761840219842 1.0889519453048706 226
1761840219923 0.15792548656463623 227
1761840220008 0.33054468035697937 228
1761840220089 1.4458321332931519 229
1761840220167 0.3694048225879669 230
1761840220242 0.08241146057844162 231
1761840220316 0.9149008989334106 232
1761840220388 0.07312359660863876 233
1761840220463 0.2147793173789978 234
1761840220538 0.9200174808502197 235
1761840220621 0.17734438180923462 236
1761840220702 0.6512061953544617 237
1761840220781 0.5985925197601318 238
1761840220861 1.1198830604553223 239
1761840220939 0.9885021448135376 240
1761840221015 0.7946513891220093 241
1761840221093 0.3688822090625763 242
1761840221179 0.5539924502372742 243
1761840221264 0.24863673746585846 244
1761840221345 1.3858211040496826 245
1761840221426 0.6280604600906372 246
1761840221505 0.9585695862770081 247
1761840221584 0.5157925486564636 248
1761840221661 0.7504631280899048 249
1761840221739 0.3361855447292328 250
1761840221816 0.2037350833415985 251
1761840221899 0.2097119688987732 252
1761840221977 0.03883355110883713 253
1761840222056 0.6937699317932129 254
1761840222133 1.151357889175415 255
1761840222211 0.43606895208358765 256
1761840222286 1.0331298112869263 257
1761840222360 0.5008628964424133 258
1761840222435 1.132845401763916 259
1761840222510 0.7352210879325867 260
1761840222586 0.20681464672088623 261
1761840222662 0.2777157723903656 262
1761840222738 0.028469689190387726 263
1761840222812 2.0206758975982666 264
1761840222890 0.4170357286930084 265
1761840222966 0.7955299615859985 266
1761840223041 0.47616326808929443 267
1761840223113 0.5586222410202026 268
1761840223189 0.4817609488964081 269
1761840223268 0.010196235030889511 270
1761840223345 0.2109447866678238 271
1761840223424 0.22448378801345825 272
1761840223500 0.593985915184021 273
1761840223577 0.23791970312595367 274
1761840223652 0.3858781158924103 275
1761840223730 1.3306024074554443 276
1761840223806 0.38741233944892883 277
1761840223881 0.7850567102432251 278
1761840223956 0.3365342617034912 279
1761840224030 0.10031924396753311 280
1761840224106 0.10508435219526291 281
1761840224180 0.21266843378543854 282
1761840224254 0.21656759083271027 283
1761840224328 1.5808013677597046 284
1761840224402 0.24890713393688202 285
1761840224483 0.3399122953414917 286
1761840224562 0.4045289158821106 287
1761840224637 0.47637516260147095 288
1761840224714 1.063652753829956 289
1761840224791 0.46298882365226746 290
1761840224869 0.8577367067337036 291
1761840224945 0.9496223330497742 292
1761840225021 1.0530387163162231 293
1761840225097 0.5640372633934021 294
1761840225171 0.460798054933548 295
1761840225248 0.6189724206924438 296
1761840225320 0.9001700282096863 297
1761840225395 0.10440950095653534 298
1761840225468 0.3082573115825653 299
1761840225541 0.2545095980167389 300
1761840225616 0.2063521295785904 301
1761840225689 0.9843580722808838 302
1761840225764 0.1310289055109024 303
1761840225841 0.269048273563385 304
1761840225917 0.63319993019104 305
1761840225993 0.6507720947265625 306
1761840226068 0.378464013338089 307
1761840226140 0.18672841787338257 308
1761840226214 0.7051371932029724 309
1761840226307 0.6271182298660278 310
1761840226386 0.3143397569656372 311
1761840226464 0.6045485734939575 312
1761840226540 0.5199406743049622 313
1761840226613 0.40130531787872314 314
1761840226688 0.35557496547698975 315
1761840226762 1.0101255178451538 316
1761840226837 0.3394440710544586 317
1761840226930 0.09437396377325058 318
1761840227010 0.1774851381778717 319
1761840227095 1.918272852897644 320
1761840227182 0.6795654892921448 321
1761840227264 0.7172344923019409 322
1761840227344 0.6497935652732849 323
1761840227423 0.23529376089572906 324
1761840227497 0.3045929968357086 325
1761840227573 0.6538754105567932 326
1761840227649 0.0946054682135582 327
1761840227732 0.42303869128227234 328
1761840227819 0.24666839838027954 329
1761840227898 0.46020692586898804 330
1761840227977 0.4079296290874481 331
1761840228051 0.14895690977573395 332
1761840228132 0.6435673236846924 333
1761840228209 0.48002153635025024 334
1761840228283 0.9503751993179321 335
1761840228357 0.8800690174102783 336
1761840228431 0.4072398543357849 337
1761840228509 0.6781865954399109 338
1761840228583 1.0412849187850952 339
1761840228658 0.25851571559906006 340
1761840228733 0.08541163802146912 341
1761840228807 0.39166903495788574 342
1761840228882 0.4579407870769501 343
1761840228957 0.2863091230392456 344
1761840229030 0.22751091420650482 345
1761840229106 0.5623044371604919 346
1761840229183 0.12862448394298553 347
1761840229258 1.1279724836349487 348
1761840229333 0.6571707725524902 349
1761840229407 0.1543760895729065 350
1761840229482 0.08714404702186584 351
1761840229559 0.20136359333992004 352
1761840229636 0.4881528615951538 353
1761840229711 0.07680988311767578 354
1761840229786 0.13137628138065338 355
1761840229861 0.36385872960090637 356
1761840229934 1.0219225883483887 357
1761840230010 0.09028930217027664 358
1761840230086 0.32295480370521545 359
1761840230161 1.3862661123275757 360
1761840230235 0.4248378872871399 361
1761840230310 0.8413145542144775 362
1761840230384 0.4793795645236969 363
1761840230461 0.6145380139350891 364
1761840230535 0.563875675201416 365
1761840230610 0.037055324763059616 366
1761840230684 0.5706835985183716 367
1761840230758 0.3779977858066559 368
1761840230834 0.20827104151248932 369
1761840230910 0.07062540203332901 370
1761840230987 0.491549015045166 371
1761840231061 1.0536644458770752 372
1761840231136 0.49305588006973267 373
1761840231212 0.2621416747570038 374
1761840231287 0.28372877836227417 375
1761840231364 1.0891865491867065 376
1761840231440 0.6907695531845093 377
1761840231515 0.1606798768043518 378
1761840231590 0.21692071855068207 379
1761840231664 0.08152225613594055 380
1761840231740 0.18557621538639069 381
1761840231815 0.9300692081451416 382
1761840231886 0.23907852172851562 383
1761840231962 0.4249695837497711 384
1761840232037 1.677599310874939 385
1761840232114 0.226460263133049 386
1761840232190 0.2429964393377304 387
1761840232268 0.24448052048683167 388
1761840232343 0.49983638525009155 389
1761840232419 0.3290373980998993 390
1761840232494 0.9273689985275269 391
1761840232569 0.567040741443634 392
1761840232643 1.0967185497283936 393
1761840232718 1.1198880672454834 394
1761840232791 0.4799734652042389 395
1761840232867 0.9495749473571777 396
1761840232943 0.2897469699382782 397
1761840233018 0.4048682451248169 398
1761840233095 0.17190596461296082 399
1761840233167 0.29866451025009155 400
