1763913383714 1.7261754274368286 0
1763913383811 1.5121796131134033 1
1763913383905 1.4020673036575317 2
1763913383996 1.3259320259094238 3
1763913384091 1.2541069984436035 4
1763913384184 1.1995123624801636 5
1763913384278 1.1454638242721558 6
1763913384370 1.1032835245132446 7
1763913384465 1.0693544149398804 8
1763913384559 1.0310789346694946 9
1763913384655 0.9983962178230286 10
1763913384750 0.9794337153434753 11
1763913384844 0.955871045589447 12
1763913384937 0.932350218296051 13
1763913385029 0.9099988341331482 14
1763913385120 0.8903809189796448 15
1763913385213 0.872896671295166 16
1763913385303 0.8597144484519958 17
1763913385394 0.8426157832145691 18
1763913385486 0.8266123533248901 19
1763913385577 0.8122266530990601 20
1763913385671 0.7982825636863708 21
1763913385761 0.7869890928268433 22
1763913385852 0.7736397385597229 23
1763913385944 0.761799693107605 24
1763913386034 0.7504419684410095 25
1763913386127 0.7375219464302063 26
1763913386217 0.7265625596046448 27
1763913386312 0.7164909243583679 28
1763913386407 0.7086136937141418 29
1763913386499 0.6994650959968567 30
1763913386589 0.6889539957046509 31
1763913386684 0.6798527836799622 32
1763913386777 0.6716068983078003 33
1763913386872 0.6636009216308594 34
1763913386966 0.6550111174583435 35
1763913387060 0.6470548510551453 36
1763913387153 0.6406504511833191 37
1763913387245 0.6339196562767029 38
1763913387339 0.6258935332298279 39
1763913387432 0.6207952499389648 40
1763913387524 0.6148461699485779 41
1763913387618 0.6083723902702332 42
1763913387713 0.6006723642349243 43
1763913387807 0.5943328738212585 44
1763913387900 0.5879427194595337 45
1763913387992 0.581639289855957 46
1763913388084 0.575166642665863 47
1763913388176 0.5690220594406128 48
1763913388267 0.562760591506958 49
1763913388359 0.5567455887794495 50
1763913388452 0.55036461353302 51
1763913388544 0.5440524220466614 52
1763913388637 0.5384382605552673 53
1763913388729 0.5338479280471802 54
1763913388821 0.5283164978027344 55
1763913388912 0.5230019688606262 56
1763913389004 0.518532395362854 57
1763913389097 0.513872504234314 58
1763913389190 0.5092684030532837 59
1763913389283 0.5047668218612671 60
1763913389375 0.5007764101028442 61
1763913389466 0.4966070353984833 62
1763913389559 0.4921189546585083 63
1763913389651 0.48750999569892883 64
1763913389743 0.4832592010498047 65
1763913389834 0.4792720675468445 66
1763913389928 0.4758068025112152 67
1763913390019 0.47249361872673035 68
1763913390111 0.4695794880390167 69
1763913390202 0.4657221734523773 70
1763913390294 0.4621203541755676 71
1763913390386 0.4583805501461029 72
1763913390477 0.4556213915348053 73
1763913390570 0.45236653089523315 74
1763913390663 0.4495910704135895 75
1763913390756 0.4468660056591034 76
1763913390849 0.4442541301250458 77
1763913390943 0.4417518079280853 78
1763913391035 0.43867841362953186 79
1763913391127 0.4360330402851105 80
1763913391220 0.4329356551170349 81
1763913391314 0.4297189712524414 82
1763913391406 0.4268282949924469 83
1763913391498 0.42404764890670776 84
1763913391591 0.42145270109176636 85
1763913391687 0.4187142550945282 86
1763913391781 0.41655659675598145 87
1763913391873 0.41448312997817993 88
1763913391967 0.41214248538017273 89
1763913392060 0.40990397334098816 90
1763913392153 0.4082704484462738 91
1763913392245 0.40606167912483215 92
1763913392338 0.40363186597824097 93
1763913392432 0.4016443192958832 94
1763913392525 0.39942434430122375 95
1763913392617 0.39724311232566833 96
1763913392710 0.3951812982559204 97
1763913392803 0.3933340609073639 98
1763913392896 0.3917713761329651 99
1763913392989 0.3903566002845764 100
1763913393082 0.38844117522239685 101
1763913393175 0.38652628660202026 102
1763913393267 0.38494670391082764 103
1763913393359 0.383533239364624 104
1763913393452 0.3819577395915985 105
1763913393545 0.38057956099510193 106
1763913393640 0.3788069784641266 107
1763913393732 0.37762266397476196 108
1763913393828 0.37607231736183167 109
1763913393922 0.3744412362575531 110
1763913394017 0.373025506734848 111
1763913394112 0.371845006942749 112
1763913394207 0.3707544505596161 113
1763913394303 0.369484543800354 114
1763913394396 0.36794644594192505 115
1763913394492 0.3669331669807434 116
1763913394586 0.36544954776763916 117
1763913394679 0.36424922943115234 118
1763913394771 0.3628793954849243 119
1763913394864 0.36178669333457947 120
1763913394956 0.3605010211467743 121
1763913395051 0.359450101852417 122
1763913395143 0.3584177792072296 123
1763913395236 0.3571421504020691 124
1763913395328 0.3560559153556824 125
1763913395421 0.355267196893692 126
1763913395514 0.35407906770706177 127
1763913395613 0.35323795676231384 128
1763913395710 0.3522059917449951 129
1763913395807 0.3511772155761719 130
1763913395901 0.3501587510108948 131
1763913395994 0.3493204414844513 132
1763913396087 0.34821557998657227 133
1763913396180 0.3471123278141022 134
1763913396273 0.3462066948413849 135
1763913396368 0.345540314912796 136
1763913396462 0.3444604277610779 137
1763913396556 0.3435738980770111 138
1763913396648 0.3425139784812927 139
1763913396742 0.34181612730026245 140
1763913396835 0.3407478630542755 141
1763913396929 0.33994853496551514 142
1763913397022 0.33905157446861267 143
1763913397114 0.3383643329143524 144
1763913397206 0.33754879236221313 145
1763913397301 0.33645904064178467 146
1763913397395 0.33551540970802307 147
1763913397488 0.33492419123649597 148
1763913397583 0.3340891897678375 149
1763913397677 0.33336007595062256 150
1763913397770 0.3325517177581787 151
1763913397865 0.3317720592021942 152
1763913397960 0.3310681879520416 153
1763913398053 0.3305206596851349 154
1763913398146 0.3297804892063141 155
1763913398239 0.3290247321128845 156
1763913398332 0.3283780515193939 157
1763913398426 0.32741254568099976 158
1763913398517 0.3267053961753845 159
1763913398612 0.32606300711631775 160
1763913398707 0.3253999352455139 161
1763913398804 0.3249112069606781 162
1763913398900 0.32430920004844666 163
1763913398996 0.32360905408859253 164
1763913399091 0.3231305778026581 165
1763913399184 0.3224075436592102 166
1763913399278 0.3216756582260132 167
1763913399371 0.3209637999534607 168
1763913399464 0.3203514516353607 169
1763913399560 0.31961891055107117 170
1763913399651 0.3191036581993103 171
1763913399744 0.318561851978302 172
1763913399838 0.3179738223552704 173
1763913399932 0.3176385462284088 174
1763913400026 0.31699296832084656 175
1763913400119 0.316363662481308 176
1763913400213 0.315792053937912 177
1763913400308 0.31508296728134155 178
1763913400401 0.31440678238868713 179
1763913400495 0.31388065218925476 180
1763913400589 0.3134210705757141 181
1763913400685 0.3129252791404724 182
1763913400779 0.31250253319740295 183
1763913400872 0.31198614835739136 184
1763913400966 0.3117269277572632 185
1763913401059 0.3113846182823181 186
1763913401153 0.310788094997406 187
1763913401249 0.3101571798324585 188
1763913401343 0.3096683621406555 189
1763913401437 0.3091092109680176 190
1763913401530 0.3085106611251831 191
1763913401625 0.3080275356769562 192
1763913401720 0.30743685364723206 193
1763913401814 0.3069429099559784 194
1763913401908 0.3065877854824066 195
1763913402001 0.30599990487098694 196
1763913402095 0.3057510256767273 197
1763913402189 0.30540263652801514 198
1763913402283 0.30509793758392334 199
1763913402376 0.30477583408355713 200
1763913402469 0.30439239740371704 201
1763913402564 0.3040744662284851 202
1763913402658 0.3035188317298889 203
1763913402753 0.3032386600971222 204
1763913402848 0.3028073310852051 205
1763913402942 0.30257943272590637 206
1763913403037 0.3021096885204315 207
1763913403130 0.3013775646686554 208
1763913403221 0.3009677231311798 209
1763913403317 0.3005411624908447 210
1763913403416 0.30010485649108887 211
1763913403513 0.2996836006641388 212
1763913403612 0.29935556650161743 213
1763913403711 0.29902830719947815 214
1763913403807 0.2986625134944916 215
1763913403903 0.2982688546180725 216
1763913403998 0.2978507876396179 217
1763913404148 0.2975647747516632 218
1763913404247 0.29723963141441345 219
1763913404344 0.2968056797981262 220
1763913404439 0.296526700258255 221
1763913404533 0.2962503433227539 222
1763913404629 0.2960672974586487 223
1763913404723 0.29582226276397705 224
1763913404816 0.29551956057548523 225
1763913404908 0.29513922333717346 226
1763913405001 0.29479578137397766 227
1763913405093 0.2943772077560425 228
1763913405186 0.29395267367362976 229
1763913405280 0.2936447262763977 230
1763913405371 0.2932199537754059 231
1763913405471 0.2929437458515167 232
1763913405575 0.2925533652305603 233
1763913405669 0.2922030985355377 234
1763913405765 0.2918708622455597 235
1763913405860 0.2915605306625366 236
1763913405957 0.2912655472755432 237
1763913406056 0.2908846437931061 238
1763913406160 0.2905389666557312 239
1763913406259 0.2901783287525177 240
1763913406360 0.28989529609680176 241
1763913406455 0.28951573371887207 242
1763913406553 0.289145827293396 243
1763913406650 0.28878501057624817 244
1763913406744 0.2884352207183838 245
1763913406846 0.28808870911598206 246
1763913406944 0.2878277897834778 247
1763913407041 0.2877260446548462 248
1763913407138 0.28740593791007996 249
1763913407235 0.28708121180534363 250
1763913407332 0.286781907081604 251
1763913407428 0.2864437401294708 252
1763913407524 0.2861531376838684 253
1763913407620 0.28572869300842285 254
1763913407717 0.28547167778015137 255
1763913407813 0.28529053926467896 256
1763913407905 0.28495559096336365 257
1763913407998 0.28462302684783936 258
1763913408093 0.2843688726425171 259
1763913408190 0.28404685854911804 260
1763913408287 0.2838687598705292 261
1763913408384 0.2836594581604004 262
1763913408479 0.2833439111709595 263
1763913408577 0.28303512930870056 264
1763913408673 0.28285521268844604 265
1763913408771 0.2826630473136902 266
1763913408867 0.28245535492897034 267
1763913408963 0.28229057788848877 268
1763913409061 0.2820584774017334 269
1763913409157 0.28170937299728394 270
1763913409254 0.2814553678035736 271
1763913409350 0.2811134159564972 272
1763913409446 0.28088006377220154 273
1763913409541 0.2807557284832001 274
1763913409635 0.280611127614975 275
1763913409730 0.2803817093372345 276
1763913409824 0.28018373250961304 277
1763913409918 0.2799339294433594 278
1763913410012 0.27966058254241943 279
1763913410107 0.27940550446510315 280
1763913410202 0.2790832817554474 281
1763913410297 0.2788710296154022 282
1763913410392 0.2786717712879181 283
1763913410487 0.27846524119377136 284
1763913410584 0.278209388256073 285
1763913410680 0.2778979241847992 286
1763913410775 0.27764737606048584 287
1763913410869 0.27739015221595764 288
1763913410962 0.2772834599018097 289
1763913411058 0.2770633101463318 290
1763913411153 0.27695196866989136 291
1763913411248 0.276655912399292 292
1763913411343 0.27648529410362244 293
1763913411441 0.27625763416290283 294
1763913411536 0.2762189209461212 295
1763913411631 0.27600181102752686 296
1763913411725 0.27586856484413147 297
1763913411820 0.2756883502006531 298
1763913411915 0.27554500102996826 299
1763913412009 0.2753291130065918 300
1763913412105 0.2751825451850891 301
1763913412200 0.2750016748905182 302
1763913412295 0.274856299161911 303
1763913412390 0.2746547758579254 304
1763913412485 0.2744681239128113 305
1763913412580 0.2743152678012848 306
1763913412679 0.2741868793964386 307
1763913412774 0.27401280403137207 308
1763913412871 0.2739304304122925 309
1763913412968 0.2736862003803253 310
1763913413065 0.27348777651786804 311
1763913413160 0.273285448551178 312
1763913413256 0.2730819284915924 313
1763913413352 0.27290621399879456 314
1763913413449 0.2727133333683014 315
1763913413546 0.2725507616996765 316
1763913413642 0.2724369764328003 317
1763913413738 0.2722714841365814 318
1763913413833 0.2721799314022064 319
1763913413928 0.2719794511795044 320
1763913414023 0.27182435989379883 321
1763913414120 0.27156302332878113 322
1763913414215 0.27136334776878357 323
1763913414312 0.27135229110717773 324
1763913414408 0.27123457193374634 325
1763913414505 0.2710950970649719 326
1763913414600 0.27090129256248474 327
1763913414696 0.2706886827945709 328
1763913414792 0.27053841948509216 329
1763913414889 0.27031731605529785 330
1763913414984 0.270164430141449 331
1763913415080 0.2701423168182373 332
1763913415176 0.2699423134326935 333
1763913415272 0.26970174908638 334
1763913415367 0.269555926322937 335
1763913415462 0.26943492889404297 336
1763913415559 0.2691574990749359 337
1763913415655 0.26914501190185547 338
1763913415750 0.26896917819976807 339
1763913415846 0.26880931854248047 340
1763913415943 0.26869329810142517 341
1763913416037 0.26843276619911194 342
1763913416133 0.26815879344940186 343
1763913416229 0.2679280638694763 344
1763913416325 0.26786136627197266 345
1763913416422 0.26761215925216675 346
1763913416518 0.26756158471107483 347
1763913416615 0.2673095464706421 348
1763913416711 0.26717409491539 349
1763913416806 0.26700302958488464 350
1763913416901 0.2669357359409332 351
1763913416997 0.2668137550354004 352
1763913417094 0.26670601963996887 353
1763913417189 0.26649928092956543 354
1763913417284 0.2662898600101471 355
1763913417379 0.2661890983581543 356
1763913417476 0.26613232493400574 357
1763913417573 0.26596781611442566 358
1763913417671 0.2658362090587616 359
1763913417766 0.2657417356967926 360
1763913417862 0.26568377017974854 361
1763913417958 0.2655402421951294 362
1763913418052 0.2653905153274536 363
1763913418148 0.26530247926712036 364
1763913418244 0.26513200998306274 365
1763913418340 0.26499947905540466 366
1763913418435 0.2648625075817108 367
1763913418531 0.2648913264274597 368
1763913418628 0.2647247910499573 369
1763913418723 0.2646150290966034 370
1763913418817 0.2643907368183136 371
1763913418914 0.26422634720802307 372
1763913419009 0.2641274929046631 373
1763913419105 0.26389968395233154 374
1763913419199 0.26376354694366455 375
1763913419294 0.2637070119380951 376
1763913419390 0.26354244351387024 377
1763913419487 0.26340654492378235 378
1763913419582 0.2631760239601135 379
1763913419677 0.26313406229019165 380
1763913419773 0.2630074918270111 381
1763913419870 0.2628423273563385 382
1763913419967 0.2627105712890625 383
1763913420063 0.26254749298095703 384
1763913420159 0.26242050528526306 385
1763913420255 0.26227495074272156 386
1763913420350 0.2620816230773926 387
1763913420447 0.26188865303993225 388
1763913420544 0.2617477774620056 389
1763913420640 0.2617098093032837 390
1763913420736 0.2615199089050293 391
1763913420832 0.26140427589416504 392
1763913420927 0.2612994611263275 393
1763913421023 0.2611843943595886 394
1763913421120 0.2611120343208313 395
1763913421215 0.2609781324863434 396
1763913421310 0.2608897387981415 397
1763913421406 0.2607513666152954 398
1763913421503 0.2605869472026825 399
1763913421600 0.2605498135089874 400
