1763913383714 1.9325639009475708 0
1763913383811 1.3721923828125 1
1763913383905 1.2601877450942993 2
1763913383996 1.913219690322876 3
1763913384091 1.310093879699707 4
1763913384184 0.4877181053161621 5
1763913384278 0.8278079628944397 6
1763913384370 0.9818653464317322 7
1763913384465 1.0006520748138428 8
1763913384559 0.697534441947937 9
1763913384655 0.5976747274398804 10
1763913384750 1.002026081085205 11
1763913384844 1.5909793376922607 12
1763913384937 0.5703818202018738 13
1763913385029 1.2875480651855469 14
1763913385120 1.0460903644561768 15
1763913385213 0.3514343500137329 16
1763913385303 0.5847644805908203 17
1763913385394 0.4494708180427551 18
1763913385486 0.5419747233390808 19
1763913385577 0.637823760509491 20
1763913385671 0.4695942997932434 21
1763913385761 0.3147759437561035 22
1763913385852 0.5199939012527466 23
1763913385944 0.3444385826587677 24
1763913386034 0.20936156809329987 25
1763913386127 0.5708674788475037 26
1763913386217 0.11942178755998611 27
1763913386312 0.8004809617996216 28
1763913386407 0.4680027961730957 29
1763913386499 0.30679214000701904 30
1763913386589 0.5818319916725159 31
1763913386684 0.24089956283569336 32
1763913386777 0.17745846509933472 33
1763913386872 0.27727410197257996 34
1763913386966 0.46984580159187317 35
1763913387060 0.8322727680206299 36
1763913387153 0.432203471660614 37
1763913387245 0.29604479670524597 38
1763913387339 0.2183855026960373 39
1763913387432 0.2133270502090454 40
1763913387524 0.1366538405418396 41
1763913387618 0.09973792731761932 42
1763913387713 0.028800589963793755 43
1763913387807 0.41891127824783325 44
1763913387900 0.10424110293388367 45
1763913387992 0.20559179782867432 46
1763913388084 0.5677830576896667 47
1763913388176 0.30371761322021484 48
1763913388267 0.5346068739891052 49
1763913388359 0.06341878324747086 50
1763913388452 0.09524642676115036 51
1763913388544 0.18556168675422668 52
1763913388637 0.3996335566043854 53
1763913388729 0.1654583364725113 54
1763913388821 0.14389801025390625 55
1763913388912 0.21966032683849335 56
1763913389004 0.38625550270080566 57
1763913389097 0.17774458229541779 58
1763913389190 0.14263801276683807 59
1763913389283 0.43246057629585266 60
1763913389375 0.3343574106693268 61
1763913389466 0.38828733563423157 62
1763913389559 0.06086704134941101 63
1763913389651 0.1414174735546112 64
1763913389743 0.09796949476003647 65
1763913389834 0.06971119344234467 66
1763913389928 0.4329777956008911 67
1763913390019 0.4838733673095703 68
1763913390111 0.4352281391620636 69
1763913390202 0.10887697339057922 70
1763913390294 0.24023936688899994 71
1763913390386 0.12546847760677338 72
1763913390477 0.4011170566082001 73
1763913390570 0.3261801600456238 74
1763913390663 0.200839564204216 75
1763913390756 0.07952490448951721 76
1763913390849 0.8887079954147339 77
1763913390943 0.29368144273757935 78
1763913391035 0.0857132226228714 79
1763913391127 0.16885556280612946 80
1763913391220 0.07806064188480377 81
1763913391314 0.0710102915763855 82
1763913391406 0.3323776125907898 83
1763913391498 0.38284268975257874 84
1763913391591 0.15856975317001343 85
1763913391687 0.2254617065191269 86
1763913391781 0.221610426902771 87
1763913391873 0.4142012596130371 88
1763913391967 0.10490614175796509 89
1763913392060 0.07469438761472702 90
1763913392153 0.14023509621620178 91
1763913392245 0.4080440402030945 92
1763913392338 0.08623097836971283 93
1763913392432 0.0650627464056015 94
1763913392525 0.13129040598869324 95
1763913392617 0.18002863228321075 96
1763913392710 0.06902743130922318 97
1763913392803 0.16903162002563477 98
1763913392896 0.10075166076421738 99
1763913392989 0.19733543694019318 100
1763913393082 0.03893516585230827 101
1763913393175 0.3881246745586395 102
1763913393267 0.2961355447769165 103
1763913393359 0.5333961844444275 104
1763913393452 0.07307104021310806 105
1763913393545 0.3228541612625122 106
1763913393640 0.08911143243312836 107
1763913393732 0.6454625129699707 108
1763913393828 0.2256302684545517 109
1763913393922 0.13861365616321564 110
1763913394017 0.5568645596504211 111
1763913394112 0.11982358992099762 112
1763913394207 1.2035342454910278 113
1763913394303 0.029376981779932976 114
1763913394396 0.33688631653785706 115
1763913394492 0.12645526230335236 116
1763913394586 0.14172175526618958 117
1763913394679 0.05607723817229271 118
1763913394771 0.1866132616996765 119
1763913394864 0.19295212626457214 120
1763913394956 0.19915595650672913 121
1763913395051 0.21889176964759827 122
1763913395143 0.9590469598770142 123
1763913395236 0.3189105987548828 124
1763913395328 0.2119419276714325 125
1763913395421 0.03600882366299629 126
1763913395514 0.03117816522717476 127
1763913395613 0.6440322399139404 128
1763913395710 0.07197340577840805 129
1763913395807 0.0867113471031189 130
1763913395901 0.13675330579280853 131
1763913395994 0.28731638193130493 132
1763913396087 0.42101189494132996 133
1763913396180 0.2888627350330353 134
1763913396273 0.16089265048503876 135
1763913396368 0.2108665257692337 136
1763913396462 0.20445339381694794 137
1763913396556 0.07723115384578705 138
1763913396648 0.19030779600143433 139
1763913396742 0.06101018935441971 140
1763913396835 0.2808685004711151 141
1763913396929 0.24944844841957092 142
1763913397022 0.34485986828804016 143
1763913397114 0.07024981081485748 144
1763913397206 0.591391921043396 145
1763913397301 0.2652304768562317 146
1763913397395 0.24837251007556915 147
1763913397488 0.5340904593467712 148
1763913397583 0.03673148900270462 149
1763913397677 0.4111294448375702 150
1763913397770 0.5029106140136719 151
1763913397865 0.06963848322629929 152
1763913397960 0.6066490411758423 153
1763913398053 0.09466616064310074 154
1763913398146 0.12993605434894562 155
1763913398239 0.14100587368011475 156
1763913398332 0.3655625879764557 157
1763913398426 0.2747426927089691 158
1763913398517 0.26974135637283325 159
1763913398612 0.15340757369995117 160
1763913398707 0.23931926488876343 161
1763913398804 0.09755858033895493 162
1763913398900 0.5384562611579895 163
1763913398996 0.12313438206911087 164
1763913399091 0.2259097844362259 165
1763913399184 0.36795055866241455 166
1763913399278 0.14890752732753754 167
1763913399371 0.322809636592865 168
1763913399464 0.3256815969944 169
1763913399560 0.2664150297641754 170
1763913399651 0.13194935023784637 171
1763913399744 0.1892174482345581 172
1763913399838 0.06326839327812195 173
1763913399932 0.276489794254303 174
1763913400026 0.17567871510982513 175
1763913400119 0.09169673174619675 176
1763913400213 0.026839500293135643 177
1763913400308 0.3589228391647339 178
1763913400401 0.0677158385515213 179
1763913400495 0.16298939287662506 180
1763913400589 0.16044363379478455 181
1763913400685 0.17118383944034576 182
1763913400779 0.23221786320209503 183
1763913400872 0.27419915795326233 184
1763913400966 0.03206295520067215 185
1763913401059 0.4803222119808197 186
1763913401153 0.17596741020679474 187
1763913401249 0.09813162684440613 188
1763913401343 0.3067461848258972 189
1763913401437 0.11302760988473892 190
1763913401530 0.35854408144950867 191
1763913401625 0.07171976566314697 192
1763913401720 0.4473729431629181 193
1763913401814 0.29855266213417053 194
1763913401908 0.10941720753908157 195
1763913402001 0.2489444464445114 196
1763913402095 0.17443536221981049 197
1763913402189 0.2048652619123459 198
1763913402283 0.23152244091033936 199
1763913402376 0.5277121067047119 200
1763913402469 0.46290114521980286 201
1763913402564 0.5512474775314331 202
1763913402658 0.10618782788515091 203
1763913402753 0.3308597207069397 204
1763913402848 0.25518888235092163 205
1763913402942 0.2520844638347626 206
1763913403037 0.45034894347190857 207
1763913403130 0.06660047918558121 208
1763913403221 0.1910734623670578 209
1763913403317 0.28370794653892517 210
1763913403416 0.13128003478050232 211
1763913403513 0.3608109652996063 212
1763913403612 0.22046980261802673 213
1763913403711 1.1054185628890991 214
1763913403807 0.3393305838108063 215
1763913403903 0.34997236728668213 216
1763913403998 0.04760647565126419 217
1763913404148 0.02462874725461006 218
1763913404247 0.09460557997226715 219
1763913404344 0.12015629559755325 220
1763913404439 0.7961322665214539 221
1763913404533 0.08229487389326096 222
1763913404629 0.21885712444782257 223
1763913404723 0.06918242573738098 224
1763913404816 0.08877608925104141 225
1763913404908 0.15956856310367584 226
1763913405001 0.1545644998550415 227
1763913405093 0.18197618424892426 228
1763913405186 0.18587958812713623 229
1763913405280 0.11875352263450623 230
1763913405371 0.15880471467971802 231
1763913405471 0.230535089969635 232
1763913405575 0.08051218837499619 233
1763913405669 0.3092637062072754 234
1763913405765 0.1804390251636505 235
1763913405860 0.19494719803333282 236
1763913405957 0.6635643243789673 237
1763913406056 0.16325531899929047 238
1763913406160 0.24942347407341003 239
1763913406259 0.09727639704942703 240
1763913406360 0.06444859504699707 241
1763913406455 0.3660571575164795 242
1763913406553 0.43088415265083313 243
1763913406650 0.08478789776563644 244
1763913406744 0.11792965978384018 245
1763913406846 0.5282570123672485 246
1763913406944 0.19188787043094635 247
1763913407041 0.26222652196884155 248
1763913407138 0.046009376645088196 249
1763913407235 0.13063378632068634 250
1763913407332 0.4457324743270874 251
1763913407428 0.5201252102851868 252
1763913407524 0.32352811098098755 253
1763913407620 0.11226768791675568 254
1763913407717 0.10627920925617218 255
1763913407813 0.15493465960025787 256
1763913407905 0.2401377111673355 257
1763913407998 0.10426758974790573 258
1763913408093 0.3045428693294525 259
1763913408190 0.03134451061487198 260
1763913408287 0.17815761268138885 261
1763913408384 0.16927549242973328 262
1763913408479 0.033546946942806244 263
1763913408577 0.19375933706760406 264
1763913408673 0.057186782360076904 265
1763913408771 0.3186904191970825 266
1763913408867 0.12549367547035217 267
1763913408963 0.5243299007415771 268
1763913409061 0.09210173040628433 269
1763913409157 0.3317650258541107 270
1763913409254 0.4059654772281647 271
1763913409350 0.27978965640068054 272
1763913409446 0.4087154269218445 273
1763913409541 0.1525820940732956 274
1763913409635 0.15866021811962128 275
1763913409730 0.3150329291820526 276
1763913409824 0.21308720111846924 277
1763913409918 0.19752803444862366 278
1763913410012 0.15642359852790833 279
1763913410107 0.34992432594299316 280
1763913410202 0.1221197098493576 281
1763913410297 0.13297514617443085 282
1763913410392 0.1865195482969284 283
1763913410487 0.09614267945289612 284
1763913410584 0.03027600608766079 285
1763913410680 0.168235644698143 286
1763913410775 0.7491781115531921 287
1763913410869 0.12004051357507706 288
1763913410962 0.32650336623191833 289
1763913411058 0.4601418673992157 290
1763913411153 0.25193795561790466 291
1763913411248 0.5475215315818787 292
1763913411343 0.07060762494802475 293
1763913411441 0.2765505909919739 294
1763913411536 0.18540531396865845 295
1763913411631 0.021176571026444435 296
1763913411725 0.10088153183460236 297
1763913411820 0.03800521790981293 298
1763913411915 0.23021255433559418 299
1763913412009 0.09101071953773499 300
1763913412105 0.6014910936355591 301
1763913412200 0.048005979508161545 302
1763913412295 0.23055268824100494 303
1763913412390 0.41010013222694397 304
1763913412485 0.04631926864385605 305
1763913412580 0.08960255235433578 306
1763913412679 0.16668808460235596 307
1763913412774 0.14677461981773376 308
1763913412871 0.14252141118049622 309
1763913412968 0.3318732678890228 310
1763913413065 0.06708003580570221 311
1763913413160 0.4024927020072937 312
1763913413256 0.15357698500156403 313
1763913413352 0.08376646786928177 314
1763913413449 0.17247508466243744 315
1763913413546 0.11476974189281464 316
1763913413642 0.3043081760406494 317
1763913413738 1.1656824350357056 318
1763913413833 0.32920727133750916 319
1763913413928 0.09925758838653564 320
1763913414023 0.16098089516162872 321
1763913414120 0.2152109444141388 322
1763913414215 0.23260730504989624 323
1763913414312 0.3972529470920563 324
1763913414408 0.3287910521030426 325
1763913414505 0.2742305397987366 326
1763913414600 0.03861955925822258 327
1763913414696 0.29006704688072205 328
1763913414792 0.08653859794139862 329
1763913414889 0.06389012187719345 330
1763913414984 0.26939359307289124 331
1763913415080 0.17146806418895721 332
1763913415176 0.21426929533481598 333
1763913415272 0.12152314186096191 334
1763913415367 0.6537126898765564 335
1763913415462 0.03357922285795212 336
1763913415559 0.2983183264732361 337
1763913415655 0.5711855292320251 338
1763913415750 0.1011686772108078 339
1763913415846 0.1346103847026825 340
1763913415943 0.4293980896472931 341
1763913416037 0.10301433503627777 342
1763913416133 0.1815807819366455 343
1763913416229 0.10034609586000443 344
1763913416325 0.14829236268997192 345
1763913416422 0.12277676165103912 346
1763913416518 0.2486138790845871 347
1763913416615 0.4877346456050873 348
1763913416711 0.07783418148756027 349
1763913416806 0.12567874789237976 350
1763913416901 0.19389139115810394 351
1763913416997 0.05013424530625343 352
1763913417094 0.6129587292671204 353
1763913417189 0.08884108811616898 354
1763913417284 0.35693520307540894 355
1763913417379 0.17409774661064148 356
1763913417476 0.061220407485961914 357
1763913417573 0.0634460598230362 358
1763913417671 0.3911139667034149 359
1763913417766 0.304987370967865 360
1763913417862 0.5888639688491821 361
1763913417958 0.0676470622420311 362
1763913418052 0.11253596097230911 363
1763913418148 0.14908231794834137 364
1763913418244 0.1558499038219452 365
1763913418340 0.07165587693452835 366
1763913418435 0.3791644275188446 367
1763913418531 0.12420181185007095 368
1763913418628 0.12281966209411621 369
1763913418723 0.15147383511066437 370
1763913418817 0.1082998737692833 371
1763913418914 0.3054920732975006 372
1763913419009 0.6958855390548706 373
1763913419105 0.12171044945716858 374
1763913419199 0.67881840467453 375
1763913419294 0.3402550220489502 376
1763913419390 0.08309485018253326 377
1763913419487 0.39658892154693604 378
1763913419582 0.33660954236984253 379
1763913419677 0.05418773368000984 380
1763913419773 0.1441660374403 381
1763913419870 0.21786175668239594 382
1763913419967 0.16566650569438934 383
1763913420063 0.24657242000102997 384
1763913420159 0.3156526982784271 385
1763913420255 0.2856115996837616 386
1763913420350 0.5976528525352478 387
1763913420447 0.21119219064712524 388
1763913420544 0.7230674028396606 389
1763913420640 0.07497759908437729 390
1763913420736 0.18622060120105743 391
1763913420832 0.228118434548378 392
1763913420927 0.1593925803899765 393
1763913421023 0.31132763624191284 394
1763913421120 0.3220111131668091 395
1763913421215 0.12013410031795502 396
1763913421310 0.20365500450134277 397
1763913421406 0.15008684992790222 398
1763913421503 0.10223764926195145 399
1763913421600 0.025113051757216454 400
