1761837918599 1.6172873973846436 0
1761837918641 1.3421149253845215 1
1761837918675 1.1499820947647095 2
1761837918710 1.050392985343933 3
1761837918747 0.9639238715171814 4
1761837918783 0.8895346522331238 5
1761837918817 0.8233480453491211 6
1761837918853 0.7634515166282654 7
1761837918888 0.7259297370910645 8
1761837918922 0.6877455115318298 9
1761837918956 0.6523312926292419 10
1761837918989 0.6237475872039795 11
1761837919022 0.6045627593994141 12
1761837919056 0.5837737917900085 13
1761837919090 0.5653855800628662 14
