1761837918599 1.655028223991394 0
1761837918641 0.6033392548561096 1
1761837918675 1.7172142267227173 2
1761837918710 1.193153738975525 3
1761837918747 0.22205841541290283 4
1761837918783 0.42099690437316895 5
1761837918817 0.6523004174232483 6
1761837918853 0.9915815591812134 7
1761837918888 0.5707429051399231 8
1761837918922 0.18271757662296295 9
1761837918956 0.467647522687912 10
1761837918989 0.26181671023368835 11
1761837919022 1.1052303314208984 12
1761837919056 0.04628442972898483 13
1761837919090 0.02865353599190712 14
