1761841447310 1.7842129468917847 0
1761841447394 1.4242796897888184 1
1761841447478 1.2498393058776855 2
1761841447560 1.0823067426681519 3
1761841447639 1.031243085861206 4
1761841447719 1.0013210773468018 5
1761841447800 0.9478476047515869 6
1761841447882 0.8669164776802063 7
1761841447965 0.7449169754981995 8
1761841448047 0.7581417560577393 9
1761841448127 0.7479346990585327 10
1761841448207 0.6946701407432556 11
1761841448287 0.6991291642189026 12
1761841448365 0.6558024883270264 13
1761841448442 0.6438615918159485 14
1761841448523 0.7220355868339539 15
1761841448602 0.5746325850486755 16
1761841448680 0.6830737590789795 17
1761841448759 0.5642831921577454 18
1761841448840 0.6256811022758484 19
1761841448922 0.5218877196311951 20
1761841449003 0.580653727054596 21
1761841449084 0.5226148962974548 22
1761841449166 0.517731785774231 23
1761841449245 0.47066593170166016 24
1761841449325 0.5104383826255798 25
1761841449404 0.5467426776885986 26
1761841449491 0.5070575475692749 27
1761841449585 0.5375868678092957 28
1761841449676 0.5359824299812317 29
1761841449768 0.443091481924057 30
1761841449871 0.4011620581150055 31
1761841449958 0.4266379177570343 32
1761841450047 0.4978000521659851 33
1761841450136 0.4245882034301758 34
