1762792610591 1.7106332778930664 0
1762792610691 1.4734601974487305 1
1762792610794 1.3645918369293213 2
1762792610894 1.2596991062164307 3
1762792610991 1.1901386976242065 4
1762792611082 1.1367504596710205 5
1762792611173 1.0939722061157227 6
1762792611264 1.0477195978164673 7
1762792611355 1.0112682580947876 8
1762792611446 0.9875409007072449 9
1762792611537 0.9668868780136108 10
1762792611632 0.9423587322235107 11
1762792611725 0.9221862554550171 12
1762792611820 0.8991734385490417 13
1762792611911 0.8820441961288452 14
1762792612003 0.8622535467147827 15
1762792612093 0.843655526638031 16
1762792612185 0.8290799856185913 17
1762792612275 0.8153519630432129 18
1762792612365 0.8036950826644897 19
1762792612456 0.7927563190460205 20
1762792612546 0.7796551585197449 21
1762792612638 0.7645019292831421 22
