1762792610591 1.3796721696853638 0
1762792610691 1.0883228778839111 1
1762792610794 1.1691677570343018 2
1762792610894 0.6564294099807739 3
1762792610991 0.9856625199317932 4
1762792611082 1.0550440549850464 5
1762792611173 1.0404860973358154 6
1762792611264 1.415848731994629 7
1762792611355 0.8195289373397827 8
1762792611446 1.1322768926620483 9
1762792611537 0.33871397376060486 10
1762792611632 0.8735547065734863 11
1762792611725 1.053952932357788 12
1762792611820 0.31151291728019714 13
1762792611911 0.647799015045166 14
1762792612003 0.4459397494792938 15
1762792612093 0.6998597383499146 16
1762792612185 1.0043718814849854 17
1762792612275 0.7722692489624023 18
1762792612365 0.2645263075828552 19
1762792612456 0.3793109357357025 20
1762792612546 0.3336648643016815 21
1762792612638 0.6413882374763489 22
