1762792707557 1.7284365892410278 0
1762792707649 1.50645112991333 1
1762792707745 1.360004186630249 2
1762792707838 1.278192162513733 3
1762792707930 1.2051056623458862 4
1762792708023 1.147203803062439 5
1762792708116 1.1040878295898438 6
1762792708208 1.0647218227386475 7
1762792708305 1.0294476747512817 8
1762792708402 0.998049795627594 9
1762792708499 0.9642401933670044 10
1762792708594 0.9357710480690002 11
1762792708689 0.9088510274887085 12
1762792708786 0.8857632875442505 13
1762792708880 0.8650081157684326 14
1762792708976 0.8456993103027344 15
1762792709070 0.8326048254966736 16
1762792709162 0.8148778080940247 17
1762792709251 0.7998175621032715 18
1762792709356 0.7871575355529785 19
1762792709449 0.7697494626045227 20
1762792709542 0.753684937953949 21
1762792709633 0.7418025135993958 22
1762792709724 0.7297614812850952 23
1762792709815 0.7196176052093506 24
1762792709905 0.7118808031082153 25
1762792709996 0.7024884223937988 26
1762792710086 0.6917930841445923 27
1762792710178 0.6825998425483704 28
1762792710270 0.6728363633155823 29
1762792710360 0.6631848812103271 30
1762792710450 0.6544322371482849 31
1762792710543 0.646251380443573 32
1762792710638 0.6393632292747498 33
1762792710731 0.6317236423492432 34
1762792710825 0.6238939166069031 35
1762792710917 0.6168171763420105 36
