1762792707557 1.2196974754333496 0
1762792707649 1.0039620399475098 1
1762792707745 1.2142059803009033 2
1762792707838 1.5007833242416382 3
1762792707930 1.3513891696929932 4
1762792708023 0.6280370354652405 5
1762792708116 0.6727825403213501 6
1762792708208 0.6191864609718323 7
1762792708305 1.0208629369735718 8
1762792708402 0.8274502158164978 9
1762792708499 0.6781796813011169 10
1762792708594 0.6639498472213745 11
1762792708689 0.9483171105384827 12
1762792708786 0.9243481755256653 13
1762792708880 0.40625640749931335 14
1762792708976 0.9784101843833923 15
1762792709070 0.4253825843334198 16
1762792709162 0.3726844787597656 17
1762792709251 1.0425660610198975 18
1762792709356 0.2420206069946289 19
1762792709449 0.30197930335998535 20
1762792709542 0.22364158928394318 21
1762792709633 0.46253305673599243 22
1762792709724 0.7539182901382446 23
1762792709815 0.4211990237236023 24
1762792709905 0.2933357059955597 25
1762792709996 0.2739768922328949 26
1762792710086 0.29396459460258484 27
1762792710178 0.07140839099884033 28
1762792710270 0.41252219676971436 29
1762792710360 0.23942431807518005 30
1762792710450 0.1312466263771057 31
1762792710543 0.2668077051639557 32
1762792710638 0.5101465582847595 33
1762792710731 0.2855782210826874 34
1762792710825 0.1943514347076416 35
1762792710917 0.4582817852497101 36
