1762792703703 1.6848320960998535 0
1762792703796 1.5177373886108398 1
1762792703897 1.382873296737671 2
1762792703991 1.2831370830535889 3
1762792704084 1.23069167137146 4
1762792704175 1.1724371910095215 5
1762792704267 1.1210883855819702 6
1762792704359 1.0709216594696045 7
1762792704449 1.0355253219604492 8
1762792704541 0.9989911913871765 9
1762792704633 0.9690195322036743 10
1762792704724 0.9444934129714966 11
1762792704814 0.9221215844154358 12
1762792704906 0.9083824753761292 13
1762792704995 0.8871152400970459 14
1762792705087 0.8711346387863159 15
1762792705179 0.8546802997589111 16
1762792705270 0.8396286964416504 17
1762792705361 0.822339653968811 18
1762792705451 0.8066974878311157 19
1762792705541 0.7943255305290222 20
1762792705630 0.7820517420768738 21
1762792705721 0.7705355286598206 22
1762792705812 0.7585832476615906 23
1762792705902 0.7454155087471008 24
1762792705992 0.7332884073257446 25
1762792706083 0.7240607142448425 26
1762792706174 0.7117884755134583 27
1762792706265 0.703583836555481 28
1762792706355 0.6952894926071167 29
1762792706446 0.6887344121932983 30
1762792706535 0.6793633103370667 31
1762792706627 0.6703556180000305 32
1762792706718 0.6617690920829773 33
1762792706808 0.6533616185188293 34
1762792706898 0.6467180252075195 35
1762792706989 0.6397661566734314 36
1762792707079 0.6331955790519714 37
1762792707170 0.6264163255691528 38
1762792707261 0.6201330423355103 39
1762792707352 0.614598274230957 40
