1762792703703 1.443711757659912 0
1762792703796 1.876420497894287 1
1762792703897 1.2683526277542114 2
1762792703991 1.1722638607025146 3
1762792704084 0.8214589357376099 4
1762792704175 1.051250696182251 5
1762792704267 0.9190075993537903 6
1762792704359 0.3584451675415039 7
1762792704449 0.6692350506782532 8
1762792704541 0.30097100138664246 9
1762792704633 0.9638465046882629 10
1762792704724 0.722446084022522 11
1762792704814 0.8059756755828857 12
1762792704906 0.49774977564811707 13
1762792704995 0.3002086579799652 14
1762792705087 0.9506047964096069 15
1762792705179 0.694725751876831 16
1762792705270 0.41740795969963074 17
1762792705361 0.35599467158317566 18
1762792705451 0.6272838711738586 19
1762792705541 0.5448682904243469 20
1762792705630 0.7826724648475647 21
1762792705721 0.12611937522888184 22
1762792705812 0.17402808368206024 23
1762792705902 0.21663251519203186 24
1762792705992 0.7893621921539307 25
1762792706083 0.35297414660453796 26
1762792706174 0.5130687952041626 27
1762792706265 0.7508026957511902 28
1762792706355 0.59623783826828 29
1762792706446 0.4997584819793701 30
1762792706535 0.2669023871421814 31
1762792706627 0.2136228084564209 32
1762792706718 0.11170428991317749 33
1762792706808 0.5576596856117249 34
1762792706898 0.16164694726467133 35
1762792706989 0.6079002618789673 36
1762792707079 0.7378910779953003 37
1762792707170 0.8578895330429077 38
1762792707261 0.23963944613933563 39
1762792707352 0.3141852617263794 40
