1761838618184 1.8545708656311035 0
1761838618260 1.6375943422317505 1
1761838618340 1.5080485343933105 2
1761838618417 1.4297114610671997 3
1761838618492 1.3630362749099731 4
1761838618565 1.2972038984298706 5
1761838618638 1.2406253814697266 6
1761838618710 1.2078237533569336 7
1761838618783 1.1579712629318237 8
1761838618855 1.1231310367584229 9
1761838618927 1.0944451093673706 10
1761838618999 1.0620514154434204 11
1761838619072 1.0386494398117065 12
1761838619142 1.0196129083633423 13
1761838619214 1.000144600868225 14
1761838619287 0.9796160459518433 15
1761838619360 0.9626473188400269 16
1761838619430 0.9466593861579895 17
1761838619501 0.9306143522262573 18
1761838619573 0.9163235425949097 19
1761838619645 0.8963882923126221 20
1761838619717 0.8791046738624573 21
1761838619788 0.8606677651405334 22
1761838619860 0.8420891165733337 23
1761838619931 0.8270436525344849 24
1761838620003 0.8105832934379578 25
1761838620077 0.7981975078582764 26
1761838620149 0.7861875295639038 27
1761838620223 0.7739348411560059 28
1761838620294 0.7615110278129578 29
1761838620367 0.7512694597244263 30
1761838620440 0.7412129044532776 31
1761838620512 0.7317884564399719 32
1761838620583 0.7223789691925049 33
1761838620655 0.7133775353431702 34
1761838620727 0.7044938802719116 35
1761838620799 0.6972933411598206 36
1761838620870 0.6904419660568237 37
1761838620942 0.6814532279968262 38
1761838621013 0.6741772294044495 39
1761838621086 0.6682654023170471 40
1761838621157 0.6615552306175232 41
1761838621230 0.6556831002235413 42
1761838621301 0.6506394147872925 43
1761838621373 0.6453911662101746 44
1761838621443 0.6394681334495544 45
1761838621517 0.6341034770011902 46
1761838621589 0.628417432308197 47
1761838621662 0.623774528503418 48
1761838621732 0.6197308897972107 49
1761838621805 0.6147754192352295 50
1761838621876 0.6113162040710449 51
1761838621949 0.6077595353126526 52
1761838622020 0.6047882437705994 53
1761838622095 0.6013307571411133 54
1761838622173 0.5971248149871826 55
1761838622249 0.5935750603675842 56
1761838622329 0.5890299081802368 57
1761838622402 0.5858400464057922 58
1761838622474 0.5823365449905396 59
1761838622549 0.5789711475372314 60
1761838622622 0.5755711197853088 61
1761838622695 0.5729130506515503 62
1761838622768 0.5694097280502319 63
1761838622841 0.5662276148796082 64
1761838622912 0.5645045638084412 65
1761838622984 0.561124324798584 66
1761838623058 0.5589637160301208 67
1761838623131 0.5561537146568298 68
1761838623204 0.55396568775177 69
1761838623276 0.5517321825027466 70
1761838623348 0.5494303703308105 71
1761838623420 0.546913206577301 72
1761838623492 0.5452946424484253 73
1761838623564 0.5427678823471069 74
1761838623635 0.5407902598381042 75
1761838623708 0.5388617515563965 76
1761838623779 0.5359418988227844 77
1761838623852 0.5334317088127136 78
1761838623923 0.5315446257591248 79
1761838623995 0.5294517278671265 80
1761838624067 0.5274755954742432 81
1761838624139 0.5264930129051208 82
1761838624211 0.5247500538825989 83
1761838624283 0.5227645039558411 84
1761838624355 0.5213763117790222 85
1761838624428 0.5203872323036194 86
1761838624501 0.5187684297561646 87
1761838624573 0.5172156691551208 88
1761838624645 0.5160908102989197 89
1761838624716 0.5149330496788025 90
1761838624789 0.5136971473693848 91
1761838624862 0.5123491287231445 92
1761838624934 0.511468231678009 93
1761838625006 0.5101224780082703 94
1761838625079 0.5090013146400452 95
1761838625151 0.5076748132705688 96
1761838625223 0.5067600011825562 97
1761838625297 0.5054289698600769 98
1761838625369 0.5039851069450378 99
1761838625441 0.5032227635383606 100
1761838625513 0.5025368332862854 101
1761838625584 0.5016829967498779 102
1761838625665 0.500611424446106 103
1761838625744 0.4990465044975281 104
1761838625820 0.49751266837120056 105
1761838625895 0.49626296758651733 106
1761838625969 0.49526846408843994 107
1761838626042 0.4944241940975189 108
1761838626117 0.49311500787734985 109
1761838626189 0.4923305809497833 110
1761838626262 0.4911518096923828 111
1761838626334 0.4902507960796356 112
1761838626407 0.4894874095916748 113
1761838626479 0.48860976099967957 114
1761838626553 0.48742353916168213 115
1761838626625 0.48632577061653137 116
1761838626698 0.4854249060153961 117
1761838626770 0.4845077097415924 118
1761838626843 0.48360103368759155 119
1761838626920 0.48262056708335876 120
1761838626998 0.48199132084846497 121
1761838627081 0.4812206029891968 122
1761838627161 0.4808729887008667 123
1761838627236 0.48041653633117676 124
1761838627310 0.47957611083984375 125
1761838627385 0.47911834716796875 126
1761838627458 0.4784294366836548 127
1761838627540 0.47773391008377075 128
1761838627616 0.4768514633178711 129
1761838627692 0.476223349571228 130
1761838627767 0.47518253326416016 131
1761838627841 0.47449377179145813 132
1761838627914 0.4741039276123047 133
1761838627989 0.4732248783111572 134
1761838628065 0.47257107496261597 135
1761838628139 0.472043514251709 136
1761838628213 0.4714997112751007 137
1761838628289 0.47088125348091125 138
1761838628368 0.47008827328681946 139
1761838628451 0.4695725440979004 140
1761838628530 0.46925103664398193 141
1761838628606 0.4685879051685333 142
1761838628687 0.4679577946662903 143
1761838628767 0.4671325087547302 144
1761838628846 0.46641626954078674 145
1761838628924 0.4661780893802643 146
1761838629000 0.46584001183509827 147
1761838629070 0.4654068946838379 148
1761838629145 0.46474042534828186 149
1761838629228 0.4636653959751129 150
1761838629310 0.463174968957901 151
1761838629392 0.46238765120506287 152
1761838629473 0.4623531997203827 153
1761838629552 0.46169814467430115 154
1761838629626 0.46162471175193787 155
1761838629704 0.4610459506511688 156
1761838629778 0.4608224928379059 157
1761838629853 0.46061310172080994 158
1761838629927 0.4600573182106018 159
1761838630001 0.4595451354980469 160
1761838630075 0.4590202271938324 161
1761838630148 0.45846322178840637 162
1761838630228 0.458100825548172 163
1761838630311 0.4573400914669037 164
1761838630392 0.45723482966423035 165
1761838630469 0.45669177174568176 166
1761838630551 0.45654624700546265 167
1761838630634 0.4563548266887665 168
1761838630715 0.45577654242515564 169
1761838630798 0.455349326133728 170
1761838630878 0.4550212621688843 171
1761838630959 0.4547589421272278 172
1761838631038 0.45420634746551514 173
1761838631114 0.45420041680336 174
1761838631191 0.4536410868167877 175
1761838631268 0.45326370000839233 176
1761838631341 0.45319026708602905 177
1761838631414 0.4528968632221222 178
1761838631487 0.45255327224731445 179
1761838631560 0.45215854048728943 180
1761838631635 0.451980859041214 181
1761838631709 0.45153141021728516 182
1761838631785 0.4512685239315033 183
1761838631860 0.45083388686180115 184
1761838631935 0.45039212703704834 185
1761838632009 0.44998347759246826 186
1761838632083 0.4497801661491394 187
1761838632157 0.4493986964225769 188
1761838632266 0.44906166195869446 189
1761838632350 0.4485567510128021 190
1761838632446 0.44802236557006836 191
1761838632530 0.4475002884864807 192
1761838632621 0.4471946656703949 193
1761838632698 0.446821004152298 194
1761838632781 0.44638925790786743 195
1761838632865 0.44618940353393555 196
1761838632947 0.44591495394706726 197
1761838633030 0.4455479383468628 198
1761838633112 0.44530370831489563 199
1761838633196 0.44488438963890076 200
1761838633290 0.4444824457168579 201
1761838633373 0.4442453384399414 202
1761838633453 0.4438484311103821 203
1761838633530 0.4438013732433319 204
1761838633607 0.44353801012039185 205
1761838633683 0.44321534037590027 206
1761838633767 0.442748099565506 207
1761838633845 0.4426223337650299 208
1761838633922 0.44239065051078796 209
1761838633998 0.4420521855354309 210
1761838634073 0.44170695543289185 211
1761838634148 0.4413573741912842 212
1761838634227 0.44123342633247375 213
1761838634308 0.4409482777118683 214
1761838634389 0.44085806608200073 215
1761838634469 0.44087445735931396 216
1761838634550 0.44051826000213623 217
1761838634627 0.44030505418777466 218
1761838634704 0.44031578302383423 219
1761838634779 0.4402748942375183 220
1761838634855 0.4398891031742096 221
1761838634929 0.4395410120487213 222
1761838635003 0.439309686422348 223
1761838635080 0.43901023268699646 224
1761838635153 0.43881604075431824 225
1761838635228 0.4384826421737671 226
1761838635303 0.4382247030735016 227
1761838635376 0.43802410364151 228
1761838635449 0.43789228796958923 229
1761838635523 0.4377606213092804 230
1761838635598 0.4377727806568146 231
1761838635670 0.4375307857990265 232
1761838635744 0.437332421541214 233
1761838635819 0.4369482398033142 234
1761838635894 0.4368817210197449 235
1761838635966 0.43676280975341797 236
1761838636042 0.4366612732410431 237
1761838636117 0.4364142417907715 238
1761838636190 0.43626469373703003 239
1761838636266 0.43604084849357605 240
1761838636338 0.4357946813106537 241
1761838636412 0.4355245530605316 242
1761838636485 0.4353260099887848 243
1761838636562 0.43508175015449524 244
1761838636636 0.43488675355911255 245
1761838636711 0.4347953200340271 246
1761838636785 0.43462297320365906 247
1761838636859 0.4343053698539734 248
1761838636934 0.4341013431549072 249
1761838637009 0.4339982867240906 250
1761838637085 0.4338259994983673 251
1761838637159 0.4336489140987396 252
1761838637230 0.4332926571369171 253
1761838637304 0.43303823471069336 254
1761838637378 0.43296000361442566 255
1761838637450 0.43282243609428406 256
1761838637526 0.4326075315475464 257
1761838637601 0.43265220522880554 258
1761838637675 0.43253055214881897 259
1761838637749 0.4323272705078125 260
1761838637823 0.4321843385696411 261
1761838637898 0.43185940384864807 262
1761838637971 0.43192166090011597 263
1761838638043 0.4319131374359131 264
1761838638117 0.431802362203598 265
1761838638190 0.43160203099250793 266
1761838638267 0.43185997009277344 267
1761838638340 0.43156516551971436 268
1761838638416 0.4315277338027954 269
1761838638491 0.4316461384296417 270
1761838638567 0.43152809143066406 271
1761838638640 0.43128564953804016 272
1761838638713 0.4310349225997925 273
1761838638787 0.43089810013771057 274
1761838638860 0.43058234453201294 275
1761838638935 0.43050360679626465 276
1761838639009 0.4304099380970001 277
1761838639080 0.4302387833595276 278
1761838639154 0.43001696467399597 279
1761838639225 0.42993631958961487 280
1761838639300 0.4299154281616211 281
1761838639373 0.4296973943710327 282
1761838639446 0.4294601380825043 283
1761838639520 0.4292389452457428 284
1761838639596 0.42895886301994324 285
1761838639669 0.4286312460899353 286
1761838639743 0.4283932149410248 287
1761838639814 0.4281643331050873 288
1761838639887 0.4279811680316925 289
1761838639961 0.42789599299430847 290
1761838640034 0.42781350016593933 291
1761838640108 0.4277676045894623 292
1761838640181 0.42759740352630615 293
1761838640255 0.42749133706092834 294
1761838640330 0.4275115430355072 295
1761838640401 0.42753103375434875 296
1761838640475 0.4274982511997223 297
1761838640545 0.4274218678474426 298
1761838640619 0.4271214008331299 299
1761838640693 0.42710554599761963 300
1761838640768 0.4270053505897522 301
1761838640840 0.4269483983516693 302
1761838640914 0.42693111300468445 303
1761838640990 0.4268650710582733 304
1761838641070 0.42663758993148804 305
1761838641150 0.42664021253585815 306
1761838641228 0.4266248643398285 307
1761838641304 0.4265305697917938 308
1761838641378 0.4264965057373047 309
1761838641456 0.4264928102493286 310
1761838641535 0.4262911081314087 311
1761838641619 0.42626452445983887 312
1761838641701 0.42613404989242554 313
1761838641782 0.4259767234325409 314
1761838641861 0.4259052574634552 315
1761838641941 0.42586326599121094 316
1761838642018 0.426015704870224 317
1761838642096 0.42595815658569336 318
1761838642173 0.42591336369514465 319
1761838642249 0.42566901445388794 320
1761838642326 0.4253576099872589 321
1761838642410 0.4253352880477905 322
1761838642490 0.4250459671020508 323
1761838642571 0.42494723200798035 324
1761838642650 0.4248757064342499 325
1761838642732 0.4249253273010254 326
1761838642814 0.4248277246952057 327
1761838642891 0.42481377720832825 328
1761838642967 0.42480865120887756 329
1761838643044 0.4246360957622528 330
1761838643121 0.42450907826423645 331
1761838643196 0.4243013262748718 332
1761838643275 0.42430809140205383 333
1761838643354 0.4241953492164612 334
1761838643438 0.4240434765815735 335
1761838643519 0.4240039885044098 336
1761838643597 0.4238613545894623 337
1761838643672 0.42371615767478943 338
1761838643746 0.42364323139190674 339
1761838643821 0.42355501651763916 340
1761838643895 0.4234078824520111 341
1761838643968 0.4232715964317322 342
1761838644043 0.4233211576938629 343
1761838644119 0.42327746748924255 344
1761838644192 0.42317768931388855 345
1761838644266 0.4232066571712494 346
1761838644341 0.4231759011745453 347
1761838644416 0.4229711592197418 348
1761838644491 0.42294391989707947 349
1761838644566 0.42287418246269226 350
1761838644639 0.42274051904678345 351
1761838644713 0.42270225286483765 352
1761838644787 0.42266103625297546 353
1761838644861 0.4225980341434479 354
1761838644936 0.4224642813205719 355
1761838645011 0.4223116338253021 356
1761838645087 0.4222666621208191 357
1761838645163 0.4221898019313812 358
1761838645239 0.42209047079086304 359
1761838645316 0.42203488945961 360
1761838645391 0.42197293043136597 361
1761838645463 0.4217889904975891 362
1761838645536 0.42161402106285095 363
1761838645609 0.4216082692146301 364
1761838645681 0.4214930236339569 365
1761838645756 0.4213116765022278 366
1761838645832 0.421224981546402 367
1761838645906 0.4211522936820984 368
1761838645980 0.4210669994354248 369
1761838646057 0.42090266942977905 370
1761838646133 0.4206884205341339 371
1761838646207 0.42059287428855896 372
1761838646281 0.4204546809196472 373
1761838646355 0.420371949672699 374
1761838646431 0.4202805757522583 375
1761838646507 0.4202011525630951 376
1761838646582 0.42012807726860046 377
1761838646657 0.42008736729621887 378
1761838646730 0.41995859146118164 379
1761838646806 0.41988736391067505 380
1761838646881 0.41976815462112427 381
1761838646956 0.41967877745628357 382
1761838647032 0.41961589455604553 383
1761838647108 0.41956639289855957 384
1761838647183 0.4196436405181885 385
1761838647259 0.41964274644851685 386
1761838647337 0.4196151793003082 387
1761838647427 0.41956719756126404 388
1761838647505 0.41944223642349243 389
1761838647583 0.4193457067012787 390
1761838647660 0.4193258583545685 391
1761838647738 0.4192313253879547 392
1761838647814 0.41921311616897583 393
1761838647891 0.4191242754459381 394
1761838647967 0.41888222098350525 395
1761838648043 0.4188663363456726 396
1761838648121 0.41880959272384644 397
1761838648200 0.41872552037239075 398
1761838648278 0.41855815052986145 399
1761838648355 0.41860052943229675 400
