1761838618184 1.1959608793258667 0
1761838618260 1.740382432937622 1
1761838618340 1.9774543046951294 2
1761838618417 1.0651127099990845 3
1761838618492 1.5359841585159302 4
1761838618565 0.7963816523551941 5
1761838618638 0.9816000461578369 6
1761838618710 1.2210652828216553 7
1761838618783 0.26336339116096497 8
1761838618855 0.7568315267562866 9
1761838618927 1.0273357629776 10
1761838618999 0.38250765204429626 11
1761838619072 0.8095967173576355 12
1761838619142 1.8437179327011108 13
1761838619214 0.6477022171020508 14
1761838619287 1.3172013759613037 15
1761838619360 0.7392253875732422 16
1761838619430 0.9026591777801514 17
1761838619501 0.6146923303604126 18
1761838619573 0.8421979546546936 19
1761838619645 0.6487987041473389 20
1761838619717 0.6862240433692932 21
1761838619788 0.6473503708839417 22
1761838619860 0.6068499684333801 23
1761838619931 0.6596815586090088 24
1761838620003 0.10448415577411652 25
1761838620077 2.004211664199829 26
1761838620149 2.6129190921783447 27
1761838620223 0.5943209528923035 28
1761838620294 0.42205941677093506 29
1761838620367 0.6540269255638123 30
1761838620440 0.7182673215866089 31
1761838620512 1.8921151161193848 32
1761838620583 0.3557906448841095 33
1761838620655 0.6561670899391174 34
1761838620727 0.6765740513801575 35
1761838620799 1.3685294389724731 36
1761838620870 0.43069878220558167 37
1761838620942 0.37679606676101685 38
1761838621013 1.0207520723342896 39
1761838621086 0.35589683055877686 40
1761838621157 0.32565346360206604 41
1761838621230 0.26541340351104736 42
1761838621301 0.6592540740966797 43
1761838621373 0.5212113261222839 44
1761838621443 1.1771340370178223 45
1761838621517 0.4578567147254944 46
1761838621589 0.40860220789909363 47
1761838621662 0.7790284156799316 48
1761838621732 0.08504074811935425 49
1761838621805 0.18641799688339233 50
1761838621876 1.1083109378814697 51
1761838621949 0.5614349842071533 52
1761838622020 1.059329628944397 53
1761838622095 0.2771274447441101 54
1761838622173 0.6331205368041992 55
1761838622249 0.21400737762451172 56
1761838622329 0.8437206149101257 57
1761838622402 0.5903539657592773 58
1761838622474 0.3380739688873291 59
1761838622549 0.14806850254535675 60
1761838622622 0.4858401417732239 61
1761838622695 0.14604513347148895 62
1761838622768 0.03708859160542488 63
1761838622841 1.2411208152770996 64
1761838622912 1.025836706161499 65
1761838622984 0.2544345259666443 66
1761838623058 1.006902813911438 67
1761838623131 0.3137679994106293 68
1761838623204 0.3325640559196472 69
1761838623276 0.8783962726593018 70
1761838623348 0.6528868079185486 71
1761838623420 0.812406063079834 72
1761838623492 0.5021218061447144 73
1761838623564 0.07323232293128967 74
1761838623635 0.5509006977081299 75
1761838623708 0.31178227066993713 76
1761838623779 0.3636898696422577 77
1761838623852 0.8536391854286194 78
1761838623923 0.2976348400115967 79
1761838623995 0.38787323236465454 80
1761838624067 0.8270009160041809 81
1761838624139 1.097826361656189 82
1761838624211 1.0238711833953857 83
1761838624283 0.23971444368362427 84
1761838624355 0.9587305188179016 85
1761838624428 0.8962999582290649 86
1761838624501 0.5619828104972839 87
1761838624573 0.4818038046360016 88
1761838624645 0.901199996471405 89
1761838624716 1.326603651046753 90
1761838624789 0.4152628183364868 91
1761838624862 0.11354625970125198 92
1761838624934 0.42297881841659546 93
1761838625006 0.16585157811641693 94
1761838625079 0.7286527752876282 95
1761838625151 0.2121920883655548 96
1761838625223 0.926949679851532 97
1761838625297 0.8020231127738953 98
1761838625369 0.2089250683784485 99
1761838625441 0.33378157019615173 100
1761838625513 0.5277984142303467 101
1761838625584 0.2918093204498291 102
1761838625665 0.33436086773872375 103
1761838625744 0.05928917974233627 104
1761838625820 0.218532532453537 105
1761838625895 0.3040396273136139 106
1761838625969 0.3430016338825226 107
1761838626042 0.3064737021923065 108
1761838626117 0.5912083983421326 109
1761838626189 1.0621098279953003 110
1761838626262 0.2526143491268158 111
1761838626334 0.32649707794189453 112
1761838626407 1.1368954181671143 113
1761838626479 0.25856146216392517 114
1761838626553 0.8869296908378601 115
1761838626625 0.38127267360687256 116
1761838626698 0.582564651966095 117
1761838626770 0.059241313487291336 118
1761838626843 0.13231848180294037 119
1761838626920 0.34665411710739136 120
1761838626998 0.7984880208969116 121
1761838627081 0.2174636274576187 122
1761838627161 0.12875427305698395 123
1761838627236 0.8021557927131653 124
1761838627310 0.4341667890548706 125
1761838627385 1.135809063911438 126
1761838627458 0.37590938806533813 127
1761838627540 0.43842098116874695 128
1761838627616 0.2970009446144104 129
1761838627692 0.8656020164489746 130
1761838627767 0.46022847294807434 131
1761838627841 0.7744070887565613 132
1761838627914 0.6024548411369324 133
1761838627989 0.12848101556301117 134
1761838628065 1.0863981246948242 135
1761838628139 0.7849342823028564 136
1761838628213 0.8913930654525757 137
1761838628289 0.5856475234031677 138
1761838628368 0.17103561758995056 139
1761838628451 0.16855266690254211 140
1761838628530 0.34542757272720337 141
1761838628606 0.12311626970767975 142
1761838628687 0.4941096007823944 143
1761838628767 0.29429513216018677 144
1761838628846 1.0576462745666504 145
1761838628924 1.2659149169921875 146
1761838629000 0.7030598521232605 147
1761838629070 0.8139686584472656 148
1761838629145 0.2499830573797226 149
1761838629228 0.08110909163951874 150
1761838629310 0.32491210103034973 151
1761838629392 0.37437689304351807 152
1761838629473 0.5128799080848694 153
1761838629552 0.16605621576309204 154
1761838629626 0.4725664258003235 155
1761838629704 0.3307627737522125 156
1761838629778 0.4131779372692108 157
1761838629853 1.2101510763168335 158
1761838629927 0.12556593120098114 159
1761838630001 0.3641880452632904 160
1761838630075 0.24532146751880646 161
1761838630148 0.23716992139816284 162
1761838630228 0.3275967836380005 163
1761838630311 0.5865219235420227 164
1761838630392 1.0416940450668335 165
1761838630469 0.40168213844299316 166
1761838630551 1.0844558477401733 167
1761838630634 0.3817126154899597 168
1761838630715 0.5577417612075806 169
1761838630798 0.2170744240283966 170
1761838630878 0.5521315932273865 171
1761838630959 0.42175015807151794 172
1761838631038 0.5803712010383606 173
1761838631114 0.246175616979599 174
1761838631191 1.0836617946624756 175
1761838631268 0.23689192533493042 176
1761838631341 0.7252762317657471 177
1761838631414 0.48297885060310364 178
1761838631487 0.6579225063323975 179
1761838631560 0.18336673080921173 180
1761838631635 1.4702479839324951 181
1761838631709 0.3773062527179718 182
1761838631785 0.8830444812774658 183
1761838631860 0.17608171701431274 184
1761838631935 0.280165433883667 185
1761838632009 0.2209479659795761 186
1761838632083 0.38695505261421204 187
1761838632157 1.1553664207458496 188
1761838632266 0.35829487442970276 189
1761838632350 0.2717224955558777 190
1761838632446 0.15581852197647095 191
1761838632530 0.38821160793304443 192
1761838632621 0.7054110169410706 193
1761838632698 0.15903666615486145 194
1761838632781 0.30231815576553345 195
1761838632865 0.4682096838951111 196
1761838632947 0.1519358903169632 197
1761838633030 0.8235539197921753 198
1761838633112 0.2249097377061844 199
1761838633196 0.9172217845916748 200
1761838633290 0.25167977809906006 201
1761838633373 0.2799738645553589 202
1761838633453 0.2624821066856384 203
1761838633530 0.5488717555999756 204
1761838633607 0.5825278759002686 205
1761838633683 0.27836692333221436 206
1761838633767 0.2098604142665863 207
1761838633845 1.0184271335601807 208
1761838633922 0.18021658062934875 209
1761838633998 0.750773549079895 210
1761838634073 0.5365263819694519 211
1761838634148 0.4023763835430145 212
1761838634227 1.0307137966156006 213
1761838634308 0.5974453687667847 214
1761838634389 1.3921167850494385 215
1761838634469 0.7873241901397705 216
1761838634550 0.20513729751110077 217
1761838634627 0.3758643865585327 218
1761838634704 0.2648196220397949 219
1761838634779 1.0154385566711426 220
1761838634855 0.5937390923500061 221
1761838634929 0.8224000930786133 222
1761838635003 0.6480059027671814 223
1761838635080 0.17735356092453003 224
1761838635153 0.7053744792938232 225
1761838635228 0.9109732508659363 226
1761838635303 0.4488449692726135 227
1761838635376 0.31517764925956726 228
1761838635449 1.6191681623458862 229
1761838635523 0.6120353937149048 230
1761838635598 1.9849597215652466 231
1761838635670 0.631212055683136 232
1761838635744 0.7203449606895447 233
1761838635819 0.6820604801177979 234
1761838635894 0.8577225804328918 235
1761838635966 0.3462892472743988 236
1761838636042 0.9814204573631287 237
1761838636117 0.9055135250091553 238
1761838636190 0.5014821290969849 239
1761838636266 0.6530289649963379 240
1761838636338 0.7059928178787231 241
1761838636412 0.7040508389472961 242
1761838636485 0.3152506947517395 243
1761838636562 0.9005920886993408 244
1761838636636 0.5493407249450684 245
1761838636711 0.38239243626594543 246
1761838636785 1.1797170639038086 247
1761838636859 0.12268726527690887 248
1761838636934 0.5940372943878174 249
1761838637009 0.35908257961273193 250
1761838637085 0.760120153427124 251
1761838637159 0.7933172583580017 252
1761838637230 0.3183925747871399 253
1761838637304 0.5450788736343384 254
1761838637378 0.10854510217905045 255
1761838637450 0.41061171889305115 256
1761838637526 0.6203422546386719 257
1761838637601 0.7773367762565613 258
1761838637675 0.3319893479347229 259
1761838637749 0.3278210759162903 260
1761838637823 0.8219026923179626 261
1761838637898 0.6617847084999084 262
1761838637971 0.3371417820453644 263
1761838638043 0.9446002244949341 264
1761838638117 0.6559654474258423 265
1761838638190 0.48308998346328735 266
1761838638267 0.25736117362976074 267
1761838638340 0.6225895881652832 268
1761838638416 0.3051050007343292 269
1761838638491 0.8786649703979492 270
1761838638567 1.134398341178894 271
1761838638640 0.47499486804008484 272
1761838638713 0.07546113431453705 273
1761838638787 0.8257904648780823 274
1761838638860 0.04470917582511902 275
1761838638935 0.18108409643173218 276
1761838639009 0.5437834858894348 277
1761838639080 1.0354595184326172 278
1761838639154 0.39188477396965027 279
1761838639225 1.4732861518859863 280
1761838639300 0.5272403955459595 281
1761838639373 0.04363514855504036 282
1761838639446 0.10797432065010071 283
1761838639520 0.10654103755950928 284
1761838639596 0.15196265280246735 285
1761838639669 0.8352645039558411 286
1761838639743 0.45283830165863037 287
1761838639814 0.41681164503097534 288
1761838639887 0.24073763191699982 289
1761838639961 0.369739830493927 290
1761838640034 0.29474958777427673 291
1761838640108 0.39866161346435547 292
1761838640181 0.939065158367157 293
1761838640255 0.5615870356559753 294
1761838640330 0.6537672281265259 295
1761838640401 0.7090858221054077 296
1761838640475 1.5675541162490845 297
1761838640545 1.3241349458694458 298
1761838640619 0.15581607818603516 299
1761838640693 0.32672426104545593 300
1761838640768 1.104366660118103 301
1761838640840 0.5903613567352295 302
1761838640914 0.6508323550224304 303
1761838640990 1.1057034730911255 304
1761838641070 0.28568777441978455 305
1761838641150 1.1219178438186646 306
1761838641228 0.8528193831443787 307
1761838641304 0.9354286789894104 308
1761838641378 0.9433979988098145 309
1761838641456 0.1283446103334427 310
1761838641535 0.1472313553094864 311
1761838641619 0.856960654258728 312
1761838641701 0.14944863319396973 313
1761838641782 0.6292175650596619 314
1761838641861 0.8902631402015686 315
1761838641941 0.17918814718723297 316
1761838642018 2.5420994758605957 317
1761838642096 0.3321600556373596 318
1761838642173 1.6014949083328247 319
1761838642249 0.3612191677093506 320
1761838642326 0.46465736627578735 321
1761838642410 0.8517266511917114 322
1761838642490 0.6501688361167908 323
1761838642571 1.0818707942962646 324
1761838642650 1.4923288822174072 325
1761838642732 0.8010985851287842 326
1761838642814 0.727091372013092 327
1761838642891 0.985422670841217 328
1761838642967 0.9000241160392761 329
1761838643044 0.24219770729541779 330
1761838643121 0.35973605513572693 331
1761838643196 0.16788336634635925 332
1761838643275 0.5617861747741699 333
1761838643354 0.09656677395105362 334
1761838643438 0.13048312067985535 335
1761838643519 0.5272418856620789 336
1761838643597 0.5580663681030273 337
1761838643672 0.4097723960876465 338
1761838643746 1.339703917503357 339
1761838643821 0.3697139620780945 340
1761838643895 0.4854130446910858 341
1761838643968 0.45574334263801575 342
1761838644043 0.08451272547245026 343
1761838644119 0.7853037714958191 344
1761838644192 0.4409800171852112 345
1761838644266 0.49501872062683105 346
1761838644341 0.4951324760913849 347
1761838644416 0.18164381384849548 348
1761838644491 0.9905675053596497 349
1761838644566 0.22142332792282104 350
1761838644639 0.7758426666259766 351
1761838644713 0.48853933811187744 352
1761838644787 0.42610591650009155 353
1761838644861 1.0825729370117188 354
1761838644936 0.8508077263832092 355
1761838645011 0.7218659520149231 356
1761838645087 1.4351454973220825 357
1761838645163 0.7750347256660461 358
1761838645239 0.9685896039009094 359
1761838645316 0.04083193838596344 360
1761838645391 0.7689782381057739 361
1761838645463 0.08683816343545914 362
1761838645536 0.715182900428772 363
1761838645609 0.9434294700622559 364
1761838645681 0.8913741707801819 365
1761838645756 0.6829990744590759 366
1761838645832 0.5509372353553772 367
1761838645906 0.4481790363788605 368
1761838645980 1.8037946224212646 369
1761838646057 1.054608702659607 370
1761838646133 0.24954169988632202 371
1761838646207 0.43925726413726807 372
1761838646281 1.4170114994049072 373
1761838646355 0.8014689683914185 374
1761838646431 0.9591186046600342 375
1761838646507 0.1786486655473709 376
1761838646582 1.3195297718048096 377
1761838646657 0.6271989345550537 378
1761838646730 1.656662940979004 379
1761838646806 1.5291880369186401 380
1761838646881 0.15135334432125092 381
1761838646956 0.2197909951210022 382
1761838647032 0.17959243059158325 383
1761838647108 0.7942732572555542 384
1761838647183 1.0712748765945435 385
1761838647259 1.0831772089004517 386
1761838647337 1.001455307006836 387
1761838647427 0.5929462313652039 388
1761838647505 0.5647655725479126 389
1761838647583 0.680079996585846 390
1761838647660 0.7126496434211731 391
1761838647738 0.24096782505512238 392
1761838647814 1.055463194847107 393
1761838647891 0.7079432010650635 394
1761838647967 0.5237590074539185 395
1761838648043 0.8827230930328369 396
1761838648121 0.5494998693466187 397
1761838648200 0.4381474256515503 398
1761838648278 0.27405980229377747 399
1761838648355 0.8846523761749268 400
