1761839522932 1.7900446653366089 0
1761839523007 1.5887244939804077 1
1761839523082 1.4911850690841675 2
1761839523157 1.405408263206482 3
1761839523230 1.3429255485534668 4
1761839523301 1.2757790088653564 5
1761839523373 1.2293553352355957 6
1761839523447 1.2007176876068115 7
1761839523520 1.1618670225143433 8
1761839523594 1.131746768951416 9
1761839523665 1.0986770391464233 10
1761839523735 1.0726081132888794 11
1761839523806 1.047857403755188 12
1761839523876 1.0260565280914307 13
1761839523946 1.0057673454284668 14
1761839524017 0.9873219728469849 15
1761839524088 0.9743124842643738 16
1761839524158 0.9585162401199341 17
1761839524229 0.9421319365501404 18
1761839524307 0.9274212718009949 19
1761839524379 0.9138959646224976 20
1761839524449 0.9033485054969788 21
1761839524523 0.8933448791503906 22
1761839524599 0.8807373642921448 23
1761839524673 0.8667861819267273 24
1761839524744 0.8556353449821472 25
1761839524816 0.843112587928772 26
1761839524886 0.8319810032844543 27
1761839524956 0.8205943703651428 28
1761839525028 0.8096712231636047 29
1761839525100 0.7991321682929993 30
1761839525171 0.7888650894165039 31
1761839525242 0.7789009213447571 32
1761839525313 0.7715396285057068 33
1761839525384 0.7622460722923279 34
1761839525454 0.7552520632743835 35
1761839525525 0.7458100914955139 36
1761839525594 0.7381166815757751 37
1761839525664 0.731564998626709 38
1761839525736 0.7244052290916443 39
1761839525819 0.7188036441802979 40
1761839525893 0.7108709812164307 41
1761839525967 0.7052950263023376 42
1761839526038 0.6990123987197876 43
1761839526111 0.6944793462753296 44
1761839526181 0.6877108812332153 45
1761839526252 0.68135005235672 46
1761839526324 0.6753137111663818 47
1761839526397 0.6698451042175293 48
1761839526469 0.6646459698677063 49
1761839526541 0.6592028737068176 50
1761839526613 0.6533498764038086 51
1761839526684 0.6480485796928406 52
1761839526755 0.6431410312652588 53
1761839526824 0.6371721625328064 54
1761839526894 0.6315272450447083 55
1761839526972 0.6250985860824585 56
1761839527046 0.6199490427970886 57
1761839527119 0.6141102313995361 58
1761839527191 0.6083515286445618 59
1761839527262 0.6030404567718506 60
1761839527333 0.5977052450180054 61
1761839527404 0.5922839045524597 62
1761839527476 0.5873830318450928 63
1761839527548 0.5821129083633423 64
1761839527618 0.5766696333885193 65
1761839527689 0.5715254545211792 66
1761839527761 0.566706120967865 67
1761839527833 0.5629457831382751 68
1761839527904 0.5585615038871765 69
1761839527975 0.5544507503509521 70
1761839528046 0.5499216914176941 71
1761839528117 0.5451065897941589 72
1761839528188 0.5406664609909058 73
1761839528258 0.5371405482292175 74
1761839528331 0.5327669382095337 75
1761839528402 0.5289719104766846 76
1761839528473 0.5255998969078064 77
1761839528544 0.5216500163078308 78
1761839528614 0.5178784132003784 79
1761839528685 0.5145494937896729 80
1761839528756 0.5110005736351013 81
1761839528828 0.5077944397926331 82
1761839528897 0.504503607749939 83
1761839528968 0.5015301704406738 84
1761839529041 0.4987346827983856 85
1761839529113 0.4959754943847656 86
1761839529184 0.4933653473854065 87
1761839529253 0.4903610944747925 88
1761839529324 0.4876273274421692 89
1761839529395 0.48477208614349365 90
1761839529466 0.48183873295783997 91
1761839529537 0.47902125120162964 92
1761839529608 0.4760792851448059 93
1761839529680 0.4736059606075287 94
1761839529752 0.471116840839386 95
1761839529823 0.4692728519439697 96
1761839529895 0.46704787015914917 97
1761839529968 0.4652917683124542 98
1761839530040 0.46292150020599365 99
1761839530111 0.46090856194496155 100
1761839530184 0.4591347873210907 101
1761839530256 0.4571206867694855 102
1761839530328 0.4547629952430725 103
1761839530404 0.45272326469421387 104
1761839530478 0.4510796368122101 105
1761839530550 0.4495443105697632 106
1761839530622 0.4474775493144989 107
1761839530693 0.4456286132335663 108
1761839530764 0.44366320967674255 109
1761839530835 0.4419597089290619 110
1761839530908 0.44036969542503357 111
1761839530980 0.4384102523326874 112
1761839531053 0.43669137358665466 113
1761839531125 0.4352317750453949 114
1761839531197 0.43387576937675476 115
1761839531269 0.43252143263816833 116
1761839531341 0.43081921339035034 117
1761839531411 0.4291423261165619 118
1761839531482 0.4276570677757263 119
1761839531552 0.42653268575668335 120
1761839531624 0.4247947931289673 121
1761839531695 0.4235253632068634 122
1761839531767 0.42227017879486084 123
1761839531839 0.4210232198238373 124
1761839531912 0.419526606798172 125
1761839531982 0.4183674156665802 126
1761839532055 0.41703730821609497 127
1761839532128 0.4154956042766571 128
1761839532201 0.414141982793808 129
1761839532273 0.413061261177063 130
1761839532344 0.4118724465370178 131
1761839532416 0.41025519371032715 132
1761839532487 0.40906384587287903 133
1761839532558 0.4078339636325836 134
1761839532630 0.4067588746547699 135
1761839532702 0.40545445680618286 136
1761839532773 0.40413761138916016 137
1761839532844 0.403384804725647 138
1761839532915 0.4024313688278198 139
1761839532987 0.4011543095111847 140
1761839533058 0.4001180827617645 141
1761839533130 0.39927470684051514 142
1761839533204 0.3982098698616028 143
1761839533284 0.3973982036113739 144
1761839533361 0.3965297043323517 145
1761839533440 0.395504355430603 146
1761839533518 0.3946869671344757 147
1761839533597 0.39353182911872864 148
1761839533672 0.3923989534378052 149
1761839533747 0.3914525508880615 150
1761839533820 0.3910575211048126 151
1761839533893 0.3899485170841217 152
1761839533968 0.3892759680747986 153
1761839534041 0.3884336054325104 154
1761839534114 0.38747864961624146 155
1761839534188 0.3863546550273895 156
1761839534261 0.3852413296699524 157
1761839534336 0.3843707740306854 158
1761839534408 0.3833211660385132 159
1761839534479 0.3825129568576813 160
1761839534550 0.38165083527565 161
1761839534622 0.38061290979385376 162
1761839534695 0.3794867992401123 163
1761839534767 0.3789968192577362 164
1761839534837 0.3779461681842804 165
1761839534908 0.3771093189716339 166
1761839534980 0.37646886706352234 167
1761839535051 0.3757559061050415 168
1761839535124 0.37505102157592773 169
1761839535202 0.3743586838245392 170
1761839535278 0.37349534034729004 171
1761839535349 0.372761994600296 172
1761839535421 0.3719703257083893 173
1761839535492 0.37090474367141724 174
1761839535564 0.37010762095451355 175
1761839535636 0.36927375197410583 176
1761839535707 0.368537962436676 177
1761839535779 0.3680075705051422 178
1761839535849 0.3671562373638153 179
1761839535921 0.36638855934143066 180
1761839535991 0.3655690848827362 181
1761839536065 0.36515071988105774 182
1761839536140 0.36447933316230774 183
1761839536213 0.3635942339897156 184
1761839536284 0.3628212809562683 185
1761839536357 0.36224016547203064 186
1761839536429 0.3613903224468231 187
1761839536503 0.36070340871810913 188
1761839536575 0.36012303829193115 189
1761839536647 0.35953691601753235 190
1761839536718 0.35920092463493347 191
1761839536790 0.35873112082481384 192
1761839536862 0.3581010103225708 193
1761839536939 0.35734879970550537 194
1761839537012 0.3566878139972687 195
1761839537087 0.35590627789497375 196
1761839537163 0.35524922609329224 197
1761839537237 0.35473117232322693 198
1761839537310 0.35408827662467957 199
1761839537383 0.3537394404411316 200
1761839537453 0.35315459966659546 201
1761839537526 0.3526885211467743 202
1761839537599 0.35226866602897644 203
1761839537677 0.3515917658805847 204
1761839537754 0.3506537973880768 205
1761839537838 0.35040196776390076 206
1761839537917 0.34982040524482727 207
1761839537991 0.34918367862701416 208
1761839538068 0.34862059354782104 209
1761839538142 0.34807339310646057 210
1761839538215 0.3475279211997986 211
1761839538285 0.3470723032951355 212
1761839538358 0.346355676651001 213
1761839538431 0.3457445204257965 214
1761839538504 0.3452155292034149 215
1761839538580 0.3447345495223999 216
1761839538656 0.34431979060173035 217
1761839538732 0.3441230356693268 218
1761839538804 0.343524307012558 219
1761839538877 0.34303945302963257 220
1761839538950 0.3425295352935791 221
1761839539022 0.3420371115207672 222
1761839539096 0.34155192971229553 223
1761839539170 0.34086593985557556 224
1761839539244 0.3403952419757843 225
1761839539317 0.3400450050830841 226
1761839539389 0.33950096368789673 227
1761839539462 0.33906781673431396 228
1761839539532 0.3384746313095093 229
1761839539605 0.33811652660369873 230
1761839539676 0.3376117944717407 231
1761839539748 0.33709198236465454 232
1761839539819 0.3364720642566681 233
1761839539892 0.3360387980937958 234
1761839539964 0.33579733967781067 235
1761839540037 0.33542993664741516 236
1761839540111 0.3349406123161316 237
1761839540185 0.3344886302947998 238
1761839540261 0.33411356806755066 239
1761839540335 0.33385124802589417 240
1761839540407 0.3333304226398468 241
1761839540484 0.3329293429851532 242
1761839540560 0.3325219452381134 243
1761839540638 0.3323003947734833 244
1761839540711 0.33190760016441345 245
1761839540786 0.3315044641494751 246
1761839540863 0.3310680687427521 247
1761839540939 0.3305875360965729 248
1761839541013 0.3300793468952179 249
1761839541086 0.32967236638069153 250
1761839541160 0.32941529154777527 251
1761839541236 0.32925519347190857 252
1761839541311 0.3289851248264313 253
1761839541385 0.32870838046073914 254
1761839541459 0.32826292514801025 255
1761839541533 0.32788389921188354 256
1761839541604 0.3275642693042755 257
1761839541677 0.32756128907203674 258
1761839541749 0.3272281885147095 259
1761839541821 0.32683202624320984 260
1761839541894 0.32648178935050964 261
1761839541965 0.3260277807712555 262
1761839542038 0.32567882537841797 263
1761839542113 0.32547706365585327 264
1761839542189 0.32521742582321167 265
1761839542263 0.3247637152671814 266
1761839542338 0.3244032561779022 267
1761839542410 0.32406848669052124 268
1761839542483 0.32381612062454224 269
1761839542560 0.3234451711177826 270
1761839542634 0.3231848478317261 271
1761839542707 0.322727233171463 272
1761839542780 0.32245469093322754 273
1761839542852 0.32209864258766174 274
1761839542925 0.3218695819377899 275
1761839543002 0.32184234261512756 276
1761839543078 0.3216983377933502 277
1761839543151 0.3213510513305664 278
