1761839522932 1.6136868000030518 0
1761839523007 1.432445764541626 1
1761839523082 0.36625632643699646 2
1761839523157 1.9953155517578125 3
1761839523230 1.108394980430603 4
1761839523301 0.28137364983558655 5
1761839523373 1.5731103420257568 6
1761839523447 1.0791130065917969 7
1761839523520 1.1557618379592896 8
1761839523594 0.9643502235412598 9
1761839523665 2.128354787826538 10
1761839523735 0.8852331638336182 11
1761839523806 0.35095906257629395 12
1761839523876 0.7767856121063232 13
1761839523946 2.7252867221832275 14
1761839524017 1.1903092861175537 15
1761839524088 1.0554156303405762 16
1761839524158 1.9003560543060303 17
1761839524229 0.6305208206176758 18
1761839524307 2.6468019485473633 19
1761839524379 1.1218973398208618 20
1761839524449 1.3016397953033447 21
1761839524523 0.5247387886047363 22
1761839524599 0.847216784954071 23
1761839524673 1.665642499923706 24
1761839524744 0.4125194847583771 25
1761839524816 1.6075466871261597 26
1761839524886 0.3636264204978943 27
1761839524956 1.1246920824050903 28
1761839525028 1.2404321432113647 29
1761839525100 1.0061290264129639 30
1761839525171 0.32678043842315674 31
1761839525242 0.35121041536331177 32
1761839525313 1.3509273529052734 33
1761839525384 0.5608498454093933 34
1761839525454 0.10093482583761215 35
1761839525525 1.0283066034317017 36
1761839525594 0.9933313131332397 37
1761839525664 0.32734793424606323 38
1761839525736 1.2750592231750488 39
1761839525819 0.2464229166507721 40
1761839525893 0.1572020798921585 41
1761839525967 0.8792678713798523 42
1761839526038 0.45380643010139465 43
1761839526111 1.3712706565856934 44
1761839526181 0.8303647041320801 45
1761839526252 0.9816440343856812 46
1761839526324 0.3829553425312042 47
1761839526397 0.18572327494621277 48
1761839526469 0.7684081792831421 49
1761839526541 0.9408183097839355 50
1761839526613 0.41207414865493774 51
1761839526684 0.5038732290267944 52
1761839526755 0.9176055788993835 53
1761839526824 0.45448413491249084 54
1761839526894 0.2256062775850296 55
1761839526972 0.52348792552948 56
1761839527046 0.7801699638366699 57
1761839527119 0.6362355947494507 58
1761839527191 0.08557181805372238 59
1761839527262 0.043964531272649765 60
1761839527333 0.1392710953950882 61
1761839527404 0.45429685711860657 62
1761839527476 0.7188776135444641 63
1761839527548 0.17819038033485413 64
1761839527618 0.4265977144241333 65
1761839527689 0.41153401136398315 66
1761839527761 0.1439993977546692 67
1761839527833 0.4213273525238037 68
1761839527904 1.268736481666565 69
1761839527975 0.7144668102264404 70
1761839528046 1.6272348165512085 71
1761839528117 0.29875388741493225 72
1761839528188 0.40436121821403503 73
1761839528258 0.49204957485198975 74
1761839528331 0.5061469078063965 75
1761839528402 0.44656890630722046 76
1761839528473 0.17574526369571686 77
1761839528544 0.17614249885082245 78
1761839528614 0.6208235025405884 79
1761839528685 0.4434783458709717 80
1761839528756 0.26157015562057495 81
1761839528828 1.3147351741790771 82
1761839528897 0.6820318102836609 83
1761839528968 0.27159222960472107 84
1761839529041 1.1385384798049927 85
1761839529113 0.4992179870605469 86
1761839529184 0.2132101058959961 87
1761839529253 0.014127583242952824 88
1761839529324 0.6186414361000061 89
1761839529395 1.5453553199768066 90
1761839529466 0.2643517851829529 91
1761839529537 0.1926075518131256 92
1761839529608 0.11780914664268494 93
1761839529680 1.1356253623962402 94
1761839529752 0.11811285465955734 95
1761839529823 1.2065520286560059 96
1761839529895 1.1797431707382202 97
1761839529968 0.20471352338790894 98
1761839530040 0.11464308947324753 99
1761839530111 0.5410348773002625 100
1761839530184 0.9524484276771545 101
1761839530256 0.7620536684989929 102
1761839530328 0.11572711914777756 103
1761839530404 1.1207313537597656 104
1761839530478 0.08752299845218658 105
1761839530550 1.2377969026565552 106
1761839530622 0.2935110330581665 107
1761839530693 0.20608964562416077 108
1761839530764 0.4682268500328064 109
1761839530835 1.0794614553451538 110
1761839530908 0.42797496914863586 111
1761839530980 0.6554374694824219 112
1761839531053 0.061488185077905655 113
1761839531125 0.046076614409685135 114
1761839531197 1.0398083925247192 115
1761839531269 0.15758109092712402 116
1761839531341 0.5999540090560913 117
1761839531411 0.7105143070220947 118
1761839531482 0.2977512776851654 119
1761839531552 2.117297649383545 120
1761839531624 0.2743333578109741 121
1761839531695 0.6348472237586975 122
1761839531767 0.16520391404628754 123
1761839531839 0.2374144345521927 124
1761839531912 0.43600231409072876 125
1761839531982 1.4555630683898926 126
1761839532055 0.5621506571769714 127
1761839532128 0.12242453545331955 128
1761839532201 0.5660743117332458 129
1761839532273 0.500130295753479 130
1761839532344 0.46516498923301697 131
1761839532416 0.036108046770095825 132
1761839532487 0.35101354122161865 133
1761839532558 0.5158974528312683 134
1761839532630 0.3777898848056793 135
1761839532702 0.0867113247513771 136
1761839532773 0.06926000863313675 137
1761839532844 1.214354157447815 138
1761839532915 0.6143354177474976 139
1761839532987 0.7988840341567993 140
1761839533058 0.8976942896842957 141
1761839533130 0.36855342984199524 142
1761839533204 0.8026367425918579 143
1761839533284 0.26733580231666565 144
1761839533361 0.050639472901821136 145
1761839533440 0.48569631576538086 146
1761839533518 1.676459789276123 147
1761839533597 1.4583556652069092 148
1761839533672 0.11609002947807312 149
1761839533747 0.9695064425468445 150
1761839533820 0.8841554522514343 151
1761839533893 0.5836353898048401 152
1761839533968 1.275528907775879 153
1761839534041 1.4965420961380005 154
1761839534114 0.04670127108693123 155
1761839534188 0.503210723400116 156
1761839534261 0.18382008373737335 157
1761839534336 0.11161937564611435 158
1761839534408 0.03554839268326759 159
1761839534479 0.3886518180370331 160
1761839534550 1.1235237121582031 161
1761839534622 0.12521854043006897 162
1761839534695 0.25822538137435913 163
1761839534767 0.19130690395832062 164
1761839534837 0.8622215986251831 165
1761839534908 0.42079856991767883 166
1761839534980 1.5890368223190308 167
1761839535051 0.6066157221794128 168
1761839535124 0.18954095244407654 169
1761839535202 0.6275641918182373 170
1761839535278 0.17910054326057434 171
1761839535349 0.02559327892959118 172
1761839535421 1.1907132863998413 173
1761839535492 0.07065687328577042 174
1761839535564 0.575835108757019 175
1761839535636 0.16555297374725342 176
1761839535707 0.4680599868297577 177
1761839535779 0.10353592783212662 178
1761839535849 0.2751913070678711 179
1761839535921 0.30414441227912903 180
1761839535991 0.19766443967819214 181
1761839536065 0.33202633261680603 182
1761839536140 0.9596692323684692 183
1761839536213 0.10118038207292557 184
1761839536284 0.08247744292020798 185
1761839536357 0.18943753838539124 186
1761839536429 0.5154152512550354 187
1761839536503 0.06057659164071083 188
1761839536575 0.2660588324069977 189
1761839536647 0.04130220413208008 190
1761839536718 0.9655801653862 191
1761839536790 0.2485531121492386 192
1761839536862 0.6478936076164246 193
1761839536939 0.4617258906364441 194
1761839537012 0.32896688580513 195
1761839537087 0.1878305971622467 196
1761839537163 1.0811936855316162 197
1761839537237 0.35327982902526855 198
1761839537310 0.0923272967338562 199
1761839537383 0.962766706943512 200
1761839537453 0.5688995122909546 201
1761839537526 0.4424517750740051 202
1761839537599 0.5212986469268799 203
1761839537677 0.140751451253891 204
1761839537754 0.17778293788433075 205
1761839537838 0.6631661653518677 206
1761839537917 0.47401219606399536 207
1761839537991 0.7164530158042908 208
1761839538068 0.45791763067245483 209
1761839538142 0.6462101936340332 210
1761839538215 0.07639755308628082 211
1761839538285 0.220572367310524 212
1761839538358 0.5064252018928528 213
1761839538431 1.644300103187561 214
1761839538504 0.4338087737560272 215
1761839538580 0.5828132033348083 216
1761839538656 0.5069682598114014 217
1761839538732 1.3502413034439087 218
1761839538804 0.18844424188137054 219
1761839538877 0.49760204553604126 220
1761839538950 0.660619854927063 221
1761839539022 0.7771419882774353 222
1761839539096 0.7418853640556335 223
1761839539170 0.09744998812675476 224
1761839539244 0.8338097929954529 225
1761839539317 0.25353094935417175 226
1761839539389 0.8047507405281067 227
1761839539462 0.5608775615692139 228
1761839539532 0.639136791229248 229
1761839539605 0.23076772689819336 230
1761839539676 0.1769958883523941 231
1761839539748 0.052234768867492676 232
1761839539819 0.41762152314186096 233
1761839539892 0.10267248749732971 234
1761839539964 0.6954221129417419 235
1761839540037 0.15033097565174103 236
1761839540111 0.06338465213775635 237
1761839540185 0.27046915888786316 238
1761839540261 0.6634752750396729 239
1761839540335 0.23015530407428741 240
1761839540407 0.09764911979436874 241
1761839540484 0.16227219998836517 242
1761839540560 0.21681563556194305 243
1761839540638 0.21186566352844238 244
1761839540711 0.14988355338573456 245
1761839540786 0.05916086211800575 246
1761839540863 0.05608305335044861 247
1761839540939 0.23255570232868195 248
1761839541013 0.36583411693573 249
1761839541086 0.11545851826667786 250
1761839541160 1.3049471378326416 251
1761839541236 1.6851487159729004 252
1761839541311 0.4295017421245575 253
1761839541385 0.545884907245636 254
1761839541459 0.13107088208198547 255
1761839541533 0.6134910583496094 256
1761839541604 0.571525514125824 257
1761839541677 0.5190810561180115 258
1761839541749 0.1386660635471344 259
1761839541821 0.24960167706012726 260
1761839541894 0.7831994295120239 261
1761839541965 0.4108998775482178 262
1761839542038 0.39024993777275085 263
1761839542113 0.7212098240852356 264
1761839542189 0.1139814704656601 265
1761839542263 0.38907545804977417 266
1761839542338 0.10841790586709976 267
1761839542410 0.8736563324928284 268
1761839542483 0.33205413818359375 269
1761839542560 0.066722571849823 270
1761839542634 0.6766137480735779 271
1761839542707 0.1775003969669342 272
1761839542780 0.310709148645401 273
1761839542852 0.679497241973877 274
1761839542925 0.7033635377883911 275
1761839543002 0.10138832032680511 276
1761839543078 0.43557438254356384 277
1761839543151 0.0685218870639801 278
