1762792248801 1.7496834993362427 0
1762792248896 1.5344353914260864 1
1762792248992 1.4036530256271362 2
1762792249086 1.3185052871704102 3
1762792249179 1.2552895545959473 4
1762792249271 1.211176872253418 5
1762792249363 1.1612052917480469 6
1762792249453 1.123491644859314 7
1762792249544 1.082595944404602 8
1762792249635 1.0466850996017456 9
1762792249724 1.011415719985962 10
1762792249816 0.9928385615348816 11
1762792249907 0.9635624885559082 12
1762792249999 0.9444475173950195 13
1762792250091 0.9262018799781799 14
1762792250182 0.9077412486076355 15
1762792250272 0.895563006401062 16
1762792250362 0.8771540522575378 17
1762792250453 0.8606526255607605 18
1762792250544 0.845686674118042 19
1762792250635 0.8286262154579163 20
1762792250727 0.8148592710494995 21
1762792250819 0.7981218099594116 22
1762792250910 0.7842792272567749 23
1762792251002 0.7729778289794922 24
1762792251093 0.7618387341499329 25
1762792251185 0.7520008683204651 26
1762792251276 0.7429326772689819 27
