1762792248801 1.5398484468460083 0
1762792248896 1.501198410987854 1
1762792248992 0.8937880396842957 2
1762792249086 1.2217878103256226 3
1762792249179 0.7914157509803772 4
1762792249271 0.9486084580421448 5
1762792249363 0.7862183451652527 6
1762792249453 1.150240421295166 7
1762792249544 0.9210875630378723 8
1762792249635 0.5573330521583557 9
1762792249724 0.8448318243026733 10
1762792249816 0.844301164150238 11
1762792249907 0.9516516923904419 12
1762792249999 0.9593536853790283 13
1762792250091 0.46282723546028137 14
1762792250182 1.2294538021087646 15
1762792250272 0.5281782746315002 16
1762792250362 0.7117012739181519 17
1762792250453 0.5426627993583679 18
1762792250544 0.47901102900505066 19
1762792250635 0.6786929368972778 20
1762792250727 0.7723054885864258 21
1762792250819 0.624439537525177 22
1762792250910 0.44491082429885864 23
1762792251002 0.30318573117256165 24
1762792251093 1.2969931364059448 25
1762792251185 0.6813096404075623 26
1762792251276 0.7475317716598511 27
