1761838098439 1.5641368627548218 0
1761838098488 1.3694696426391602 1
1761838098541 1.2817270755767822 2
1761838098593 1.1737960577011108 3
1761838098647 1.0952683687210083 4
1761838098699 1.0337716341018677 5
1761838098751 0.9725790619850159 6
1761838098803 0.9356884360313416 7
1761838098859 0.9061769843101501 8
1761838098914 0.8660210967063904 9
1761838098968 0.8347262740135193 10
1761838099019 0.8081262111663818 11
1761838099069 0.7817017436027527 12
1761838099117 0.7575961351394653 13
1761838099166 0.7369258403778076 14
1761838099215 0.7187597155570984 15
1761838099264 0.699819028377533 16
1761838099311 0.6785882711410522 17
1761838099359 0.6614856719970703 18
1761838099406 0.6474840641021729 19
1761838099455 0.6345908045768738 20
1761838099503 0.6214125752449036 21
1761838099551 0.611068069934845 22
1761838099600 0.5989781022071838 23
1761838099649 0.5912682414054871 24
1761838099704 0.582053542137146 25
1761838099755 0.5718991160392761 26
1761838099803 0.5631681084632874 27
1761838099852 0.5557123422622681 28
1761838099900 0.5479124784469604 29
1761838099948 0.5384860634803772 30
1761838099996 0.5304765701293945 31
1761838100044 0.5204841494560242 32
1761838100093 0.5100898742675781 33
1761838100141 0.4999605417251587 34
1761838100190 0.4908336102962494 35
1761838100241 0.4808838367462158 36
1761838100294 0.47187310457229614 37
