1761838098439 1.1180121898651123 0
1761838098488 1.378373384475708 1
1761838098541 2.5523905754089355 2
1761838098593 0.4015892744064331 3
1761838098647 0.9611649513244629 4
1761838098699 1.4878449440002441 5
1761838098751 1.2813678979873657 6
1761838098803 1.1361243724822998 7
1761838098859 0.7214568257331848 8
1761838098914 0.655720055103302 9
1761838098968 1.0020573139190674 10
1761838099019 0.8449841737747192 11
1761838099069 2.3626549243927 12
1761838099117 0.7567194104194641 13
1761838099166 0.6329889297485352 14
1761838099215 0.06334655731916428 15
1761838099264 0.5999131798744202 16
1761838099311 0.5542837381362915 17
1761838099359 0.555870532989502 18
1761838099406 1.308095097541809 19
1761838099455 0.8332359194755554 20
1761838099503 1.028389811515808 21
1761838099551 0.26250404119491577 22
1761838099600 0.8131091594696045 23
1761838099649 1.2336450815200806 24
1761838099704 2.443549633026123 25
1761838099755 0.101511150598526 26
1761838099803 1.1107184886932373 27
1761838099852 0.35911715030670166 28
1761838099900 0.5432273149490356 29
1761838099948 0.161902517080307 30
1761838099996 0.1758105754852295 31
1761838100044 0.07172005623579025 32
1761838100093 0.3687379062175751 33
1761838100141 0.2974884510040283 34
1761838100190 1.121225357055664 35
1761838100241 0.159452885389328 36
1761838100294 0.11922463029623032 37
