1762798871121 1.7147588729858398 0
1762798871218 1.5326988697052002 1
1762798871312 1.415833592414856 2
1762798871403 1.3389713764190674 3
1762798871496 1.2708449363708496 4
1762798871588 1.206159234046936 5
1762798871681 1.1458954811096191 6
1762798871774 1.1144938468933105 7
1762798871865 1.0814265012741089 8
1762798871958 1.0478593111038208 9
1762798872049 1.0162373781204224 10
1762798872140 0.9945042133331299 11
1762798872232 0.9745670557022095 12
1762798872323 0.9500065445899963 13
1762798872412 0.9283904433250427 14
1762798872500 0.9099290370941162 15
1762798872592 0.8916811943054199 16
1762798872684 0.8737730383872986 17
1762798872780 0.8611012101173401 18
1762798872872 0.845974326133728 19
1762798872964 0.8343095183372498 20
1762798873053 0.8214946985244751 21
1762798873145 0.807981550693512 22
1762798873236 0.7952895760536194 23
1762798873325 0.7844329476356506 24
