1762798871121 1.3037828207015991 0
1762798871218 1.7541598081588745 1
1762798871312 0.9544426798820496 2
1762798871403 1.1369131803512573 3
1762798871496 1.1054078340530396 4
1762798871588 0.9094550013542175 5
1762798871681 1.4388182163238525 6
1762798871774 0.9373795390129089 7
1762798871865 0.6907603740692139 8
1762798871958 0.7212701439857483 9
1762798872049 0.8303239345550537 10
1762798872140 0.8004441857337952 11
1762798872232 0.4889470934867859 12
1762798872323 1.1160439252853394 13
1762798872412 0.6372182965278625 14
1762798872500 0.865548849105835 15
1762798872592 0.7023441791534424 16
1762798872684 0.6929837465286255 17
1762798872780 1.0538884401321411 18
1762798872872 0.29221487045288086 19
1762798872964 0.5462366342544556 20
1762798873053 0.19529524445533752 21
1762798873145 0.46126261353492737 22
1762798873236 0.3918323814868927 23
1762798873325 0.4187315106391907 24
