1762792656462 1.710035800933838 0
1762792656553 1.5495400428771973 1
1762792656646 1.4490551948547363 2
1762792656743 1.3777145147323608 3
1762792656835 1.3141051530838013 4
1762792656930 1.2545357942581177 5
1762792657024 1.2116042375564575 6
1762792657116 1.1695375442504883 7
1762792657206 1.1281459331512451 8
1762792657297 1.0918028354644775 9
1762792657395 1.0761164426803589 10
1762792657491 1.0457593202590942 11
1762792657585 1.0231181383132935 12
1762792657678 1.0019454956054688 13
1762792657768 0.9792874455451965 14
1762792657859 0.9587375521659851 15
