1762792656462 1.8156652450561523 0
1762792656553 1.6986308097839355 1
1762792656646 0.8189002275466919 2
1762792656743 0.8342469930648804 3
1762792656835 0.8738197684288025 4
1762792656930 0.79302579164505 5
1762792657024 1.012118935585022 6
1762792657116 1.2473742961883545 7
1762792657206 0.48102906346321106 8
1762792657297 0.8462579250335693 9
1762792657395 0.8454489707946777 10
1762792657491 0.7811568379402161 11
1762792657585 0.21618394553661346 12
1762792657678 0.8211047649383545 13
1762792657768 0.8040515780448914 14
1762792657859 0.4366380572319031 15
