1763905145431 1.7093490362167358 0
1763905145528 1.4868805408477783 1
1763905145624 1.3678443431854248 2
1763905145719 1.2808767557144165 3
1763905145812 1.2202882766723633 4
1763905145907 1.1748594045639038 5
1763905146000 1.1396428346633911 6
1763905146095 1.1014416217803955 7
1763905146189 1.0651522874832153 8
1763905146283 1.0402722358703613 9
1763905146377 1.0086729526519775 10
1763905146470 0.9819493889808655 11
1763905146564 0.9600992798805237 12
1763905146662 0.9370421767234802 13
1763905146772 0.9146469831466675 14
1763905146867 0.8947931528091431 15
1763905146962 0.87884521484375 16
1763905147054 0.863903284072876 17
1763905147146 0.8482345342636108 18
1763905147237 0.8361168503761292 19
1763905147341 0.8224309682846069 20
1763905147434 0.8121249675750732 21
1763905147527 0.7984302639961243 22
