1763905145431 1.2750420570373535 0
1763905145528 1.290016531944275 1
1763905145624 0.7729597687721252 2
1763905145719 0.7138693332672119 3
1763905145812 0.6717484593391418 4
1763905145907 0.7206063866615295 5
1763905146000 0.9184658527374268 6
1763905146095 0.6540495753288269 7
1763905146189 0.6136255860328674 8
1763905146283 0.5795650482177734 9
1763905146377 0.37738364934921265 10
1763905146470 0.7782009243965149 11
1763905146564 0.5082030892372131 12
1763905146662 0.7662936449050903 13
1763905146772 0.3882253170013428 14
1763905146867 0.313222736120224 15
1763905146962 0.20838697254657745 16
1763905147054 0.30723774433135986 17
1763905147146 0.5669676065444946 18
1763905147237 0.7331371307373047 19
1763905147341 0.9107489585876465 20
1763905147434 0.6829252243041992 21
1763905147527 0.4791873097419739 22
