1761839816260 1.6860017776489258 0
1761839816317 1.4230743646621704 1
1761839816372 1.2593950033187866 2
1761839816427 1.1648143529891968 3
1761839816481 1.0978882312774658 4
1761839816539 1.0332162380218506 5
1761839816594 0.9765839576721191 6
1761839816646 0.9328721761703491 7
1761839816697 0.8936344385147095 8
1761839816747 0.8607979416847229 9
1761839816797 0.8228016495704651 10
1761839816849 0.7961660623550415 11
1761839816901 0.7742274403572083 12
1761839816953 0.7508814334869385 13
1761839817004 0.7277382016181946 14
1761839817055 0.7058541774749756 15
1761839817108 0.6873266100883484 16
1761839817160 0.6748677492141724 17
1761839817212 0.6582747101783752 18
1761839817265 0.6458004117012024 19
1761839817319 0.6331910490989685 20
1761839817370 0.6195648908615112 21
1761839817420 0.6064732670783997 22
1761839817472 0.5934900641441345 23
