1761839816260 1.6732752323150635 0
1761839816317 1.0924873352050781 1
1761839816372 1.6456953287124634 2
1761839816427 0.9903718829154968 3
1761839816481 2.079639196395874 4
1761839816539 0.16514931619167328 5
1761839816594 0.7375071048736572 6
1761839816646 1.2951911687850952 7
1761839816697 0.8853585124015808 8
1761839816747 1.204040765762329 9
1761839816797 0.22587083280086517 10
1761839816849 1.1147279739379883 11
1761839816901 0.5662219524383545 12
1761839816953 1.157915711402893 13
1761839817004 0.41831058263778687 14
1761839817055 0.32885268330574036 15
1761839817108 0.8965824842453003 16
1761839817160 1.6713647842407227 17
1761839817212 0.8180747032165527 18
1761839817265 2.4219672679901123 19
1761839817319 0.1717444658279419 20
1761839817370 0.5167190432548523 21
1761839817420 0.48565617203712463 22
1761839817472 0.6972048282623291 23
