1761840273132 1.810603141784668 0
1761840273205 1.609900951385498 1
1761840273278 1.5134038925170898 2
1761840273358 1.4359712600708008 3
1761840273432 1.3673831224441528 4
1761840273504 1.2929482460021973 5
1761840273581 1.2411786317825317 6
1761840273654 1.190342903137207 7
1761840273723 1.1552484035491943 8
1761840273794 1.1280760765075684 9
1761840273865 1.098591685295105 10
1761840273936 1.0726397037506104 11
1761840274006 1.0497170686721802 12
1761840274076 1.0289703607559204 13
1761840274148 1.0086569786071777 14
1761840274218 0.9846471548080444 15
1761840274288 0.9635883569717407 16
1761840274357 0.9467543363571167 17
1761840274429 0.9282198548316956 18
1761840274499 0.9145051836967468 19
1761840274570 0.8984811902046204 20
1761840274639 0.8859958648681641 21
1761840274710 0.869897186756134 22
1761840274781 0.8530011773109436 23
1761840274852 0.8399766087532043 24
1761840274922 0.8253924250602722 25
1761840274992 0.8105461001396179 26
1761840275062 0.797315776348114 27
1761840275134 0.7831519246101379 28
1761840275202 0.7712084054946899 29
1761840275273 0.7575986981391907 30
1761840275343 0.7449126243591309 31
1761840275413 0.7357176542282104 32
1761840275483 0.7245829105377197 33
1761840275554 0.7133646607398987 34
1761840275625 0.7031981945037842 35
1761840275695 0.6955298185348511 36
1761840275766 0.6868071556091309 37
1761840275838 0.6787379384040833 38
1761840275909 0.6698378920555115 39
1761840275979 0.6630035638809204 40
1761840276057 0.6564793586730957 41
1761840276131 0.649326503276825 42
1761840276203 0.642909586429596 43
1761840276275 0.6379389762878418 44
1761840276347 0.6334993243217468 45
1761840276418 0.628030002117157 46
1761840276488 0.6224222779273987 47
1761840276559 0.6172303557395935 48
1761840276628 0.6126764416694641 49
1761840276699 0.6078062653541565 50
1761840276769 0.6042346358299255 51
1761840276840 0.6001154184341431 52
1761840276911 0.5960143804550171 53
1761840276982 0.5916472673416138 54
1761840277053 0.5884127616882324 55
1761840277124 0.5839908123016357 56
1761840277195 0.5805659294128418 57
1761840277265 0.5765320658683777 58
1761840277336 0.5734692215919495 59
1761840277407 0.5702924132347107 60
1761840277478 0.5676121711730957 61
1761840277548 0.5643441081047058 62
1761840277618 0.5610917210578918 63
1761840277689 0.5582591891288757 64
1761840277759 0.5550378561019897 65
1761840277830 0.5520105957984924 66
1761840277898 0.5495188236236572 67
1761840277969 0.5469874739646912 68
1761840278039 0.5442668199539185 69
1761840278111 0.5422919392585754 70
1761840278179 0.5395247340202332 71
1761840278252 0.5368812084197998 72
1761840278324 0.5349738001823425 73
1761840278394 0.532468855381012 74
1761840278466 0.5307259559631348 75
1761840278543 0.5283897519111633 76
1761840278617 0.5258644223213196 77
1761840278688 0.5241550207138062 78
1761840278760 0.5222726464271545 79
1761840278830 0.5212201476097107 80
1761840278901 0.5195832252502441 81
1761840278969 0.5180181264877319 82
1761840279041 0.5165421962738037 83
1761840279114 0.5146734714508057 84
1761840279188 0.5131992697715759 85
1761840279260 0.5120320320129395 86
1761840279335 0.5106987357139587 87
1761840279412 0.5089901685714722 88
1761840279485 0.5074243545532227 89
1761840279558 0.5056240558624268 90
1761840279630 0.503993034362793 91
1761840279704 0.5026850700378418 92
1761840279777 0.5015724897384644 93
1761840279850 0.5003457069396973 94
1761840279924 0.49888744950294495 95
1761840279998 0.4975805878639221 96
1761840280069 0.49621784687042236 97
1761840280141 0.4947655200958252 98
1761840280211 0.49319812655448914 99
1761840280280 0.4920141100883484 100
1761840280351 0.4905151128768921 101
1761840280423 0.48947831988334656 102
1761840280495 0.4885595142841339 103
1761840280568 0.48761287331581116 104
1761840280640 0.4866984188556671 105
1761840280712 0.48503541946411133 106
1761840280785 0.48404964804649353 107
1761840280858 0.48289135098457336 108
1761840280929 0.48221060633659363 109
1761840281000 0.48138177394866943 110
1761840281071 0.48010382056236267 111
1761840281143 0.4796859622001648 112
1761840281214 0.4787624776363373 113
1761840281286 0.4774226248264313 114
1761840281358 0.47655031085014343 115
1761840281428 0.4753018617630005 116
1761840281499 0.4749011993408203 117
1761840281572 0.4740626811981201 118
1761840281643 0.47344499826431274 119
1761840281714 0.47246456146240234 120
1761840281786 0.47131216526031494 121
1761840281856 0.47036778926849365 122
1761840281926 0.46943992376327515 123
1761840281998 0.46859607100486755 124
1761840282068 0.46776527166366577 125
1761840282141 0.4673086404800415 126
1761840282211 0.46667802333831787 127
1761840282283 0.4658939242362976 128
1761840282355 0.46539202332496643 129
1761840282426 0.46496832370758057 130
1761840282497 0.4640845060348511 131
1761840282568 0.4633907377719879 132
1761840282640 0.4630109667778015 133
1761840282711 0.46229836344718933 134
1761840282783 0.46120285987854004 135
1761840282854 0.46071746945381165 136
1761840282925 0.46016791462898254 137
1761840282998 0.4597713053226471 138
1761840283068 0.45906439423561096 139
1761840283139 0.4583697021007538 140
1761840283210 0.45799216628074646 141
1761840283283 0.4575435221195221 142
1761840283356 0.45700207352638245 143
1761840283426 0.45652878284454346 144
1761840283497 0.45610511302948 145
1761840283568 0.45532965660095215 146
1761840283640 0.4546474516391754 147
1761840283711 0.45413562655448914 148
1761840283783 0.45395252108573914 149
1761840283854 0.45365628600120544 150
1761840283927 0.45324406027793884 151
1761840283998 0.4524417221546173 152
1761840284069 0.45196855068206787 153
1761840284142 0.45138782262802124 154
1761840284215 0.4504741430282593 155
1761840284287 0.4497425854206085 156
1761840284358 0.4492422938346863 157
1761840284430 0.44885626435279846 158
1761840284502 0.4484597444534302 159
1761840284575 0.44811415672302246 160
1761840284647 0.44783079624176025 161
1761840284718 0.44759899377822876 162
1761840284788 0.4471132755279541 163
1761840284862 0.44666215777397156 164
1761840284935 0.4462209939956665 165
1761840285008 0.4457915425300598 166
1761840285081 0.4451585114002228 167
1761840285154 0.4447651505470276 168
1761840285227 0.444308340549469 169
1761840285300 0.4438433051109314 170
1761840285372 0.4433290958404541 171
1761840285444 0.44316592812538147 172
1761840285516 0.4427615702152252 173
1761840285587 0.44235050678253174 174
1761840285660 0.44185394048690796 175
1761840285733 0.44166576862335205 176
1761840285804 0.44149050116539 177
1761840285878 0.44102945923805237 178
1761840285948 0.44063931703567505 179
1761840286021 0.44013330340385437 180
1761840286093 0.43982791900634766 181
1761840286165 0.43970003724098206 182
1761840286238 0.4392244517803192 183
1761840286312 0.4386950135231018 184
1761840286383 0.43824949860572815 185
1761840286474 0.437970906496048 186
1761840286555 0.4375523328781128 187
1761840286635 0.43720245361328125 188
1761840286712 0.4367216229438782 189
1761840286786 0.43612685799598694 190
1761840286859 0.4357092082500458 191
1761840286932 0.43521469831466675 192
1761840287004 0.43505915999412537 193
1761840287075 0.4347829818725586 194
1761840287152 0.43481701612472534 195
1761840287226 0.4345150887966156 196
1761840287301 0.43436098098754883 197
1761840287375 0.4341201186180115 198
1761840287447 0.43391966819763184 199
1761840287519 0.43372640013694763 200
1761840287589 0.4335748553276062 201
1761840287660 0.43362799286842346 202
1761840287734 0.4331061840057373 203
1761840287817 0.4327823519706726 204
1761840287899 0.4325266182422638 205
1761840287977 0.43206435441970825 206
1761840288053 0.43182462453842163 207
1761840288127 0.4318401515483856 208
1761840288199 0.431557834148407 209
1761840288275 0.43154123425483704 210
1761840288347 0.4311925172805786 211
1761840288420 0.43070682883262634 212
1761840288496 0.43053770065307617 213
1761840288571 0.43008527159690857 214
1761840288643 0.42989519238471985 215
1761840288715 0.4295218884944916 216
1761840288788 0.42906323075294495 217
1761840288860 0.42875978350639343 218
1761840288942 0.428599089384079 219
1761840289024 0.4284026026725769 220
1761840289102 0.4281103312969208 221
1761840289180 0.42772355675697327 222
1761840289254 0.4275539517402649 223
1761840289328 0.4270993173122406 224
1761840289399 0.42683395743370056 225
1761840289470 0.4263090491294861 226
1761840289543 0.4261002242565155 227
1761840289616 0.42603033781051636 228
1761840289694 0.4259055554866791 229
1761840289771 0.42558807134628296 230
1761840289847 0.4253055453300476 231
1761840289922 0.42502540349960327 232
1761840289995 0.42464905977249146 233
1761840290069 0.424492210149765 234
1761840290143 0.42433056235313416 235
1761840290216 0.4240944981575012 236
1761840290289 0.4238484799861908 237
1761840290360 0.423786997795105 238
1761840290432 0.42359647154808044 239
1761840290510 0.4235115647315979 240
1761840290590 0.42328256368637085 241
1761840290671 0.42330947518348694 242
1761840290747 0.4229429364204407 243
1761840290819 0.42267653346061707 244
1761840290892 0.4225587546825409 245
1761840290964 0.42238372564315796 246
1761840291036 0.4220178723335266 247
1761840291109 0.42182645201683044 248
1761840291183 0.42175498604774475 249
1761840291253 0.4214860796928406 250
1761840291326 0.42122384905815125 251
1761840291400 0.42105987668037415 252
1761840291471 0.4208419919013977 253
1761840291544 0.4206859767436981 254
1761840291616 0.42050138115882874 255
1761840291688 0.4203149676322937 256
1761840291760 0.41999751329421997 257
1761840291832 0.41962242126464844 258
1761840291905 0.419382244348526 259
1761840291977 0.4192099869251251 260
1761840292050 0.41893619298934937 261
1761840292122 0.418727844953537 262
1761840292194 0.4185839295387268 263
1761840292267 0.41827744245529175 264
1761840292340 0.41808661818504333 265
1761840292412 0.41793859004974365 266
1761840292489 0.41774076223373413 267
1761840292572 0.41751551628112793 268
1761840292651 0.4173043966293335 269
1761840292736 0.4170912802219391 270
1761840292815 0.416843056678772 271
1761840292894 0.41696563363075256 272
1761840292971 0.41677096486091614 273
1761840293048 0.416598379611969 274
1761840293125 0.41627559065818787 275
1761840293203 0.4162573218345642 276
1761840293283 0.4162904620170593 277
1761840293361 0.4160950183868408 278
1761840293436 0.4160148799419403 279
1761840293512 0.4158194661140442 280
1761840293586 0.41571611166000366 281
1761840293659 0.41568607091903687 282
1761840293733 0.4155164062976837 283
1761840293805 0.4153538644313812 284
1761840293878 0.41537755727767944 285
1761840293959 0.41526517271995544 286
1761840294041 0.4152378737926483 287
1761840294121 0.415035605430603 288
1761840294202 0.4149493873119354 289
1761840294279 0.4149135649204254 290
1761840294352 0.41480931639671326 291
1761840294427 0.41464683413505554 292
1761840294502 0.41448521614074707 293
1761840294595 0.4142712354660034 294
1761840294693 0.4140316843986511 295
1761840294771 0.41386979818344116 296
1761840294849 0.41371703147888184 297
1761840294937 0.41365766525268555 298
1761840295022 0.4135684072971344 299
1761840295104 0.4133419096469879 300
1761840295182 0.41334259510040283 301
1761840295287 0.41320061683654785 302
1761840295368 0.41313689947128296 303
1761840295443 0.41315823793411255 304
1761840295522 0.4130508303642273 305
1761840295600 0.4129296839237213 306
1761840295676 0.4129909574985504 307
1761840295751 0.4128764271736145 308
1761840295826 0.4126923382282257 309
1761840295901 0.4125373661518097 310
1761840295978 0.41253918409347534 311
1761840296066 0.41230183839797974 312
1761840296168 0.41214996576309204 313
1761840296246 0.41216734051704407 314
1761840296326 0.41204848885536194 315
1761840296403 0.4120959937572479 316
1761840296479 0.41194573044776917 317
1761840296554 0.4120536744594574 318
1761840296626 0.4118422567844391 319
1761840296702 0.41190609335899353 320
1761840296788 0.4117790758609772 321
1761840296872 0.4117029905319214 322
1761840296950 0.4117855131626129 323
1761840297028 0.41164037585258484 324
1761840297104 0.41153767704963684 325
1761840297180 0.4115438461303711 326
1761840297257 0.41145631670951843 327
1761840297329 0.4114110469818115 328
1761840297402 0.41132381558418274 329
1761840297476 0.41139841079711914 330
1761840297550 0.41131070256233215 331
1761840297621 0.41115376353263855 332
1761840297696 0.41098520159721375 333
1761840297771 0.41109344363212585 334
1761840297845 0.4109170734882355 335
1761840297919 0.4109828770160675 336
1761840297992 0.41095224022865295 337
1761840298065 0.41097399592399597 338
1761840298139 0.41088980436325073 339
1761840298213 0.4107430577278137 340
1761840298287 0.41071921586990356 341
1761840298359 0.4107239246368408 342
1761840298430 0.4107186496257782 343
1761840298503 0.410620778799057 344
1761840298587 0.4104655981063843 345
1761840298671 0.4104815125465393 346
1761840298751 0.410328209400177 347
1761840298825 0.4103160500526428 348
1761840298899 0.4101289212703705 349
1761840298972 0.41017279028892517 350
1761840299048 0.4100213050842285 351
1761840299122 0.4100097715854645 352
1761840299195 0.4099681079387665 353
1761840299274 0.40987667441368103 354
1761840299353 0.4098348021507263 355
1761840299431 0.4096522629261017 356
1761840299507 0.4094972014427185 357
1761840299584 0.40942201018333435 358
1761840299663 0.4093450903892517 359
1761840299748 0.40921148657798767 360
1761840299838 0.40908998250961304 361
1761840299913 0.4090033769607544 362
1761840299989 0.4089115560054779 363
1761840300066 0.4088405966758728 364
1761840300141 0.40868255496025085 365
1761840300216 0.4085565507411957 366
1761840300289 0.40845808386802673 367
1761840300362 0.40834465622901917 368
1761840300439 0.40819159150123596 369
1761840300515 0.40822285413742065 370
1761840300593 0.40815359354019165 371
1761840300668 0.40818750858306885 372
1761840300743 0.40820252895355225 373
1761840300814 0.4080473482608795 374
1761840300889 0.4079301953315735 375
1761840300963 0.40805792808532715 376
1761840301061 0.4079380929470062 377
1761840301136 0.407859742641449 378
1761840301210 0.4077039361000061 379
1761840301284 0.4074734151363373 380
1761840301358 0.4074009954929352 381
1761840301434 0.40728864073753357 382
1761840301508 0.4071153700351715 383
1761840301582 0.4071127474308014 384
1761840301654 0.40700557827949524 385
1761840301729 0.4069966971874237 386
1761840301801 0.40694746375083923 387
1761840301876 0.4068230986595154 388
1761840301950 0.4066590666770935 389
1761840302024 0.40661177039146423 390
1761840302103 0.4065922796726227 391
1761840302179 0.406381756067276 392
1761840302255 0.4062061905860901 393
1761840302330 0.4060356318950653 394
1761840302404 0.4059061110019684 395
1761840302479 0.40575653314590454 396
1761840302553 0.40564537048339844 397
1761840302628 0.40574806928634644 398
1761840302701 0.4057919681072235 399
1761840302777 0.40572261810302734 400
