1761840273132 1.726617455482483 0
1761840273205 1.4416145086288452 1
1761840273278 0.9856950044631958 2
1761840273358 1.2209866046905518 3
1761840273432 1.5038026571273804 4
1761840273504 0.4688348174095154 5
1761840273581 1.3964036703109741 6
1761840273654 0.916495680809021 7
1761840273723 0.6081790328025818 8
1761840273794 1.0459567308425903 9
1761840273865 0.16553181409835815 10
1761840273936 1.2569055557250977 11
1761840274006 0.7650486826896667 12
1761840274076 1.0290923118591309 13
1761840274148 1.9703339338302612 14
1761840274218 0.48592469096183777 15
1761840274288 0.9045083522796631 16
1761840274357 1.0966851711273193 17
1761840274429 0.5047048926353455 18
1761840274499 1.3377487659454346 19
1761840274570 0.6145585775375366 20
1761840274639 0.95481938123703 21
1761840274710 0.3640337288379669 22
1761840274781 0.3677208423614502 23
1761840274852 0.32784974575042725 24
1761840274922 0.4315274953842163 25
1761840274992 0.7968170642852783 26
1761840275062 0.3121262788772583 27
1761840275134 0.3960017263889313 28
1761840275202 0.207204207777977 29
1761840275273 0.2808167040348053 30
1761840275343 0.15364494919776917 31
1761840275413 0.5864465236663818 32
1761840275483 0.04277466982603073 33
1761840275554 0.0993981882929802 34
1761840275625 0.6470544338226318 35
1761840275695 0.5130692720413208 36
1761840275766 0.14902302622795105 37
1761840275838 0.18710364401340485 38
1761840275909 0.7706130146980286 39
1761840275979 0.2998952269554138 40
1761840276057 0.4302029013633728 41
1761840276131 0.19752544164657593 42
1761840276203 0.36186540126800537 43
1761840276275 0.33530375361442566 44
1761840276347 0.550094485282898 45
1761840276418 0.3057192862033844 46
1761840276488 0.12804865837097168 47
1761840276559 0.1255398392677307 48
1761840276628 0.8556373119354248 49
1761840276699 0.8278993368148804 50
1761840276769 0.28620970249176025 51
1761840276840 0.9433141946792603 52
1761840276911 0.6295887231826782 53
1761840276982 1.3195161819458008 54
1761840277053 0.07574781030416489 55
1761840277124 0.3579708933830261 56
1761840277195 0.6773766279220581 57
1761840277265 0.870705783367157 58
1761840277336 0.1716044843196869 59
1761840277407 0.9624934792518616 60
1761840277478 0.963790237903595 61
1761840277548 0.7906779646873474 62
1761840277618 0.5256369709968567 63
1761840277689 0.1381760686635971 64
1761840277759 0.14005039632320404 65
1761840277830 0.48390018939971924 66
1761840277898 1.2450826168060303 67
1761840277969 0.7923231720924377 68
1761840278039 0.3029614984989166 69
1761840278111 0.6237244009971619 70
1761840278179 0.3032918870449066 71
1761840278252 0.4270843267440796 72
1761840278324 0.6556008458137512 73
1761840278394 1.1775648593902588 74
1761840278466 0.30889222025871277 75
1761840278543 0.7585868239402771 76
1761840278617 0.7891014814376831 77
1761840278688 0.4795088768005371 78
1761840278760 0.5533697009086609 79
1761840278830 1.0218710899353027 80
1761840278901 0.7619865536689758 81
1761840278969 0.28265252709388733 82
1761840279041 0.28180450201034546 83
1761840279114 0.6125648021697998 84
1761840279188 0.866301417350769 85
1761840279260 0.8404864072799683 86
1761840279335 0.9071560502052307 87
1761840279412 0.35151994228363037 88
1761840279485 0.3816189765930176 89
1761840279558 0.4176163673400879 90
1761840279630 0.3399108052253723 91
1761840279704 0.9613051414489746 92
1761840279777 1.2034565210342407 93
1761840279850 0.5521562695503235 94
1761840279924 0.07174646854400635 95
1761840279998 0.33264240622520447 96
1761840280069 0.7289466261863708 97
1761840280141 0.5800723433494568 98
1761840280211 0.1477775275707245 99
1761840280280 0.9958315491676331 100
1761840280351 0.21958184242248535 101
1761840280423 0.5365052819252014 102
1761840280495 0.3628308176994324 103
1761840280568 0.5895463228225708 104
1761840280640 0.5676968693733215 105
1761840280712 0.21591845154762268 106
1761840280785 0.43997442722320557 107
1761840280858 0.7372294664382935 108
1761840280929 0.44025689363479614 109
1761840281000 0.3500867187976837 110
1761840281071 0.3571978807449341 111
1761840281143 0.7316862344741821 112
1761840281214 1.0829133987426758 113
1761840281286 0.4492068290710449 114
1761840281358 0.5273532867431641 115
1761840281428 0.2529344856739044 116
1761840281499 0.5369861721992493 117
1761840281572 1.2650701999664307 118
1761840281643 0.36831262707710266 119
1761840281714 0.43396511673927307 120
1761840281786 0.6521690487861633 121
1761840281856 0.5205962061882019 122
1761840281926 0.43682175874710083 123
1761840281998 0.3962307572364807 124
1761840282068 0.5058526396751404 125
1761840282141 0.6997106075286865 126
1761840282211 0.31721562147140503 127
1761840282283 0.3207510709762573 128
1761840282355 1.4848947525024414 129
1761840282426 1.1394604444503784 130
1761840282497 0.39619943499565125 131
1761840282568 0.4823441505432129 132
1761840282640 0.16553810238838196 133
1761840282711 0.19690531492233276 134
1761840282783 0.05323687568306923 135
1761840282854 0.25012654066085815 136
1761840282925 0.1498345136642456 137
1761840282998 0.24710042774677277 138
1761840283068 0.2954478859901428 139
1761840283139 0.5860438346862793 140
1761840283210 0.3713555932044983 141
1761840283283 1.5961531400680542 142
1761840283356 0.4269435703754425 143
1761840283426 0.3584912121295929 144
1761840283497 0.5780447721481323 145
1761840283568 0.7970166802406311 146
1761840283640 0.10530949383974075 147
1761840283711 0.03907238319516182 148
1761840283783 1.2072267532348633 149
1761840283854 0.6111734509468079 150
1761840283927 0.664059579372406 151
1761840283998 0.0636606514453888 152
1761840284069 0.14158415794372559 153
1761840284142 0.4576375484466553 154
1761840284215 0.5845116376876831 155
1761840284287 0.7761380672454834 156
1761840284358 0.8433688879013062 157
1761840284430 0.39625900983810425 158
1761840284502 0.7550291419029236 159
1761840284575 1.0872544050216675 160
1761840284647 0.9370175004005432 161
1761840284718 0.8339213728904724 162
1761840284788 0.26797619462013245 163
1761840284862 0.7664691209793091 164
1761840284935 0.5640599727630615 165
1761840285008 0.37218695878982544 166
1761840285081 0.22734907269477844 167
1761840285154 0.25021106004714966 168
1761840285227 0.27226758003234863 169
1761840285300 0.5276387333869934 170
1761840285372 0.25997522473335266 171
1761840285444 1.450609803199768 172
1761840285516 0.44209104776382446 173
1761840285587 1.4899226427078247 174
1761840285660 0.17556454241275787 175
1761840285733 0.29919400811195374 176
1761840285804 1.2399708032608032 177
1761840285878 0.8408445715904236 178
1761840285948 0.3262611925601959 179
1761840286021 0.3070841133594513 180
1761840286093 0.47064700722694397 181
1761840286165 0.477817177772522 182
1761840286238 0.8670811653137207 183
1761840286312 0.5851027965545654 184
1761840286383 0.8374583721160889 185
1761840286474 0.47653743624687195 186
1761840286555 0.49897444248199463 187
1761840286635 0.30393311381340027 188
1761840286712 0.6907474994659424 189
1761840286786 0.08685675263404846 190
1761840286859 1.5358718633651733 191
1761840286932 0.7693792581558228 192
1761840287004 0.6710582971572876 193
1761840287075 0.2418469786643982 194
1761840287152 0.8826241493225098 195
1761840287226 0.5380093455314636 196
1761840287301 0.18289948999881744 197
1761840287375 1.434834361076355 198
1761840287447 0.26473468542099 199
1761840287519 1.5307939052581787 200
1761840287589 0.8397887349128723 201
1761840287660 1.6480780839920044 202
1761840287734 0.5089524388313293 203
1761840287817 0.9444944262504578 204
1761840287899 0.5540066361427307 205
1761840287977 0.2272849977016449 206
1761840288053 0.12136927247047424 207
1761840288127 1.0090913772583008 208
1761840288199 0.18027357757091522 209
1761840288275 0.14171573519706726 210
1761840288347 0.7319091558456421 211
1761840288420 0.296267032623291 212
1761840288496 1.5216858386993408 213
1761840288571 0.21043221652507782 214
1761840288643 0.902084231376648 215
1761840288715 0.3448529541492462 216
1761840288788 0.26431992650032043 217
1761840288860 0.390860915184021 218
1761840288942 0.4185049533843994 219
1761840289024 0.589529275894165 220
1761840289102 0.21088147163391113 221
1761840289180 0.15599633753299713 222
1761840289254 0.23628297448158264 223
1761840289328 0.24033844470977783 224
1761840289399 0.7644160985946655 225
1761840289470 0.18356584012508392 226
1761840289543 0.7473922371864319 227
1761840289616 0.6898996829986572 228
1761840289694 0.8708900809288025 229
1761840289771 1.1175668239593506 230
1761840289847 0.35940757393836975 231
1761840289922 0.8839948177337646 232
1761840289995 0.8690797686576843 233
1761840290069 1.153781771659851 234
1761840290143 0.8392509818077087 235
1761840290216 0.5840823650360107 236
1761840290289 0.08026698976755142 237
1761840290360 0.4997698664665222 238
1761840290432 0.7404938340187073 239
1761840290510 0.8255718946456909 240
1761840290590 0.07533351331949234 241
1761840290671 1.3810811042785645 242
1761840290747 0.7125089764595032 243
1761840290819 0.20520518720149994 244
1761840290892 0.28536245226860046 245
1761840290964 0.7296817302703857 246
1761840291036 0.5725433826446533 247
1761840291109 0.18586276471614838 248
1761840291183 1.1342257261276245 249
1761840291253 0.4976540803909302 250
1761840291326 0.896163284778595 251
1761840291400 0.7840777039527893 252
1761840291471 0.31150463223457336 253
1761840291544 0.6464616060256958 254
1761840291616 0.11890079081058502 255
1761840291688 0.0801166445016861 256
1761840291760 0.49443453550338745 257
1761840291832 0.05417385697364807 258
1761840291905 0.4121980369091034 259
1761840291977 0.2245911955833435 260
1761840292050 0.1666768193244934 261
1761840292122 1.487745761871338 262
1761840292194 0.8812796473503113 263
1761840292267 0.27845144271850586 264
1761840292340 0.7917801737785339 265
1761840292412 0.6420905590057373 266
1761840292489 0.1563299596309662 267
1761840292572 0.6426994800567627 268
1761840292651 0.5922633409500122 269
1761840292736 0.24935081601142883 270
1761840292815 0.19137659668922424 271
1761840292894 0.6095491647720337 272
1761840292971 0.2334659844636917 273
1761840293048 0.7347068786621094 274
1761840293125 0.1861478090286255 275
1761840293203 0.09287144988775253 276
1761840293283 0.49230557680130005 277
1761840293361 0.43133556842803955 278
1761840293436 0.4614141881465912 279
1761840293512 0.2799028754234314 280
1761840293586 1.4059278964996338 281
1761840293659 0.6192063689231873 282
1761840293733 0.4998354911804199 283
1761840293805 0.6625630855560303 284
1761840293878 0.7950330972671509 285
1761840293959 0.07089197635650635 286
1761840294041 0.5748464465141296 287
1761840294121 0.36474135518074036 288
1761840294202 0.5960267186164856 289
1761840294279 0.12450316548347473 290
1761840294352 1.8053505420684814 291
1761840294427 0.5324755311012268 292
1761840294502 0.9046673774719238 293
1761840294595 0.1952393651008606 294
1761840294693 0.26237085461616516 295
1761840294771 0.1897963583469391 296
1761840294849 0.8879961371421814 297
1761840294937 0.9697146415710449 298
1761840295022 0.7591449022293091 299
1761840295104 0.3249010145664215 300
1761840295182 0.3392951190471649 301
1761840295287 0.10844384133815765 302
1761840295368 1.1470637321472168 303
1761840295443 0.4255934953689575 304
1761840295522 0.7296794652938843 305
1761840295600 0.4541945457458496 306
1761840295676 0.6612217426300049 307
1761840295751 0.16587577760219574 308
1761840295826 0.126186802983284 309
1761840295901 0.8271023631095886 310
1761840295978 0.8482144474983215 311
1761840296066 0.7246444225311279 312
1761840296168 0.368411123752594 313
1761840296246 0.22533008456230164 314
1761840296326 0.2373146116733551 315
1761840296403 0.4555647075176239 316
1761840296479 0.8278249502182007 317
1761840296554 1.1259645223617554 318
1761840296626 1.1578145027160645 319
1761840296702 2.185349941253662 320
1761840296788 0.8688997030258179 321
1761840296872 0.9554699659347534 322
1761840296950 0.5263256430625916 323
1761840297028 0.3569609820842743 324
1761840297104 0.7777827382087708 325
1761840297180 0.7271437048912048 326
1761840297257 0.5137025117874146 327
1761840297329 0.6883879899978638 328
1761840297402 0.35877516865730286 329
1761840297476 0.3010655641555786 330
1761840297550 0.3929262161254883 331
1761840297621 0.7624529600143433 332
1761840297696 0.3838501572608948 333
1761840297771 0.49415794014930725 334
1761840297845 0.25616779923439026 335
1761840297919 0.8612217307090759 336
1761840297992 0.7855639457702637 337
1761840298065 0.9435331225395203 338
1761840298139 0.5545321106910706 339
1761840298213 0.6153275966644287 340
1761840298287 0.3250153660774231 341
1761840298359 0.7148231267929077 342
1761840298430 2.106490135192871 343
1761840298503 0.6769223213195801 344
1761840298587 0.28365734219551086 345
1761840298671 0.8815482258796692 346
1761840298751 0.38587290048599243 347
1761840298825 0.8292697668075562 348
1761840298899 0.5259387493133545 349
1761840298972 1.217395544052124 350
1761840299048 0.987278401851654 351
1761840299122 1.5173959732055664 352
1761840299195 0.7315863966941833 353
1761840299274 0.33072909712791443 354
1761840299353 1.290931224822998 355
1761840299431 0.2069249004125595 356
1761840299507 0.7553926706314087 357
1761840299584 0.20020796358585358 358
1761840299663 0.16414815187454224 359
1761840299748 0.37400591373443604 360
1761840299838 0.5712626576423645 361
1761840299913 0.5179483294487 362
1761840299989 0.4719524383544922 363
1761840300066 1.0916529893875122 364
1761840300141 0.3241051435470581 365
1761840300216 0.49880123138427734 366
1761840300289 0.29500317573547363 367
1761840300362 0.15335367619991302 368
1761840300439 0.6497858166694641 369
1761840300515 0.8865936994552612 370
1761840300593 0.09499058127403259 371
1761840300668 1.2487260103225708 372
1761840300743 1.2912330627441406 373
1761840300814 0.16677336394786835 374
1761840300889 0.5608388185501099 375
1761840300963 0.38866913318634033 376
1761840301061 0.4240780472755432 377
1761840301136 0.7383217215538025 378
1761840301210 0.22929367423057556 379
1761840301284 0.6157692670822144 380
1761840301358 1.2932511568069458 381
1761840301434 0.7857463359832764 382
1761840301508 1.0589555501937866 383
1761840301582 1.1710163354873657 384
1761840301654 0.6530394554138184 385
1761840301729 0.17118018865585327 386
1761840301801 0.6648857593536377 387
1761840301876 0.6267461180686951 388
1761840301950 0.4780586361885071 389
1761840302024 0.17315155267715454 390
1761840302103 0.17382648587226868 391
1761840302179 0.4040876030921936 392
1761840302255 0.47815269231796265 393
1761840302330 0.47953909635543823 394
1761840302404 0.8253569602966309 395
1761840302479 0.13820470869541168 396
1761840302553 0.5357655882835388 397
1761840302628 0.6853122115135193 398
1761840302701 1.5826504230499268 399
1761840302777 0.7525604367256165 400
