1761841452069 1.7896454334259033 0
1761841452149 1.3559236526489258 1
1761841452232 1.2174354791641235 2
1761841452314 1.0896501541137695 3
1761841452394 0.999738335609436 4
1761841452473 0.9127374291419983 5
1761841452553 0.8744407892227173 6
1761841452631 0.8260621428489685 7
1761841452711 0.861605703830719 8
1761841452793 0.6972314715385437 9
1761841452877 0.767180860042572 10
1761841452962 0.7296907901763916 11
1761841453047 0.6926482915878296 12
1761841453129 0.7127260565757751 13
1761841453211 0.6481377482414246 14
1761841453298 0.6787045001983643 15
1761841453382 0.5691131949424744 16
1761841453468 0.5537317395210266 17
1761841453553 0.5997757315635681 18
1761841453636 0.6034546494483948 19
1761841453720 0.5470160841941833 20
1761841453802 0.5676502585411072 21
1761841453884 0.5749569535255432 22
1761841453967 0.5494700074195862 23
1761841454050 0.569446861743927 24
1761841454130 0.5867987275123596 25
1761841454210 0.4570976495742798 26
1761841454290 0.4268679916858673 27
1761841454373 0.4566977322101593 28
1761841454457 0.48774969577789307 29
1761841454538 0.4110877811908722 30
1761841454620 0.401216596364975 31
1761841454700 0.42535898089408875 32
1761841454782 0.4395710229873657 33
1761841454867 0.4172724783420563 34
1761841454950 0.4344016909599304 35
1761841455032 0.41645166277885437 36
1761841455115 0.37789908051490784 37
1761841455198 0.37989529967308044 38
