1762793229054 1.711678147315979 0
1762793229147 1.5228991508483887 1
1762793229241 1.4037829637527466 2
1762793229333 1.3297529220581055 3
1762793229424 1.2575896978378296 4
1762793229515 1.1988509893417358 5
1762793229607 1.1550695896148682 6
1762793229697 1.1101700067520142 7
1762793229787 1.0775716304779053 8
1762793229877 1.0481889247894287 9
1762793229971 1.0180684328079224 10
1762793230067 0.988161027431488 11
1762793230169 0.9695166945457458 12
1762793230265 0.9472149610519409 13
1762793230357 0.9271202683448792 14
1762793230449 0.9090681672096252 15
1762793230539 0.8905712962150574 16
1762793230631 0.8753978610038757 17
1762793230724 0.8543559312820435 18
1762793230821 0.841496467590332 19
1762793230922 0.8252085447311401 20
1762793231016 0.8113153576850891 21
1762793231111 0.7965028285980225 22
1762793231202 0.7814683318138123 23
1762793231293 0.7688025832176208 24
1762793231387 0.7581925392150879 25
1762793231481 0.7487308382987976 26
1762793231575 0.7380438446998596 27
1762793231669 0.7291059494018555 28
1762793231761 0.7211493849754333 29
1762793231852 0.712774395942688 30
1762793231942 0.7024064660072327 31
1762793232032 0.6946266889572144 32
1762793232122 0.6868387460708618 33
1762793232212 0.6809292435646057 34
1762793232304 0.6740543842315674 35
1762793232393 0.6671046018600464 36
1762793232485 0.6604294776916504 37
1762793232576 0.6540749073028564 38
1762793232667 0.6483774781227112 39
1762793232758 0.642603874206543 40
1762793232848 0.6357083916664124 41
1762793232938 0.6299607157707214 42
1762793233029 0.623389720916748 43
