1762793229054 1.4447035789489746 0
1762793229147 0.728518009185791 1
1762793229241 0.6465135216712952 2
1762793229333 1.3126423358917236 3
1762793229424 0.5289663076400757 4
1762793229515 0.9185947775840759 5
1762793229607 0.5337724089622498 6
1762793229697 0.5577518939971924 7
1762793229787 0.9404354095458984 8
1762793229877 0.8381146788597107 9
1762793229971 0.6900280714035034 10
1762793230067 0.385223925113678 11
1762793230169 0.705156683921814 12
1762793230265 0.8201025128364563 13
1762793230357 0.5219199657440186 14
1762793230449 0.9641149044036865 15
1762793230539 0.5954233407974243 16
1762793230631 0.8629964590072632 17
1762793230724 0.4093039333820343 18
1762793230821 0.42104896903038025 19
1762793230922 0.5983861088752747 20
1762793231016 0.5819832682609558 21
1762793231111 0.3125636577606201 22
1762793231202 0.3447272479534149 23
1762793231293 1.082701563835144 24
1762793231387 0.29021602869033813 25
1762793231481 0.7336588501930237 26
1762793231575 0.5471206903457642 27
1762793231669 0.4229252338409424 28
1762793231761 0.4032081663608551 29
1762793231852 0.7240960597991943 30
1762793231942 0.30134111642837524 31
1762793232032 0.28571176528930664 32
1762793232122 0.519408643245697 33
1762793232212 0.2605745196342468 34
1762793232304 0.14752227067947388 35
1762793232393 0.3014916479587555 36
1762793232485 0.34629982709884644 37
1762793232576 0.4041198492050171 38
1762793232667 0.7737212777137756 39
1762793232758 0.6608932018280029 40
1762793232848 0.2802591323852539 41
1762793232938 0.40081796050071716 42
1762793233029 0.31650879979133606 43
