1763904949920 1.778359055519104 0
1763904950012 1.5641711950302124 1
1763904950110 1.452703595161438 2
1763904950204 1.3593674898147583 3
1763904950296 1.2938767671585083 4
1763904950388 1.227906346321106 5
1763904950480 1.180714726448059 6
1763904950572 1.1421592235565186 7
1763904950664 1.1010667085647583 8
1763904950756 1.0708891153335571 9
1763904950849 1.0390636920928955 10
1763904950942 1.0084418058395386 11
1763904951034 0.9804847240447998 12
1763904951130 0.9574220776557922 13
1763904951223 0.9365856647491455 14
1763904951315 0.9173492193222046 15
1763904951407 0.8997701406478882 16
1763904951499 0.8845266103744507 17
1763904951590 0.8677932024002075 18
1763904951681 0.8517118692398071 19
1763904951773 0.8348021507263184 20
1763904951865 0.8221343755722046 21
1763904951956 0.8096936941146851 22
1763904952048 0.7950486540794373 23
1763904952141 0.7825062274932861 24
1763904952233 0.7728840708732605 25
1763904952326 0.7624791264533997 26
1763904952417 0.751880407333374 27
1763904952507 0.7410505414009094 28
1763904952598 0.732068657875061 29
1763904952689 0.7259641289710999 30
