1763904949920 1.3033665418624878 0
1763904950012 1.3192832469940186 1
1763904950110 0.9698889851570129 2
1763904950204 1.4284400939941406 3
1763904950296 0.9660070538520813 4
1763904950388 0.8977308869361877 5
1763904950480 1.4019477367401123 6
1763904950572 0.6995798349380493 7
1763904950664 0.8904613256454468 8
1763904950756 0.8742596507072449 9
1763904950849 0.8515398502349854 10
1763904950942 0.8088114857673645 11
1763904951034 0.26896703243255615 12
1763904951130 0.9726128578186035 13
1763904951223 0.8215066194534302 14
1763904951315 0.22214709222316742 15
1763904951407 1.6711163520812988 16
1763904951499 1.5233739614486694 17
1763904951590 0.2574361264705658 18
1763904951681 0.8281025290489197 19
1763904951773 0.4404391944408417 20
1763904951865 0.3710205554962158 21
1763904951956 0.6244648694992065 22
1763904952048 0.4731711447238922 23
1763904952141 0.6484724283218384 24
1763904952233 0.15295888483524323 25
1763904952326 0.6786832809448242 26
1763904952417 0.4780445098876953 27
1763904952507 0.5088483691215515 28
1763904952598 0.6893454194068909 29
1763904952689 0.3354512155056 30
