1761839901632 1.7442753314971924 0
1761839901709 1.5840048789978027 1
1761839901789 1.4764128923416138 2
1761839901866 1.4061651229858398 3
1761839901940 1.3532425165176392 4
1761839902014 1.3014835119247437 5
1761839902090 1.2340184450149536 6
1761839902165 1.1934617757797241 7
1761839902240 1.1611496210098267 8
1761839902315 1.1257065534591675 9
1761839902389 1.0919499397277832 10
1761839902463 1.0623375177383423 11
1761839902536 1.0408762693405151 12
1761839902609 1.0185363292694092 13
1761839902683 0.9952468872070312 14
1761839902755 0.9755668640136719 15
1761839902824 0.9502035975456238 16
1761839902898 0.931362509727478 17
1761839902973 0.911130964756012 18
1761839903045 0.8965440988540649 19
1761839903119 0.8839210867881775 20
1761839903193 0.8680003881454468 21
1761839903271 0.8529253602027893 22
1761839903347 0.837924599647522 23
1761839903421 0.8259100914001465 24
1761839903493 0.8127601742744446 25
1761839903566 0.8031877279281616 26
1761839903638 0.7934787273406982 27
1761839903710 0.7859230637550354 28
1761839903783 0.7763912081718445 29
1761839903858 0.7663149237632751 30
1761839903934 0.7567347288131714 31
1761839904008 0.7455545663833618 32
1761839904085 0.7380496859550476 33
1761839904164 0.7308933734893799 34
1761839904239 0.721118688583374 35
1761839904312 0.7099646925926208 36
