1761839901632 1.3815281391143799 0
1761839901709 1.4979374408721924 1
1761839901789 1.7239919900894165 2
1761839901866 1.5869430303573608 3
1761839901940 1.1329437494277954 4
1761839902014 1.4750314950942993 5
1761839902090 0.6694557070732117 6
1761839902165 0.9689779281616211 7
1761839902240 0.7949218153953552 8
1761839902315 0.7133662104606628 9
1761839902389 1.0922000408172607 10
1761839902463 0.7412856817245483 11
1761839902536 0.44870391488075256 12
1761839902609 1.1208897829055786 13
1761839902683 0.2565707564353943 14
1761839902755 0.563346266746521 15
1761839902824 1.0588880777359009 16
1761839902898 1.4283466339111328 17
1761839902973 1.2928797006607056 18
1761839903045 0.38445764780044556 19
1761839903119 0.8422437906265259 20
1761839903193 0.9971308708190918 21
1761839903271 0.36986133456230164 22
1761839903347 0.897154688835144 23
1761839903421 2.5268609523773193 24
1761839903493 0.5266647934913635 25
1761839903566 0.7437672019004822 26
1761839903638 0.31092655658721924 27
1761839903710 2.574491262435913 28
1761839903783 1.2552447319030762 29
1761839903858 0.5423843264579773 30
1761839903934 1.0154083967208862 31
1761839904008 0.3296087980270386 32
1761839904085 0.5700863003730774 33
1761839904164 0.9003422856330872 34
1761839904239 0.8903586864471436 35
1761839904312 0.16678662598133087 36
