1762798792338 1.7738081216812134 0
1762798792432 1.5358645915985107 1
1762798792524 1.4234365224838257 2
1762798792618 1.3265347480773926 3
1762798792710 1.2543485164642334 4
1762798792801 1.1903339624404907 5
1762798792894 1.146219253540039 6
1762798792984 1.1036654710769653 7
1762798793076 1.0608429908752441 8
1762798793169 1.0221978425979614 9
1762798793262 0.993264377117157 10
1762798793354 0.9708486795425415 11
1762798793446 0.9457806944847107 12
1762798793539 0.9193472862243652 13
1762798793634 0.9051230549812317 14
1762798793730 0.8846967816352844 15
1762798793824 0.8668678998947144 16
1762798793918 0.8496504426002502 17
1762798794010 0.8323821425437927 18
1762798794102 0.8216162323951721 19
1762798794196 0.8080742955207825 20
1762798794287 0.7949226498603821 21
1762798794379 0.7840049266815186 22
1762798794472 0.771877646446228 23
1762798794565 0.7595711946487427 24
1762798794658 0.7487967014312744 25
1762798794757 0.740168035030365 26
1762798794854 0.7296600937843323 27
1762798794951 0.7175924181938171 28
1762798795048 0.7057207226753235 29
