1762798792338 1.4210890531539917 0
1762798792432 1.1903356313705444 1
1762798792524 2.181835889816284 2
1762798792618 0.9686772227287292 3
1762798792710 0.8053334355354309 4
1762798792801 0.9927210807800293 5
1762798792894 0.9591245651245117 6
1762798792984 1.1091219186782837 7
1762798793076 0.5378350615501404 8
1762798793169 1.5405914783477783 9
1762798793262 1.0444819927215576 10
1762798793354 1.2375719547271729 11
1762798793446 1.0538063049316406 12
1762798793539 1.110661506652832 13
1762798793634 1.1401417255401611 14
1762798793730 0.31698480248451233 15
1762798793824 0.562447726726532 16
1762798793918 0.35985204577445984 17
1762798794010 0.3867492973804474 18
1762798794102 0.33298826217651367 19
1762798794196 0.8173595666885376 20
1762798794287 0.3599821925163269 21
1762798794379 0.6939286589622498 22
1762798794472 0.6272356510162354 23
1762798794565 0.4498445391654968 24
1762798794658 0.403489887714386 25
1762798794757 0.17573855817317963 26
1762798794854 0.3025420010089874 27
1762798794951 0.43459466099739075 28
1762798795048 0.6691259145736694 29
