1762792660493 1.6702206134796143 0
1762792660586 1.5113482475280762 1
1762792660680 1.3979368209838867 2
1762792660776 1.323796272277832 3
1762792660869 1.2641056776046753 4
1762792660960 1.214695930480957 5
1762792661052 1.1865137815475464 6
1762792661149 1.1542458534240723 7
1762792661242 1.1163361072540283 8
1762792661334 1.0914992094039917 9
1762792661431 1.0659074783325195 10
1762792661524 1.0430748462677002 11
1762792661616 1.0190773010253906 12
1762792661711 1.0025285482406616 13
1762792661805 0.98580402135849 14
1762792661898 0.9675355553627014 15
1762792661990 0.9491057991981506 16
