1762792660493 1.4487789869308472 0
1762792660586 0.9272364974021912 1
1762792660680 1.2355453968048096 2
1762792660776 0.7357334494590759 3
1762792660869 1.2876077890396118 4
1762792660960 0.9009133577346802 5
1762792661052 1.0078989267349243 6
1762792661149 0.5439664721488953 7
1762792661242 0.729820191860199 8
1762792661334 0.7620981335639954 9
1762792661431 1.8663572072982788 10
1762792661524 0.47632116079330444 11
1762792661616 0.6637222170829773 12
1762792661711 0.511525571346283 13
1762792661805 0.8861729502677917 14
1762792661898 0.6131126284599304 15
1762792661990 0.8064979910850525 16
