1762793356937 1.7336305379867554 0
1762793357029 1.5256149768829346 1
1762793357124 1.4118412733078003 2
1762793357218 1.3171677589416504 3
1762793357306 1.2474907636642456 4
1762793357397 1.189578890800476 5
1762793357488 1.1333668231964111 6
1762793357581 1.0868889093399048 7
1762793357675 1.0507017374038696 8
1762793357767 1.02555251121521 9
1762793357858 0.9967235326766968 10
1762793357950 0.9760485887527466 11
1762793358040 0.9557215571403503 12
1762793358132 0.9345601797103882 13
1762793358221 0.9148257374763489 14
1762793358312 0.8948978185653687 15
1762793358401 0.8782488107681274 16
1762793358492 0.8618084788322449 17
1762793358585 0.8454607725143433 18
1762793358678 0.8313978910446167 19
1762793358768 0.8182374238967896 20
1762793358860 0.8059031963348389 21
1762793358950 0.7948790192604065 22
1762793359041 0.7825065851211548 23
1762793359131 0.7718977928161621 24
1762793359221 0.763257622718811 25
1762793359311 0.7536178827285767 26
1762793359404 0.7438380718231201 27
