1762793356937 1.4606093168258667 0
1762793357029 1.2417454719543457 1
1762793357124 0.8209513425827026 2
1762793357218 1.2287509441375732 3
1762793357306 1.7259409427642822 4
1762793357397 0.8466482758522034 5
1762793357488 0.9902873039245605 6
1762793357581 0.746665358543396 7
1762793357675 1.0127898454666138 8
1762793357767 0.8481714725494385 9
1762793357858 0.6827563047409058 10
1762793357950 0.948984682559967 11
1762793358040 0.5599254369735718 12
1762793358132 0.7004547715187073 13
1762793358221 0.7706657648086548 14
1762793358312 0.5509052872657776 15
1762793358401 0.8243712782859802 16
1762793358492 0.362856388092041 17
1762793358585 0.32169023156166077 18
1762793358678 0.4190565347671509 19
1762793358768 0.4661322832107544 20
1762793358860 0.31362584233283997 21
1762793358950 0.6461422443389893 22
1762793359041 0.18781833350658417 23
1762793359131 0.4967462122440338 24
1762793359221 0.5029644966125488 25
1762793359311 0.755760908126831 26
1762793359404 0.5124732255935669 27
