1762793187103 1.8342100381851196 0
1762793187194 1.60123610496521 1
1762793187289 1.4492075443267822 2
1762793187381 1.349921464920044 3
1762793187472 1.2883278131484985 4
1762793187563 1.2410191297531128 5
1762793187655 1.1829555034637451 6
1762793187746 1.1361960172653198 7
1762793187837 1.101652979850769 8
1762793187929 1.0628260374069214 9
1762793188020 1.028836965560913 10
1762793188112 0.9991257786750793 11
1762793188203 0.9743417501449585 12
1762793188293 0.9538717865943909 13
1762793188385 0.9290257096290588 14
1762793188476 0.9089208245277405 15
1762793188567 0.8922827839851379 16
1762793188657 0.8724376559257507 17
1762793188749 0.8573900461196899 18
1762793188841 0.8442466259002686 19
1762793188933 0.829781174659729 20
1762793189024 0.8186721801757812 21
1762793189115 0.8072757124900818 22
1762793189207 0.7952183485031128 23
1762793189298 0.7817052602767944 24
1762793189391 0.7719318270683289 25
1762793189481 0.7610170841217041 26
1762793189572 0.7494667172431946 27
1762793189667 0.7396964430809021 28
1762793189762 0.7300325632095337 29
1762793189856 0.7206384539604187 30
1762793189948 0.709962785243988 31
1762793190037 0.7026874423027039 32
1762793190128 0.6969979405403137 33
