1762793187103 1.4060848951339722 0
1762793187194 1.196609616279602 1
1762793187289 1.0179686546325684 2
1762793187381 0.7339091300964355 3
1762793187472 0.7317554950714111 4
1762793187563 0.6828300952911377 5
1762793187655 0.5516157150268555 6
1762793187746 1.310279130935669 7
1762793187837 0.6389787793159485 8
1762793187929 0.6542875170707703 9
1762793188020 0.9683082699775696 10
1762793188112 0.8857067823410034 11
1762793188203 1.2566488981246948 12
1762793188293 0.6190379858016968 13
1762793188385 0.6724364161491394 14
1762793188476 0.6253615617752075 15
1762793188567 0.3867722451686859 16
1762793188657 0.9920462369918823 17
1762793188749 0.5749067664146423 18
1762793188841 0.6374238729476929 19
1762793188933 0.7730166912078857 20
1762793189024 0.47373417019844055 21
1762793189115 0.45305970311164856 22
1762793189207 0.2663295865058899 23
1762793189298 0.5036728978157043 24
1762793189391 0.35091453790664673 25
1762793189481 1.1098480224609375 26
1762793189572 0.10627096146345139 27
1762793189667 0.4093373715877533 28
1762793189762 0.5730724334716797 29
1762793189856 0.5005313158035278 30
1762793189948 0.6136576533317566 31
1762793190037 0.16745427250862122 32
1762793190128 1.2267087697982788 33
