1762792236976 1.7599594593048096 0
1762792237072 1.538387417793274 1
1762792237165 1.4236509799957275 2
1762792237257 1.3331509828567505 3
1762792237349 1.2566843032836914 4
1762792237442 1.1910781860351562 5
1762792237534 1.1422755718231201 6
1762792237627 1.1143429279327393 7
1762792237718 1.0812804698944092 8
1762792237809 1.0432919263839722 9
1762792237901 1.012532114982605 10
1762792237992 0.9860470294952393 11
1762792238087 0.9672558307647705 12
1762792238179 0.9472572803497314 13
1762792238270 0.921912670135498 14
1762792238361 0.9046617150306702 15
1762792238453 0.8865653872489929 16
1762792238545 0.8698139786720276 17
1762792238635 0.8545476794242859 18
1762792238726 0.8390398621559143 19
1762792238816 0.8229839205741882 20
1762792238907 0.8126145601272583 21
1762792238997 0.7988492250442505 22
1762792239089 0.7855448126792908 23
1762792239180 0.7736477255821228 24
1762792239271 0.7639594078063965 25
1762792239362 0.7549879550933838 26
1762792239452 0.747089147567749 27
1762792239543 0.7375139594078064 28
1762792239633 0.7285171747207642 29
1762792239724 0.7199292778968811 30
1762792239815 0.7117674946784973 31
1762792239906 0.7024136185646057 32
1762792239996 0.6954120993614197 33
1762792240088 0.6879383325576782 34
1762792240180 0.6794213652610779 35
1762792240269 0.673095703125 36
1762792240360 0.6644245982170105 37
