1762792236976 1.826676607131958 0
1762792237072 1.1200906038284302 1
1762792237165 0.9787986278533936 2
1762792237257 1.1557981967926025 3
1762792237349 1.5501471757888794 4
1762792237442 0.8736327290534973 5
1762792237534 1.301227331161499 6
1762792237627 0.8803306818008423 7
1762792237718 0.5107985734939575 8
1762792237809 0.9189872145652771 9
1762792237901 0.8120799660682678 10
1762792237992 1.2545275688171387 11
1762792238087 0.7364411354064941 12
1762792238179 0.6348093152046204 13
1762792238270 0.4033656418323517 14
1762792238361 0.2642596662044525 15
1762792238453 1.0953553915023804 16
1762792238545 0.4131064713001251 17
1762792238635 0.6954478025436401 18
1762792238726 0.46902599930763245 19
1762792238816 0.45933765172958374 20
1762792238907 0.3493060767650604 21
1762792238997 0.27037134766578674 22
1762792239089 0.6100590229034424 23
1762792239180 0.3166796863079071 24
1762792239271 0.6258909702301025 25
1762792239362 0.4334365725517273 26
1762792239452 1.0150400400161743 27
1762792239543 0.5383753776550293 28
1762792239633 0.11692892014980316 29
1762792239724 0.13274788856506348 30
1762792239815 0.5272510051727295 31
1762792239906 0.586231529712677 32
1762792239996 0.2806205749511719 33
1762792240088 0.5321586728096008 34
1762792240180 0.7658169269561768 35
1762792240269 0.5264472961425781 36
1762792240360 0.3192448019981384 37
