1762791789483 1.7116414308547974 0
1762791789533 1.460024118423462 1
1762791789585 1.3255500793457031 2
1762791789637 1.2194867134094238 3
1762791789687 1.1351579427719116 4
1762791789738 1.082965612411499 5
1762791789786 1.0312800407409668 6
1762791789837 0.9839174151420593 7
1762791789887 0.938412070274353 8
1762791789937 0.897520899772644 9
1762791789987 0.8643726706504822 10
1762791790037 0.8357452154159546 11
1762791790088 0.8115617632865906 12
1762791790138 0.7863500714302063 13
1762791790187 0.7645305395126343 14
1762791790236 0.7477903962135315 15
1762791790285 0.728664755821228 16
1762791790335 0.7107356786727905 17
1762791790385 0.6921476721763611 18
