1762791789483 1.279422402381897 0
1762791789533 1.0264883041381836 1
1762791789585 1.318981647491455 2
1762791789637 0.9388967156410217 3
1762791789687 0.8265983462333679 4
1762791789738 0.6430459022521973 5
1762791789786 0.603161633014679 6
1762791789837 0.7473087906837463 7
1762791789887 0.6629490256309509 8
1762791789937 0.6165491938591003 9
1762791789987 0.5612044930458069 10
1762791790037 0.5302017331123352 11
1762791790088 0.6686081886291504 12
1762791790138 0.7558502554893494 13
1762791790187 0.2038479894399643 14
1762791790236 0.7181307077407837 15
1762791790285 0.7816101908683777 16
1762791790335 0.20941443741321564 17
1762791790385 0.49834582209587097 18
