1761837912955 1.6613720655441284 0
1761837912995 1.3418177366256714 1
1761837913032 1.1941102743148804 2
1761837913067 1.0668121576309204 3
1761837913102 0.973921537399292 4
1761837913141 0.9017927646636963 5
1761837913182 0.8374863266944885 6
1761837913219 0.7890610098838806 7
1761837913253 0.7503805756568909 8
1761837913288 0.7229292988777161 9
1761837913322 0.6953163146972656 10
1761837913357 0.6642459630966187 11
1761837913392 0.639442503452301 12
1761837913429 0.6113864183425903 13
1761837913465 0.5850870013237 14
1761837913501 0.5629616379737854 15
1761837913537 0.5378230214118958 16
1761837913572 0.5185791254043579 17
1761837913605 0.4986877143383026 18
