1761837912955 2.6087734699249268 0
1761837912995 1.194446325302124 1
1761837913032 0.6133875846862793 2
1761837913067 0.41106635332107544 3
1761837913102 1.0114816427230835 4
1761837913141 0.9565589427947998 5
1761837913182 1.0144933462142944 6
1761837913219 0.9574077725410461 7
1761837913253 0.26316288113594055 8
1761837913288 0.49131983518600464 9
1761837913322 0.502655029296875 10
1761837913357 0.2569993734359741 11
1761837913392 1.1224594116210938 12
1761837913429 0.14419656991958618 13
1761837913465 0.0055545358918607235 14
1761837913501 0.5895279049873352 15
1761837913537 0.05626903101801872 16
1761837913572 0.022015349939465523 17
1761837913605 0.3449168801307678 18
