1762798577924 1.703688144683838 0
1762798578029 1.4980995655059814 1
1762798578136 1.3667041063308716 2
1762798578241 1.2980064153671265 3
1762798578347 1.23630952835083 4
1762798578446 1.1881422996520996 5
1762798578547 1.1381425857543945 6
1762798578648 1.0991071462631226 7
1762798578756 1.0637638568878174 8
1762798578859 1.0294034481048584 9
1762798578959 1.0040795803070068 10
1762798579060 0.982464075088501 11
1762798579160 0.9624229073524475 12
1762798579258 0.9406450390815735 13
1762798579355 0.9191036224365234 14
1762798579460 0.8997976779937744 15
1762798579563 0.8805538415908813 16
1762798579668 0.8620027899742126 17
1762798579767 0.8462716341018677 18
1762798579867 0.8339083790779114 19
1762798579968 0.8198952674865723 20
1762798580072 0.8101179599761963 21
1762798580174 0.8004986047744751 22
1762798580271 0.789773166179657 23
1762798580368 0.7809768319129944 24
1762798580467 0.7712543606758118 25
