1762798577924 1.0168880224227905 0
1762798578029 1.7929041385650635 1
1762798578136 1.141347050666809 2
1762798578241 0.9897485971450806 3
1762798578347 1.3823018074035645 4
1762798578446 1.3888472318649292 5
1762798578547 0.7944908738136292 6
1762798578648 0.9806056618690491 7
1762798578756 1.452927589416504 8
1762798578859 0.818935215473175 9
1762798578959 0.9978175163269043 10
1762798579060 1.0148205757141113 11
1762798579160 0.7277875542640686 12
1762798579258 0.8645724654197693 13
1762798579355 0.4889891445636749 14
1762798579460 0.42463186383247375 15
1762798579563 0.540930986404419 16
1762798579668 0.9550409317016602 17
1762798579767 0.3005273938179016 18
1762798579867 0.7225697040557861 19
1762798579968 0.4220860004425049 20
1762798580072 0.730927586555481 21
1762798580174 0.9661298990249634 22
1762798580271 0.9635384678840637 23
1762798580368 0.30633848905563354 24
1762798580467 0.2871217131614685 25
