1762792653425 1.6847329139709473 0
1762792653517 1.5504889488220215 1
1762792653608 1.4470709562301636 2
1762792653701 1.3618764877319336 3
1762792653791 1.2997745275497437 4
1762792653884 1.2454692125320435 5
1762792653980 1.1978764533996582 6
1762792654073 1.1619454622268677 7
1762792654167 1.130487322807312 8
1762792654259 1.0959709882736206 9
1762792654354 1.0704399347305298 10
1762792654450 1.045915961265564 11
1762792654543 1.0200928449630737 12
1762792654637 0.9969017505645752 13
1762792654730 0.9781425595283508 14
1762792654836 0.959959864616394 15
1762792654931 0.9435442686080933 16
1762792655024 0.9234544634819031 17
1762792655119 0.9084289073944092 18
1762792655211 0.8964726328849792 19
1762792655307 0.8835729360580444 20
1762792655405 0.8685064315795898 21
1762792655500 0.8570102453231812 22
1762792655591 0.8443605899810791 23
1762792655685 0.8290085792541504 24
1762792655778 0.8176655173301697 25
1762792655877 0.8090139627456665 26
1762792655970 0.7983030676841736 27
1762792656062 0.78757643699646 28
1762792656156 0.7778086066246033 29
1762792656251 0.7692644000053406 30
