1762792653425 1.2794674634933472 0
1762792653517 2.0892574787139893 1
1762792653608 1.2360808849334717 2
1762792653701 1.302157998085022 3
1762792653791 1.8767433166503906 4
1762792653884 1.0198572874069214 5
1762792653980 1.2282078266143799 6
1762792654073 0.7547868490219116 7
1762792654167 0.7364675998687744 8
1762792654259 0.8019558787345886 9
1762792654354 0.5746294856071472 10
1762792654450 0.7646902799606323 11
1762792654543 0.9179760217666626 12
1762792654637 0.9278126955032349 13
1762792654730 0.6439719200134277 14
1762792654836 0.48935332894325256 15
1762792654931 0.7776917219161987 16
1762792655024 0.6510792374610901 17
1762792655119 0.9171155095100403 18
1762792655211 0.9726231098175049 19
1762792655307 1.4591633081436157 20
1762792655405 0.7478469014167786 21
1762792655500 0.3408772945404053 22
1762792655591 0.3862319886684418 23
1762792655685 0.842558741569519 24
1762792655778 0.08379560708999634 25
1762792655877 0.7762672305107117 26
1762792655970 0.5458621382713318 27
1762792656062 0.7212905287742615 28
1762792656156 0.42035412788391113 29
1762792656251 0.5591476559638977 30
