1761841457759 1.763936161994934 0
1761841457840 1.322554111480713 1
1761841457924 1.1781750917434692 2
1761841458006 1.103469967842102 3
1761841458092 1.0422108173370361 4
1761841458175 0.9979473352432251 5
1761841458259 0.8918323516845703 6
1761841458339 0.9091741442680359 7
1761841458421 0.8323123455047607 8
1761841458504 0.8101064562797546 9
1761841458586 0.7321323752403259 10
1761841458666 0.7146155834197998 11
1761841458745 0.7502079010009766 12
1761841458824 0.706307590007782 13
1761841458904 0.6370481848716736 14
1761841458985 0.6514806747436523 15
1761841459063 0.5915161371231079 16
1761841459143 0.6198005676269531 17
1761841459221 0.5601634383201599 18
1761841459305 0.5509998798370361 19
1761841459389 0.5634050965309143 20
1761841459469 0.5598941445350647 21
1761841459550 0.5828441381454468 22
