1762792695350 1.7685848474502563 0
1762792695447 1.561510443687439 1
1762792695539 1.419429063796997 2
1762792695635 1.3210229873657227 3
1762792695735 1.2485095262527466 4
1762792695829 1.200927734375 5
1762792695925 1.1433587074279785 6
1762792696023 1.0960416793823242 7
1762792696119 1.0566530227661133 8
1762792696221 1.0168871879577637 9
1762792696320 0.9842544794082642 10
1762792696417 0.9572966694831848 11
1762792696514 0.9300875067710876 12
1762792696610 0.9058550000190735 13
1762792696704 0.8846715688705444 14
1762792696796 0.8653160929679871 15
1762792696887 0.8451411724090576 16
1762792696981 0.8282747268676758 17
1762792697074 0.8143475651741028 18
1762792697171 0.7974434494972229 19
1762792697267 0.783591628074646 20
1762792697363 0.7711789608001709 21
1762792697457 0.7571617960929871 22
1762792697552 0.7454146146774292 23
1762792697650 0.7327200174331665 24
1762792697750 0.7223527431488037 25
1762792697847 0.7134881615638733 26
1762792697944 0.7058151364326477 27
1762792698038 0.696452796459198 28
1762792698130 0.6859720945358276 29
1762792698221 0.674468457698822 30
1762792698314 0.6662452220916748 31
1762792698423 0.6598939895629883 32
1762792698527 0.6532557010650635 33
1762792698624 0.6456459760665894 34
1762792698723 0.6378933191299438 35
1762792698816 0.630957305431366 36
1762792698908 0.6249551773071289 37
1762792699004 0.6195214986801147 38
1762792699101 0.6133792996406555 39
1762792699192 0.6083624958992004 40
1762792699285 0.601905107498169 41
1762792699380 0.5955354571342468 42
1762792699472 0.5896674990653992 43
