1762792695350 1.069157361984253 0
1762792695447 1.329482078552246 1
1762792695539 0.9849751591682434 2
1762792695635 0.9635818004608154 3
1762792695735 1.2349505424499512 4
1762792695829 1.0940109491348267 5
1762792695925 0.3786289691925049 6
1762792696023 0.6899306178092957 7
1762792696119 0.538155734539032 8
1762792696221 1.2729582786560059 9
1762792696320 0.8076054453849792 10
1762792696417 1.0520659685134888 11
1762792696514 0.49571382999420166 12
1762792696610 0.42615553736686707 13
1762792696704 0.3859539330005646 14
1762792696796 0.6821141839027405 15
1762792696887 0.6751590967178345 16
1762792696981 0.8971582651138306 17
1762792697074 0.4865162968635559 18
1762792697171 0.14934644103050232 19
1762792697267 0.6860286593437195 20
1762792697363 0.2614801824092865 21
1762792697457 0.8426263332366943 22
1762792697552 0.4549436569213867 23
1762792697650 0.3691949248313904 24
1762792697750 0.3535497784614563 25
1762792697847 0.3044256865978241 26
1762792697944 0.697151243686676 27
1762792698038 0.2260950207710266 28
1762792698130 1.3875874280929565 29
1762792698221 0.5614633560180664 30
1762792698314 0.2731015980243683 31
1762792698423 0.6053941249847412 32
1762792698527 0.4627869725227356 33
1762792698624 0.6589512228965759 34
1762792698723 0.6364120841026306 35
1762792698816 0.0726882591843605 36
1762792698908 0.5075859427452087 37
1762792699004 0.3777652978897095 38
1762792699101 0.3591165840625763 39
1762792699192 0.3108478784561157 40
1762792699285 0.28522375226020813 41
1762792699380 0.3597482144832611 42
1762792699472 0.21934330463409424 43
