1762793190342 1.7779889106750488 0
1762793190444 1.5363364219665527 1
1762793190544 1.4151060581207275 2
1762793190644 1.329573392868042 3
1762793190746 1.2607053518295288 4
1762793190849 1.2052149772644043 5
1762793190951 1.1494652032852173 6
1762793191052 1.1113412380218506 7
1762793191146 1.075590968132019 8
1762793191238 1.0467442274093628 9
1762793191333 1.013426661491394 10
1762793191426 0.9872715473175049 11
1762793191516 0.9611891508102417 12
1762793191610 0.9419347047805786 13
1762793191700 0.9232277274131775 14
1762793191792 0.9084314107894897 15
1762793191886 0.8895279765129089 16
1762793191977 0.8707177639007568 17
1762793192069 0.8551322221755981 18
1762793192161 0.8433624505996704 19
1762793192252 0.8314650654792786 20
1762793192344 0.8173186182975769 21
1762793192434 0.8054860234260559 22
1762793192525 0.7948978543281555 23
1762793192612 0.7843375205993652 24
1762793192700 0.7718429565429688 25
1762793192793 0.7592222690582275 26
1762793192885 0.7484441995620728 27
1762793192978 0.7393590211868286 28
1762793193068 0.7289493680000305 29
1762793193159 0.7166748046875 30
1762793193251 0.7082040309906006 31
1762793193341 0.6999810338020325 32
1762793193433 0.6919360160827637 33
