1762793190342 1.3635610342025757 0
1762793190444 1.283785343170166 1
1762793190544 1.0707581043243408 2
1762793190644 0.49970102310180664 3
1762793190746 0.8964422941207886 4
1762793190849 0.7865548133850098 5
1762793190951 0.6128647923469543 6
1762793191052 0.7562714219093323 7
1762793191146 0.4878489673137665 8
1762793191238 0.787077009677887 9
1762793191333 0.9911162853240967 10
1762793191426 0.7456011772155762 11
1762793191516 1.0530619621276855 12
1762793191610 0.6130502820014954 13
1762793191700 0.8426844477653503 14
1762793191792 1.0224870443344116 15
1762793191886 0.3225390613079071 16
1762793191977 0.4058338403701782 17
1762793192069 0.6052683591842651 18
1762793192161 0.3368603587150574 19
1762793192252 0.769687831401825 20
1762793192344 0.6279208660125732 21
1762793192434 0.32560262084007263 22
1762793192525 0.4928429424762726 23
1762793192612 0.45062318444252014 24
1762793192700 0.5528963208198547 25
1762793192793 0.5366238355636597 26
1762793192885 0.9230205416679382 27
1762793192978 0.11009609699249268 28
1762793193068 0.40028294920921326 29
1762793193159 0.5287245512008667 30
1762793193251 0.7448202967643738 31
1762793193341 0.30707401037216187 32
1762793193433 0.4176787734031677 33
