1763905635187 1.7797738313674927 0
1763905635278 1.564366102218628 1
1763905635373 1.4267244338989258 2
1763905635464 1.3385307788848877 3
1763905635557 1.2630268335342407 4
1763905635649 1.2056708335876465 5
1763905635740 1.1566053628921509 6
1763905635833 1.1106036901474 7
1763905635926 1.0683256387710571 8
1763905636017 1.040710210800171 9
1763905636108 1.009236454963684 10
1763905636200 0.9820005297660828 11
1763905636292 0.9581854939460754 12
1763905636385 0.9406834840774536 13
1763905636475 0.918805718421936 14
1763905636566 0.8996309041976929 15
1763905636657 0.8813393115997314 16
1763905636747 0.8616513013839722 17
1763905636838 0.8460144400596619 18
1763905636931 0.8293054103851318 19
1763905637020 0.8153985738754272 20
1763905637114 0.8025078773498535 21
1763905637207 0.787798285484314 22
1763905637297 0.7774063944816589 23
1763905637388 0.767494261264801 24
1763905637479 0.7587506771087646 25
1763905637571 0.7476691603660583 26
1763905637661 0.7365652918815613 27
1763905637752 0.7275957465171814 28
1763905637844 0.7177165746688843 29
1763905637936 0.7104097604751587 30
1763905638027 0.7032192945480347 31
1763905638118 0.695672333240509 32
1763905638208 0.687402069568634 33
1763905638299 0.6799808740615845 34
1763905638389 0.674759030342102 35
1763905638479 0.6678143739700317 36
1763905638570 0.6592447757720947 37
1763905638661 0.652363121509552 38
1763905638751 0.6465665102005005 39
1763905638842 0.6414552330970764 40
1763905638934 0.6366924047470093 41
1763905639025 0.6309651136398315 42
1763905639116 0.6258797645568848 43
1763905639206 0.6203473210334778 44
1763905639297 0.6148752570152283 45
1763905639387 0.6104822754859924 46
1763905639477 0.6053038239479065 47
1763905639569 0.5997941493988037 48
1763905639660 0.5954278111457825 49
1763905639752 0.5915762782096863 50
1763905639845 0.5875113010406494 51
1763905639937 0.5820334553718567 52
1763905640028 0.5776174068450928 53
1763905640119 0.574131190776825 54
1763905640210 0.5689508318901062 55
1763905640301 0.5643186569213867 56
1763905640392 0.5597733855247498 57
1763905640483 0.5546306371688843 58
1763905640575 0.5497689843177795 59
1763905640665 0.5448408126831055 60
1763905640757 0.5402074456214905 61
1763905640850 0.535968542098999 62
1763905640944 0.5312962532043457 63
1763905641036 0.5262888073921204 64
1763905641127 0.522168755531311 65
1763905641218 0.5178313255310059 66
1763905641310 0.5128681659698486 67
1763905641402 0.5089401602745056 68
1763905641495 0.5043032765388489 69
1763905641587 0.5007959604263306 70
1763905641679 0.49691393971443176 71
1763905641770 0.49288588762283325 72
1763905641865 0.4889606833457947 73
1763905641965 0.4850422441959381 74
1763905642062 0.4813138246536255 75
1763905642154 0.47723332047462463 76
1763905642248 0.47342029213905334 77
1763905642345 0.4705372154712677 78
1763905642443 0.4674990773200989 79
1763905642538 0.4645099639892578 80
1763905642631 0.46147656440734863 81
1763905642723 0.4580440819263458 82
1763905642814 0.45454686880111694 83
1763905642908 0.4518525302410126 84
1763905643000 0.44865337014198303 85
1763905643091 0.4459102153778076 86
1763905643182 0.442731648683548 87
1763905643279 0.43982499837875366 88
1763905643375 0.43721696734428406 89
1763905643468 0.4351387619972229 90
1763905643563 0.43280646204948425 91
1763905643661 0.4306672513484955 92
1763905643756 0.427943617105484 93
1763905643850 0.4258260726928711 94
1763905643944 0.42369794845581055 95
1763905644039 0.4212307035923004 96
1763905644132 0.41907021403312683 97
1763905644224 0.4167807996273041 98
1763905644316 0.41435399651527405 99
1763905644409 0.41249531507492065 100
1763905644500 0.4102688431739807 101
1763905644592 0.40845921635627747 102
1763905644687 0.40666258335113525 103
1763905644781 0.40441903471946716 104
1763905644876 0.4024519920349121 105
1763905644970 0.4005398452281952 106
1763905645062 0.39862802624702454 107
1763905645154 0.3966590464115143 108
1763905645246 0.3947359323501587 109
1763905645338 0.39286553859710693 110
1763905645429 0.3909858167171478 111
1763905645521 0.38962703943252563 112
1763905645614 0.3879299461841583 113
1763905645706 0.3860243856906891 114
1763905645800 0.38460689783096313 115
1763905645893 0.3831232190132141 116
1763905645985 0.38149404525756836 117
1763905646076 0.38021114468574524 118
1763905646168 0.3784985840320587 119
1763905646259 0.37701043486595154 120
1763905646349 0.3755914568901062 121
1763905646441 0.3739577829837799 122
1763905646533 0.37233665585517883 123
1763905646624 0.37075522541999817 124
1763905646715 0.3697463274002075 125
1763905646807 0.36840325593948364 126
1763905646901 0.366926908493042 127
1763905646993 0.3652966022491455 128
1763905647086 0.3643532991409302 129
1763905647177 0.3631560206413269 130
1763905647269 0.361724853515625 131
1763905647361 0.36039891839027405 132
1763905647453 0.3591511845588684 133
1763905647545 0.3581336736679077 134
1763905647637 0.35716697573661804 135
1763905647729 0.35601702332496643 136
1763905647821 0.35486215353012085 137
1763905647914 0.35355040431022644 138
1763905648006 0.35253390669822693 139
1763905648098 0.35142651200294495 140
1763905648190 0.35050487518310547 141
1763905648280 0.34958261251449585 142
1763905648373 0.34874626994132996 143
1763905648465 0.3475252687931061 144
1763905648557 0.3464251160621643 145
1763905648649 0.3453320264816284 146
1763905648741 0.3441307246685028 147
1763905648834 0.3429849147796631 148
1763905648928 0.34226393699645996 149
1763905649019 0.3412974774837494 150
1763905649111 0.34032708406448364 151
1763905649202 0.3393414318561554 152
1763905649294 0.33854973316192627 153
1763905649385 0.337721049785614 154
1763905649477 0.3367120921611786 155
1763905649571 0.33594271540641785 156
1763905649663 0.3352435827255249 157
1763905649756 0.334428995847702 158
1763905649849 0.33353403210639954 159
1763905649943 0.3327122628688812 160
1763905650036 0.3319239914417267 161
1763905650130 0.33138158917427063 162
1763905650223 0.3306255638599396 163
1763905650316 0.3296838104724884 164
1763905650408 0.32900941371917725 165
1763905650500 0.32822349667549133 166
1763905650593 0.327453076839447 167
1763905650685 0.32675689458847046 168
1763905650778 0.3259449601173401 169
1763905650872 0.32530906796455383 170
1763905650964 0.32470449805259705 171
1763905651057 0.32395482063293457 172
1763905651150 0.3231290876865387 173
1763905651242 0.3223487138748169 174
1763905651334 0.321791410446167 175
1763905651428 0.3210521340370178 176
1763905651521 0.320416122674942 177
1763905651614 0.31984448432922363 178
1763905651705 0.31930848956108093 179
1763905651797 0.3185889422893524 180
1763905651891 0.31787654757499695 181
1763905651983 0.31706321239471436 182
1763905652077 0.31662717461586 183
1763905652170 0.3161558508872986 184
1763905652262 0.3154540956020355 185
1763905652355 0.31489795446395874 186
1763905652447 0.31449949741363525 187
1763905652540 0.31402987241744995 188
1763905652632 0.3132895231246948 189
1763905652724 0.31266745924949646 190
1763905652816 0.31205034255981445 191
1763905652912 0.3112918436527252 192
1763905653004 0.3105917274951935 193
1763905653098 0.31028667092323303 194
1763905653191 0.30961963534355164 195
1763905653284 0.3090321719646454 196
1763905653377 0.30872228741645813 197
1763905653469 0.30838602781295776 198
1763905653562 0.307861864566803 199
1763905653655 0.30743396282196045 200
1763905653748 0.3068006932735443 201
1763905653842 0.3064541220664978 202
1763905653936 0.3060400187969208 203
1763905654031 0.30556154251098633 204
1763905654124 0.3051556348800659 205
1763905654217 0.30461835861206055 206
1763905654309 0.304013192653656 207
1763905654400 0.30356481671333313 208
1763905654495 0.3030844032764435 209
1763905654591 0.302538126707077 210
1763905654684 0.30199846625328064 211
1763905654787 0.30171674489974976 212
1763905654888 0.30122554302215576 213
1763905654983 0.300540566444397 214
1763905655081 0.3000636696815491 215
1763905655180 0.29966530203819275 216
1763905655278 0.2991805076599121 217
1763905655376 0.29881128668785095 218
1763905655471 0.29822003841400146 219
1763905655568 0.2978115379810333 220
1763905655662 0.29746073484420776 221
1763905655768 0.2971900999546051 222
1763905655864 0.2967624366283417 223
1763905655959 0.2964541018009186 224
1763905656056 0.29601946473121643 225
1763905656155 0.29557526111602783 226
1763905656260 0.29518988728523254 227
1763905656359 0.2947056293487549 228
1763905656456 0.29432934522628784 229
1763905656549 0.29387402534484863 230
1763905656647 0.2935895323753357 231
1763905656745 0.29313477873802185 232
1763905656841 0.2927956283092499 233
1763905656939 0.2923676073551178 234
1763905657033 0.292013943195343 235
1763905657124 0.29177558422088623 236
1763905657216 0.29145970940589905 237
1763905657314 0.2910619378089905 238
1763905657411 0.29061949253082275 239
1763905657507 0.29018694162368774 240
1763905657603 0.28992918133735657 241
1763905657710 0.2898513078689575 242
1763905657807 0.2894188463687897 243
1763905657903 0.28923362493515015 244
1763905657998 0.2889161705970764 245
1763905658094 0.28853583335876465 246
1763905658193 0.28817543387413025 247
1763905658301 0.28770512342453003 248
1763905658403 0.28745344281196594 249
1763905658501 0.2871112525463104 250
1763905658596 0.28673067688941956 251
1763905658689 0.2864021956920624 252
1763905658793 0.28602027893066406 253
1763905658914 0.2856598198413849 254
1763905659010 0.28524795174598694 255
1763905659104 0.2848380506038666 256
1763905659199 0.28441327810287476 257
1763905659293 0.2840767800807953 258
1763905659388 0.2838357985019684 259
1763905659481 0.2835337221622467 260
1763905659574 0.2832259237766266 261
1763905659669 0.2829633355140686 262
1763905659763 0.2825430631637573 263
1763905659856 0.2822911739349365 264
1763905659950 0.2819589078426361 265
1763905660043 0.28166285157203674 266
1763905660136 0.2814074456691742 267
1763905660231 0.2809816896915436 268
1763905660325 0.2807495594024658 269
1763905660417 0.28048017621040344 270
1763905660512 0.2800116240978241 271
1763905660609 0.27960750460624695 272
1763905660701 0.2793480455875397 273
1763905660798 0.27904126048088074 274
1763905660895 0.2787472605705261 275
1763905660990 0.2784978449344635 276
1763905661084 0.27823513746261597 277
1763905661178 0.277933806180954 278
1763905661273 0.27761322259902954 279
1763905661369 0.27721670269966125 280
1763905661467 0.2769949734210968 281
1763905661562 0.276559054851532 282
1763905661657 0.2762545347213745 283
1763905661753 0.27601078152656555 284
1763905661848 0.2757284939289093 285
1763905661942 0.2756498456001282 286
1763905662036 0.2755495607852936 287
1763905662130 0.27532121539115906 288
1763905662225 0.2749682664871216 289
1763905662319 0.27476826310157776 290
1763905662413 0.2745268940925598 291
1763905662505 0.2742132842540741 292
1763905662598 0.2739622890949249 293
1763905662692 0.2736915051937103 294
1763905662787 0.2733801603317261 295
1763905662883 0.2731172740459442 296
1763905662979 0.2728961110115051 297
1763905663073 0.2726355195045471 298
1763905663167 0.272371381521225 299
1763905663261 0.27207261323928833 300
1763905663354 0.2719064950942993 301
1763905663447 0.2716394066810608 302
1763905663541 0.2713722586631775 303
1763905663634 0.2711506187915802 304
1763905663728 0.2709081768989563 305
1763905663823 0.27076420187950134 306
1763905663917 0.27052125334739685 307
1763905664010 0.2702452540397644 308
1763905664105 0.27003422379493713 309
1763905664200 0.2698734402656555 310
1763905664294 0.26969167590141296 311
1763905664387 0.2694258689880371 312
1763905664482 0.2691672444343567 313
1763905664576 0.26890408992767334 314
1763905664670 0.2687196731567383 315
1763905664763 0.2683844566345215 316
1763905664858 0.2682916522026062 317
1763905664952 0.2679538428783417 318
1763905665047 0.26775047183036804 319
1763905665140 0.2675955891609192 320
1763905665234 0.2673955261707306 321
1763905665328 0.267271488904953 322
1763905665420 0.26705753803253174 323
1763905665516 0.26692378520965576 324
1763905665614 0.2667582035064697 325
1763905665706 0.266545832157135 326
1763905665803 0.2664412558078766 327
1763905665898 0.26634758710861206 328
1763905665992 0.26610898971557617 329
1763905666085 0.26603519916534424 330
1763905666179 0.26572468876838684 331
1763905666271 0.26554057002067566 332
1763905666365 0.265293687582016 333
1763905666458 0.26504725217819214 334
1763905666552 0.2649705708026886 335
1763905666647 0.26483964920043945 336
1763905666739 0.2646256685256958 337
1763905666835 0.2643726170063019 338
1763905666930 0.26415449380874634 339
1763905667025 0.2639479339122772 340
1763905667120 0.26378604769706726 341
1763905667213 0.2636157274246216 342
1763905667307 0.2634224593639374 343
1763905667402 0.26325079798698425 344
1763905667496 0.263031929731369 345
1763905667591 0.2628674805164337 346
1763905667685 0.26272496581077576 347
1763905667780 0.26253747940063477 348
1763905667875 0.26237884163856506 349
1763905667970 0.2621954083442688 350
1763905668064 0.26210764050483704 351
1763905668159 0.2618851661682129 352
1763905668253 0.26168325543403625 353
1763905668347 0.26151540875434875 354
1763905668441 0.26137158274650574 355
1763905668535 0.26122140884399414 356
1763905668630 0.2610904276371002 357
1763905668724 0.2610173225402832 358
1763905668819 0.260812908411026 359
1763905668914 0.26067647337913513 360
1763905669007 0.26046982407569885 361
1763905669102 0.26026731729507446 362
1763905669197 0.260184645652771 363
1763905669291 0.26000073552131653 364
1763905669385 0.2598118782043457 365
1763905669478 0.25981876254081726 366
1763905669574 0.25962284207344055 367
1763905669668 0.2594713270664215 368
1763905669762 0.2592391073703766 369
1763905669857 0.2590479254722595 370
1763905669952 0.258931428194046 371
1763905670046 0.2587715685367584 372
1763905670141 0.2586398720741272 373
1763905670235 0.2585790157318115 374
1763905670330 0.25840654969215393 375
1763905670424 0.2583189010620117 376
1763905670519 0.25805342197418213 377
1763905670613 0.2579357326030731 378
1763905670707 0.2577347755432129 379
1763905670803 0.2576034665107727 380
1763905670898 0.25739890336990356 381
1763905670993 0.25727415084838867 382
1763905671088 0.2570890188217163 383
1763905671183 0.25712037086486816 384
1763905671277 0.2570628821849823 385
1763905671371 0.25684669613838196 386
1763905671468 0.25671425461769104 387
1763905671563 0.25652629137039185 388
1763905671656 0.25639283657073975 389
1763905671751 0.2562143802642822 390
1763905671846 0.256096750497818 391
1763905671941 0.2560279369354248 392
1763905672035 0.2558804750442505 393
1763905672131 0.25575950741767883 394
1763905672225 0.25556448101997375 395
1763905672320 0.2554873526096344 396
1763905672415 0.25536248087882996 397
1763905672510 0.25528183579444885 398
1763905672603 0.25505802035331726 399
1763905672699 0.25493115186691284 400
