1763905635187 1.4642316102981567 0
1763905635278 1.6172069311141968 1
1763905635373 1.0629796981811523 2
1763905635464 1.5414996147155762 3
1763905635557 0.7565164566040039 4
1763905635649 0.5440695285797119 5
1763905635740 0.8915223479270935 6
1763905635833 0.8177542686462402 7
1763905635926 0.5163393616676331 8
1763905636017 0.5980283617973328 9
1763905636108 0.6689494848251343 10
1763905636200 0.8719184398651123 11
1763905636292 0.7107721567153931 12
1763905636385 1.1368844509124756 13
1763905636475 0.5494223237037659 14
1763905636566 0.8107215762138367 15
1763905636657 0.799418568611145 16
1763905636747 0.589076578617096 17
1763905636838 0.8968190550804138 18
1763905636931 0.6018106341362 19
1763905637020 0.5493506193161011 20
1763905637114 0.841401219367981 21
1763905637207 0.3809657692909241 22
1763905637297 0.4253021478652954 23
1763905637388 0.5219565033912659 24
1763905637479 0.5189903378486633 25
1763905637571 0.803107500076294 26
1763905637661 0.23540525138378143 27
1763905637752 0.1313910186290741 28
1763905637844 0.5550537109375 29
1763905637936 0.33468130230903625 30
1763905638027 0.22192005813121796 31
1763905638118 0.5119593143463135 32
1763905638208 0.5880046486854553 33
1763905638299 0.3796755373477936 34
1763905638389 0.5110622048377991 35
1763905638479 0.3391992151737213 36
1763905638570 0.03874586522579193 37
1763905638661 0.44257888197898865 38
1763905638751 0.3669246733188629 39
1763905638842 1.1103260517120361 40
1763905638934 0.262992799282074 41
1763905639025 0.4135419428348541 42
1763905639116 0.7395741939544678 43
1763905639206 0.5761842131614685 44
1763905639297 0.2228051871061325 45
1763905639387 0.5768877267837524 46
1763905639477 0.6853033304214478 47
1763905639569 0.5187191963195801 48
1763905639660 0.256894588470459 49
1763905639752 0.17286916077136993 50
1763905639845 0.3163764774799347 51
1763905639937 0.4111340045928955 52
1763905640028 0.08531934022903442 53
1763905640119 0.6796534061431885 54
1763905640210 0.3266526460647583 55
1763905640301 0.34673112630844116 56
1763905640392 0.2563825249671936 57
1763905640483 0.34576186537742615 58
1763905640575 0.21438296139240265 59
1763905640665 0.13195881247520447 60
1763905640757 0.18750499188899994 61
1763905640850 0.09804487973451614 62
1763905640944 0.11303478479385376 63
1763905641036 0.02798336185514927 64
1763905641127 0.49859681725502014 65
1763905641218 0.06069254130125046 66
1763905641310 0.09038183093070984 67
1763905641402 0.34201425313949585 68
1763905641495 0.18990692496299744 69
1763905641587 0.35753560066223145 70
1763905641679 0.2996408939361572 71
1763905641770 0.07789845019578934 72
1763905641865 0.21646998822689056 73
1763905641965 0.3228216767311096 74
1763905642062 0.31782612204551697 75
1763905642154 0.20179761946201324 76
1763905642248 0.06040540710091591 77
1763905642345 0.7689011096954346 78
1763905642443 0.44378572702407837 79
1763905642538 0.4312604069709778 80
1763905642631 0.07638106495141983 81
1763905642723 0.13311360776424408 82
1763905642814 0.03960289806127548 83
1763905642908 0.1401066780090332 84
1763905643000 0.035990647971630096 85
1763905643091 0.04422949254512787 86
1763905643182 0.0629824697971344 87
1763905643279 0.07354068756103516 88
1763905643375 0.036429520696401596 89
1763905643468 0.10158131271600723 90
1763905643563 0.048896536231040955 91
1763905643661 0.13741308450698853 92
1763905643756 0.07730428129434586 93
1763905643850 0.11504798382520676 94
1763905643944 0.06410205364227295 95
1763905644039 0.23102696239948273 96
1763905644132 0.06565164774656296 97
1763905644224 0.0638979822397232 98
1763905644316 0.0379238985478878 99
1763905644409 0.24609169363975525 100
1763905644500 0.02757689170539379 101
1763905644592 0.0726713240146637 102
1763905644687 0.2039620280265808 103
1763905644781 0.25595542788505554 104
1763905644876 0.18097326159477234 105
1763905644970 0.7431452870368958 106
1763905645062 0.3153693974018097 107
1763905645154 0.10770638287067413 108
1763905645246 0.13615502417087555 109
1763905645338 0.09875671565532684 110
1763905645429 0.10986374318599701 111
1763905645521 0.1100669577717781 112
1763905645614 0.03853365778923035 113
1763905645706 0.24634358286857605 114
1763905645800 0.25388196110725403 115
1763905645893 0.09388605505228043 116
1763905645985 0.14074088633060455 117
1763905646076 0.20357482135295868 118
1763905646168 0.06450644880533218 119
1763905646259 0.3898484706878662 120
1763905646349 0.012634961865842342 121
1763905646441 0.2174597680568695 122
1763905646533 0.47042733430862427 123
1763905646624 0.06123127415776253 124
1763905646715 0.35755470395088196 125
1763905646807 0.38904932141304016 126
1763905646901 0.7441986799240112 127
1763905646993 0.05807988718152046 128
1763905647086 0.22955113649368286 129
1763905647177 0.2798618972301483 130
1763905647269 0.08846466988325119 131
1763905647361 0.18197034299373627 132
1763905647453 0.049010761082172394 133
1763905647545 0.1020585149526596 134
1763905647637 0.07316616922616959 135
1763905647729 0.13957086205482483 136
1763905647821 0.045236989855766296 137
1763905647914 0.26035061478614807 138
1763905648006 0.6793762445449829 139
1763905648098 0.4544247090816498 140
1763905648190 0.31230369210243225 141
1763905648280 0.33277401328086853 142
1763905648373 0.29771506786346436 143
1763905648465 0.06568899005651474 144
1763905648557 0.03870813921093941 145
1763905648649 0.07237014919519424 146
1763905648741 0.062351807951927185 147
1763905648834 0.18745994567871094 148
1763905648928 0.1936681717634201 149
1763905649019 0.2258250117301941 150
1763905649111 0.24145396053791046 151
1763905649202 0.15622223913669586 152
1763905649294 0.09130921214818954 153
1763905649385 0.2241888791322708 154
1763905649477 0.03258673474192619 155
1763905649571 0.043498825281858444 156
1763905649663 0.2664344310760498 157
1763905649756 0.15158337354660034 158
1763905649849 0.2844638228416443 159
1763905649943 0.02914501167833805 160
1763905650036 0.14094951748847961 161
1763905650130 0.39390695095062256 162
1763905650223 0.167168527841568 163
1763905650316 0.1793617606163025 164
1763905650408 0.03972204774618149 165
1763905650500 0.09889460355043411 166
1763905650593 0.07034573704004288 167
1763905650685 0.07774749398231506 168
1763905650778 0.11058458685874939 169
1763905650872 0.24329784512519836 170
1763905650964 0.163291335105896 171
1763905651057 0.3172788918018341 172
1763905651150 0.05940729379653931 173
1763905651242 0.21776534616947174 174
1763905651334 0.3675915598869324 175
1763905651428 0.10658837854862213 176
1763905651521 0.11581282317638397 177
1763905651614 0.12797319889068604 178
1763905651705 0.07637006789445877 179
1763905651797 0.10113372653722763 180
1763905651891 0.12205908447504044 181
1763905651983 0.6412239670753479 182
1763905652077 0.05114690959453583 183
1763905652170 0.10158079862594604 184
1763905652262 0.09367893636226654 185
1763905652355 0.0835784524679184 186
1763905652447 0.43277430534362793 187
1763905652540 0.05011405795812607 188
1763905652632 0.16943658888339996 189
1763905652724 0.3388560116291046 190
1763905652816 0.05685718357563019 191
1763905652912 0.06600986421108246 192
1763905653004 0.051020849496126175 193
1763905653098 0.5173900723457336 194
1763905653191 0.05200700834393501 195
1763905653284 0.6359798908233643 196
1763905653377 0.299052894115448 197
1763905653469 0.34451165795326233 198
1763905653562 0.053401052951812744 199
1763905653655 0.03577785938978195 200
1763905653748 0.1101953387260437 201
1763905653842 0.029995044693350792 202
1763905653936 0.32429471611976624 203
1763905654031 0.49851158261299133 204
1763905654124 0.2236967384815216 205
1763905654217 0.349953293800354 206
1763905654309 0.5947474837303162 207
1763905654400 0.11624911427497864 208
1763905654495 0.27875545620918274 209
1763905654591 0.16573946177959442 210
1763905654684 0.09260304272174835 211
1763905654787 0.24044962227344513 212
1763905654888 0.20539160072803497 213
1763905654983 0.0807361900806427 214
1763905655081 0.18165086209774017 215
1763905655180 0.3189330995082855 216
1763905655278 0.2123703956604004 217
1763905655376 0.10070807486772537 218
1763905655471 0.18615591526031494 219
1763905655568 0.053298357874155045 220
1763905655662 0.3963329792022705 221
1763905655768 0.020307041704654694 222
1763905655864 0.11602063477039337 223
1763905655959 0.4805555045604706 224
1763905656056 0.0411224365234375 225
1763905656155 0.09711510688066483 226
1763905656260 0.05615203455090523 227
1763905656359 0.08610593527555466 228
1763905656456 0.23551014065742493 229
1763905656549 0.09967546910047531 230
1763905656647 0.24716782569885254 231
1763905656745 0.05879800766706467 232
1763905656841 0.11403924226760864 233
1763905656939 0.18678802251815796 234
1763905657033 0.32773640751838684 235
1763905657124 0.6283751726150513 236
1763905657216 0.15728017687797546 237
1763905657314 0.12073402106761932 238
1763905657411 0.19157171249389648 239
1763905657507 0.19154103100299835 240
1763905657603 0.2833530902862549 241
1763905657710 0.11752535402774811 242
1763905657807 0.1988254338502884 243
1763905657903 0.48739320039749146 244
1763905657998 0.2348994016647339 245
1763905658094 0.2710758149623871 246
1763905658193 0.09249967336654663 247
1763905658301 0.03716800734400749 248
1763905658403 0.37223732471466064 249
1763905658501 0.2560602128505707 250
1763905658596 0.03809226304292679 251
1763905658689 0.045417748391628265 252
1763905658793 0.10212752968072891 253
1763905658914 0.16955959796905518 254
1763905659010 0.29402655363082886 255
1763905659104 0.17918293178081512 256
1763905659199 0.24243105947971344 257
1763905659293 0.12494398653507233 258
1763905659388 0.4777994751930237 259
1763905659481 0.36191174387931824 260
1763905659574 0.03378600999712944 261
1763905659669 0.1716068685054779 262
1763905659763 0.014799162745475769 263
1763905659856 0.10929077863693237 264
1763905659950 0.2543919086456299 265
1763905660043 0.3029196560382843 266
1763905660136 0.22206802666187286 267
1763905660231 0.3447766602039337 268
1763905660325 0.2722548246383667 269
1763905660417 0.17225833237171173 270
1763905660512 0.09598857909440994 271
1763905660609 0.1954049915075302 272
1763905660701 0.34228354692459106 273
1763905660798 0.022376572713255882 274
1763905660895 0.13219425082206726 275
1763905660990 0.05914502963423729 276
1763905661084 0.07906288653612137 277
1763905661178 0.0926121398806572 278
1763905661273 0.11700645834207535 279
1763905661369 0.32562023401260376 280
1763905661467 0.22773399949073792 281
1763905661562 0.15464627742767334 282
1763905661657 0.07842913269996643 283
1763905661753 0.11968489736318588 284
1763905661848 0.13947521150112152 285
1763905661942 0.15911804139614105 286
1763905662036 0.4180580973625183 287
1763905662130 0.22358904778957367 288
1763905662225 0.10613536834716797 289
1763905662319 0.1634078472852707 290
1763905662413 0.19259576499462128 291
1763905662505 0.11018124222755432 292
1763905662598 0.10701324790716171 293
1763905662692 0.2587515115737915 294
1763905662787 0.06845030933618546 295
1763905662883 0.1910257190465927 296
1763905662979 0.24366959929466248 297
1763905663073 0.5661941170692444 298
1763905663167 0.04610516503453255 299
1763905663261 0.07218541204929352 300
1763905663354 0.04591488093137741 301
1763905663447 0.08761417865753174 302
1763905663541 0.1431501805782318 303
1763905663634 0.1570032685995102 304
1763905663728 0.059324491769075394 305
1763905663823 0.154095858335495 306
1763905663917 0.11725039780139923 307
1763905664010 0.5378655791282654 308
1763905664105 0.09341976791620255 309
1763905664200 0.05831882730126381 310
1763905664294 0.35151582956314087 311
1763905664387 0.41662389039993286 312
1763905664482 0.09618736058473587 313
1763905664576 0.10699297487735748 314
1763905664670 0.19110874831676483 315
1763905664763 0.03286511451005936 316
1763905664858 0.17610718309879303 317
1763905664952 0.2904689311981201 318
1763905665047 0.03983954340219498 319
1763905665140 0.12329299747943878 320
1763905665234 0.02767036110162735 321
1763905665328 0.02049209736287594 322
1763905665420 0.18371158838272095 323
1763905665516 0.06031543388962746 324
1763905665614 0.22705881297588348 325
1763905665706 0.22510454058647156 326
1763905665803 0.3037770986557007 327
1763905665898 0.06498583406209946 328
1763905665992 0.21298857033252716 329
1763905666085 0.13782760500907898 330
1763905666179 0.245241180062294 331
1763905666271 0.3155330717563629 332
1763905666365 0.17055822908878326 333
1763905666458 0.11421326547861099 334
1763905666552 0.3981274962425232 335
1763905666647 0.06866326183080673 336
1763905666739 0.1699557900428772 337
1763905666835 0.07628078758716583 338
1763905666930 0.3770827054977417 339
1763905667025 0.5350427627563477 340
1763905667120 0.1698632389307022 341
1763905667213 0.09668491035699844 342
1763905667307 0.4501899480819702 343
1763905667402 0.5665273070335388 344
1763905667496 0.0550173856317997 345
1763905667591 0.04896681755781174 346
1763905667685 0.34260866045951843 347
1763905667780 0.2980230748653412 348
1763905667875 0.17142118513584137 349
1763905667970 0.178878515958786 350
1763905668064 0.048380229622125626 351
1763905668159 0.4126875400543213 352
1763905668253 0.15927746891975403 353
1763905668347 0.10877692699432373 354
1763905668441 0.3498518466949463 355
1763905668535 0.14166998863220215 356
1763905668630 0.19016121327877045 357
1763905668724 0.21222363412380219 358
1763905668819 0.40621626377105713 359
1763905668914 0.14510680735111237 360
1763905669007 0.04687567427754402 361
1763905669102 0.03802783042192459 362
1763905669197 0.17861492931842804 363
1763905669291 0.20004408061504364 364
1763905669385 0.17639023065567017 365
1763905669478 0.030621238052845 366
1763905669574 0.19066540896892548 367
1763905669668 0.3610807955265045 368
1763905669762 0.020120671018958092 369
1763905669857 0.1335301250219345 370
1763905669952 0.06164880469441414 371
1763905670046 0.06622307002544403 372
1763905670141 0.3063108026981354 373
1763905670235 0.3507285714149475 374
1763905670330 0.13936714828014374 375
1763905670424 0.11786405742168427 376
1763905670519 0.054711341857910156 377
1763905670613 0.10268035531044006 378
1763905670707 0.33170396089553833 379
1763905670803 0.15974360704421997 380
1763905670898 0.11021363735198975 381
1763905670993 0.1750764101743698 382
1763905671088 0.3142847716808319 383
1763905671183 0.23919115960597992 384
1763905671277 0.4331727623939514 385
1763905671371 0.08982808142900467 386
1763905671468 0.023498568683862686 387
1763905671563 0.07102709263563156 388
1763905671656 0.019819140434265137 389
1763905671751 0.18266013264656067 390
1763905671846 0.1472388505935669 391
1763905671941 0.343561589717865 392
1763905672035 0.3481217324733734 393
1763905672131 0.023550990968942642 394
1763905672225 0.055856212973594666 395
1763905672320 0.277052640914917 396
1763905672415 0.39525434374809265 397
1763905672510 0.16195257008075714 398
1763905672603 0.10967332124710083 399
1763905672699 0.42633429169654846 400
