1761838015713 1.8068088293075562 0
1761838015756 1.5649460554122925 1
1761838015795 1.3956224918365479 2
1761838015834 1.308667540550232 3
1761838015872 1.2094764709472656 4
1761838015912 1.1306489706039429 5
1761838015951 1.0646072626113892 6
1761838015991 1.0199389457702637 7
1761838016031 0.9869837164878845 8
1761838016070 0.9502424001693726 9
1761838016109 0.9184508919715881 10
1761838016148 0.8953436613082886 11
1761838016187 0.8776076436042786 12
1761838016227 0.8526071906089783 13
1761838016266 0.8285170197486877 14
1761838016306 0.8073666095733643 15
1761838016346 0.784818172454834 16
1761838016385 0.7719597816467285 17
1761838016425 0.7603480815887451 18
1761838016462 0.7420243620872498 19
1761838016500 0.7245564460754395 20
1761838016539 0.7096251249313354 21
1761838016576 0.6997585892677307 22
1761838016614 0.6873092651367188 23
1761838016652 0.6785848736763 24
1761838016690 0.6679440140724182 25
1761838016729 0.6580289602279663 26
1761838016766 0.6447426676750183 27
1761838016805 0.6304129362106323 28
1761838016843 0.616392195224762 29
1761838016882 0.6029107570648193 30
1761838016922 0.5893126130104065 31
1761838016959 0.5767740607261658 32
1761838016997 0.5640859603881836 33
1761838017035 0.5519385933876038 34
1761838017074 0.5399065613746643 35
1761838017114 0.5290638208389282 36
1761838017153 0.5196723341941833 37
1761838017192 0.510352611541748 38
1761838017232 0.5018923878669739 39
1761838017270 0.49273544549942017 40
1761838017310 0.4839515686035156 41
1761838017348 0.47562915086746216 42
1761838017387 0.4681537449359894 43
1761838017425 0.46089887619018555 44
1761838017465 0.4535294473171234 45
1761838017504 0.4473050832748413 46
1761838017545 0.4402942955493927 47
1761838017586 0.43319928646087646 48
1761838017625 0.42738449573516846 49
1761838017664 0.4217487871646881 50
1761838017702 0.4162248373031616 51
1761838017741 0.41016387939453125 52
1761838017780 0.4050658941268921 53
1761838017819 0.39991146326065063 54
1761838017859 0.39543330669403076 55
1761838017898 0.3911605775356293 56
1761838017937 0.386385977268219 57
1761838017976 0.38169437646865845 58
1761838018012 0.3773413896560669 59
1761838018051 0.3734314739704132 60
1761838018091 0.3695758879184723 61
1761838018130 0.3653163015842438 62
1761838018170 0.3617951571941376 63
1761838018209 0.3579825758934021 64
1761838018248 0.3541859984397888 65
1761838018287 0.3507639169692993 66
1761838018326 0.3473404347896576 67
1761838018366 0.3438802659511566 68
1761838018406 0.34084227681159973 69
1761838018445 0.3379724621772766 70
1761838018484 0.3351261019706726 71
1761838018522 0.33262374997138977 72
1761838018559 0.33009058237075806 73
1761838018597 0.3274151384830475 74
1761838018636 0.32461217045783997 75
1761838018679 0.3222375214099884 76
1761838018722 0.320058137178421 77
1761838018764 0.3176940977573395 78
1761838018803 0.3150448799133301 79
1761838018841 0.31280094385147095 80
1761838018880 0.31038323044776917 81
1761838018919 0.30834129452705383 82
1761838018957 0.3060547709465027 83
1761838018995 0.3038664758205414 84
1761838019034 0.30167144536972046 85
1761838019073 0.29981714487075806 86
1761838019113 0.2981858551502228 87
1761838019152 0.2961490750312805 88
1761838019192 0.29427531361579895 89
1761838019232 0.2925036549568176 90
1761838019272 0.2905465066432953 91
1761838019312 0.2888142466545105 92
1761838019353 0.28711798787117004 93
1761838019395 0.2855820953845978 94
1761838019435 0.2838687002658844 95
1761838019474 0.28224387764930725 96
1761838019514 0.2806999087333679 97
1761838019557 0.27905526757240295 98
1761838019609 0.27765199542045593 99
1761838019651 0.2760299742221832 100
1761838019694 0.2745022475719452 101
1761838019735 0.27289414405822754 102
1761838019775 0.27139905095100403 103
1761838019814 0.2698032557964325 104
1761838019855 0.26852747797966003 105
1761838019896 0.26719847321510315 106
1761838019936 0.2662516236305237 107
1761838019976 0.2649191617965698 108
1761838020016 0.2637024521827698 109
1761838020057 0.2624218761920929 110
1761838020097 0.2611968517303467 111
1761838020138 0.26043403148651123 112
1761838020177 0.2590000331401825 113
1761838020216 0.2577229142189026 114
1761838020255 0.25649017095565796 115
1761838020295 0.2552359104156494 116
1761838020333 0.2541259229183197 117
1761838020373 0.25331610441207886 118
1761838020413 0.25218304991722107 119
1761838020453 0.25117814540863037 120
1761838020490 0.2501763105392456 121
1761838020529 0.24919411540031433 122
1761838020567 0.2482035607099533 123
1761838020606 0.24746982753276825 124
1761838020646 0.24699655175209045 125
1761838020684 0.24594005942344666 126
1761838020724 0.24507838487625122 127
1761838020763 0.24427419900894165 128
1761838020802 0.2432401180267334 129
1761838020841 0.2424229085445404 130
1761838020879 0.241532564163208 131
1761838020918 0.24054592847824097 132
1761838020955 0.23957239091396332 133
1761838020994 0.2386312037706375 134
1761838021034 0.23787960410118103 135
1761838021073 0.23713348805904388 136
1761838021112 0.23629838228225708 137
1761838021152 0.23539140820503235 138
1761838021192 0.23467771708965302 139
1761838021233 0.2340836375951767 140
1761838021272 0.23341362178325653 141
1761838021312 0.23275113105773926 142
1761838021351 0.23181992769241333 143
1761838021391 0.23102642595767975 144
1761838021428 0.2302064150571823 145
1761838021467 0.2294243723154068 146
1761838021507 0.22870998084545135 147
1761838021546 0.22796905040740967 148
1761838021585 0.22735635936260223 149
1761838021624 0.2267584502696991 150
1761838021664 0.226100891828537 151
1761838021701 0.22534121572971344 152
1761838021740 0.22473612427711487 153
1761838021780 0.2240038365125656 154
1761838021819 0.22336216270923615 155
1761838021857 0.2227759212255478 156
1761838021897 0.2221609354019165 157
1761838021936 0.22159095108509064 158
1761838021976 0.2213166058063507 159
1761838022015 0.22079207003116608 160
1761838022057 0.22037078440189362 161
1761838022096 0.21994264423847198 162
