1761838015713 1.2233433723449707 0
1761838015756 1.1353715658187866 1
1761838015795 1.4945440292358398 2
1761838015834 0.8788327574729919 3
1761838015872 0.24790774285793304 4
1761838015912 0.5138346552848816 5
1761838015951 0.4414765238761902 6
1761838015991 0.6571488380432129 7
1761838016031 1.1621012687683105 8
1761838016070 1.6362091302871704 9
1761838016109 0.7972918152809143 10
1761838016148 0.9465179443359375 11
1761838016187 2.2314093112945557 12
1761838016227 0.8652566075325012 13
1761838016266 0.2232402265071869 14
1761838016306 0.6255682706832886 15
1761838016346 0.752349853515625 16
1761838016385 1.7488884925842285 17
1761838016425 0.15090502798557281 18
1761838016462 0.31617921590805054 19
1761838016500 0.254572331905365 20
1761838016539 1.2161613702774048 21
1761838016576 1.5669903755187988 22
1761838016614 0.1039608046412468 23
1761838016652 0.5632351040840149 24
1761838016690 0.5285210609436035 25
1761838016729 0.9942077994346619 26
1761838016766 0.9177701473236084 27
1761838016805 0.3839372992515564 28
1761838016843 0.048967648297548294 29
1761838016882 0.2033996731042862 30
1761838016922 0.18328291177749634 31
1761838016959 0.13991431891918182 32
1761838016997 0.3578896224498749 33
1761838017035 0.16363857686519623 34
1761838017074 0.7229481935501099 35
1761838017114 0.3319700360298157 36
1761838017153 0.8676020503044128 37
1761838017192 0.7821953296661377 38
1761838017232 0.2402063012123108 39
1761838017270 0.2960885465145111 40
1761838017310 0.22522218525409698 41
1761838017348 0.25760912895202637 42
1761838017387 1.271862268447876 43
1761838017425 0.3487596809864044 44
1761838017465 0.2698042392730713 45
1761838017504 0.21992821991443634 46
1761838017545 0.6718913316726685 47
1761838017586 0.0637659803032875 48
1761838017625 0.13272446393966675 49
1761838017664 0.573580265045166 50
1761838017702 0.4293416142463684 51
1761838017741 0.37967243790626526 52
1761838017780 0.3552290201187134 53
1761838017819 0.2637273967266083 54
1761838017859 0.4563833475112915 55
1761838017898 0.44124922156333923 56
1761838017937 0.26444709300994873 57
1761838017976 0.20533114671707153 58
1761838018012 0.03972296416759491 59
1761838018051 1.0728824138641357 60
1761838018091 0.11595697700977325 61
1761838018130 0.09669874608516693 62
1761838018170 0.44703373312950134 63
1761838018209 0.017826205119490623 64
1761838018248 0.1099146381020546 65
1761838018287 0.21629847586154938 66
1761838018326 0.14899826049804688 67
1761838018366 0.02857670933008194 68
1761838018406 0.3898918032646179 69
1761838018445 0.39535897970199585 70
1761838018484 0.029120292514562607 71
1761838018522 0.180808424949646 72
1761838018559 0.018882209435105324 73
1761838018597 0.028281347826123238 74
1761838018636 0.17864777147769928 75
1761838018679 0.12511096894741058 76
1761838018722 0.322368860244751 77
1761838018764 0.27914613485336304 78
1761838018803 0.0407278798520565 79
1761838018841 0.13942427933216095 80
1761838018880 0.05670880898833275 81
1761838018919 0.059857044368982315 82
1761838018957 0.30590102076530457 83
1761838018995 0.42771509289741516 84
1761838019034 0.05637207254767418 85
1761838019073 0.24727675318717957 86
1761838019113 0.43981000781059265 87
1761838019152 0.06399671733379364 88
1761838019192 0.05563747137784958 89
1761838019232 0.0995975062251091 90
1761838019272 0.09581959992647171 91
1761838019312 0.23898723721504211 92
1761838019353 0.034593433141708374 93
1761838019395 0.3638981282711029 94
1761838019435 0.016858940944075584 95
1761838019474 0.13642297685146332 96
1761838019514 0.11567102372646332 97
1761838019557 0.04648766666650772 98
1761838019609 0.6784992218017578 99
1761838019651 0.01575959287583828 100
1761838019694 0.029331861063838005 101
1761838019735 0.1382736712694168 102
1761838019775 0.056101441383361816 103
1761838019814 0.030542943626642227 104
1761838019855 0.07909144461154938 105
1761838019896 0.26560840010643005 106
1761838019936 0.42206084728240967 107
1761838019976 0.25290465354919434 108
1761838020016 0.9223837852478027 109
1761838020057 0.027868062257766724 110
1761838020097 0.060184840112924576 111
1761838020138 0.9616748094558716 112
1761838020177 0.47532302141189575 113
1761838020216 0.4363522529602051 114
1761838020255 0.014952030032873154 115
1761838020295 0.01741192489862442 116
1761838020333 0.05644543468952179 117
1761838020373 0.6018982529640198 118
1761838020413 0.25401419401168823 119
1761838020453 0.7612001299858093 120
1761838020490 0.3114522099494934 121
1761838020529 0.3660796880722046 122
1761838020567 0.1625967025756836 123
1761838020606 0.7237167954444885 124
1761838020646 1.5069032907485962 125
1761838020684 0.02409062348306179 126
1761838020724 0.008039413951337337 127
1761838020763 0.05645870789885521 128
1761838020802 0.03342490270733833 129
1761838020841 0.5753226280212402 130
1761838020879 0.0529349222779274 131
1761838020918 0.009990095160901546 132
1761838020955 0.3882889747619629 133
1761838020994 0.12449315190315247 134
1761838021034 0.22573424875736237 135
1761838021073 0.11299166828393936 136
1761838021112 0.10983217507600784 137
1761838021152 0.004941628314554691 138
1761838021192 0.03261701390147209 139
1761838021233 0.27171581983566284 140
1761838021272 0.20140133798122406 141
1761838021312 0.08985783904790878 142
1761838021351 0.325279176235199 143
1761838021391 0.13503463566303253 144
1761838021428 0.3970651626586914 145
1761838021467 0.00797176081687212 146
1761838021507 0.2612152099609375 147
1761838021546 0.5928187370300293 148
1761838021585 0.06018471345305443 149
1761838021624 0.5174742341041565 150
1761838021664 0.038274459540843964 151
1761838021701 0.022457856684923172 152
1761838021740 0.06077893078327179 153
1761838021780 0.2220897376537323 154
1761838021819 0.0049362811259925365 155
1761838021857 0.0318525955080986 156
1761838021897 0.06888873130083084 157
1761838021936 0.42353010177612305 158
1761838021976 2.138906240463257 159
1761838022015 0.04004665091633797 160
1761838022057 0.47566941380500793 161
1761838022096 1.39036226272583 162
