1761841455379 1.8067259788513184 0
1761841455459 1.3364243507385254 1
1761841455541 1.2493113279342651 2
1761841455622 1.1600111722946167 3
1761841455704 0.9910226464271545 4
1761841455783 0.9909101128578186 5
1761841455864 0.935889482498169 6
1761841455943 0.8708526492118835 7
1761841456022 0.7372308373451233 8
1761841456102 0.7544654607772827 9
1761841456186 0.6513703465461731 10
1761841456271 0.658303439617157 11
1761841456356 0.6729617714881897 12
1761841456435 0.6739184856414795 13
1761841456517 0.6692325472831726 14
1761841456600 0.5983383655548096 15
1761841456678 0.5869759321212769 16
1761841456758 0.5869112014770508 17
1761841456838 0.6580832600593567 18
1761841456918 0.5734657049179077 19
1761841456996 0.5843122601509094 20
1761841457075 0.5671110153198242 21
1761841457154 0.46852922439575195 22
1761841457238 0.6126512885093689 23
1761841457321 0.5103822350502014 24
1761841457405 0.4044439196586609 25
1761841457491 0.4942673444747925 26
1761841457575 0.47651222348213196 27
