1762798785586 1.7680389881134033 0
1762798785682 1.5665838718414307 1
1762798785774 1.4447085857391357 2
1762798785869 1.3609603643417358 3
1762798785962 1.2849591970443726 4
1762798786054 1.2341499328613281 5
1762798786146 1.185172438621521 6
1762798786241 1.1392804384231567 7
1762798786334 1.1007168292999268 8
1762798786427 1.0667747259140015 9
1762798786518 1.030639410018921 10
1762798786612 1.0032881498336792 11
1762798786707 0.9779980182647705 12
1762798786800 0.9554669260978699 13
1762798786896 0.9333279728889465 14
1762798786986 0.9123077392578125 15
1762798787080 0.8910202383995056 16
1762798787173 0.8746698498725891 17
1762798787265 0.85880047082901 18
1762798787356 0.843151330947876 19
1762798787450 0.8265975117683411 20
1762798787540 0.8094269633293152 21
1762798787636 0.7957718968391418 22
1762798787731 0.7822158336639404 23
1762798787827 0.7683797478675842 24
1762798787919 0.7575840353965759 25
1762798788012 0.7485660910606384 26
1762798788105 0.7377378344535828 27
1762798788198 0.7282871603965759 28
1762798788291 0.7188794612884521 29
1762798788383 0.7097569704055786 30
1762798788475 0.7028132677078247 31
1762798788567 0.6955186724662781 32
1762798788663 0.6878666281700134 33
1762798788755 0.6786715984344482 34
