1762798785586 1.3111827373504639 0
1762798785682 1.2145792245864868 1
1762798785774 1.280983328819275 2
1762798785869 0.7350628972053528 3
1762798785962 1.3133580684661865 4
1762798786054 0.9014216065406799 5
1762798786146 1.0556520223617554 6
1762798786241 0.21812990307807922 7
1762798786334 0.618073582649231 8
1762798786427 1.0019060373306274 9
1762798786518 0.6648431420326233 10
1762798786612 0.27957263588905334 11
1762798786707 0.9525994062423706 12
1762798786800 0.5011605620384216 13
1762798786896 0.2971806824207306 14
1762798786986 0.3505382835865021 15
1762798787080 0.5178958177566528 16
1762798787173 0.3414209187030792 17
1762798787265 0.4834563434123993 18
1762798787356 0.7509691119194031 19
1762798787450 0.6923845410346985 20
1762798787540 0.40476661920547485 21
1762798787636 0.5813303589820862 22
1762798787731 0.4549673795700073 23
1762798787827 0.6090041399002075 24
1762798787919 0.6549018621444702 25
1762798788012 0.3708321154117584 26
1762798788105 0.17045345902442932 27
1762798788198 0.45921358466148376 28
1762798788291 0.4294174909591675 29
1762798788383 0.3712522089481354 30
1762798788475 0.3459791839122772 31
1762798788567 0.43516814708709717 32
1762798788663 0.3795304596424103 33
1762798788755 0.7820316553115845 34
