1763904627647 1.7144153118133545 0
1763904627742 1.5105183124542236 1
1763904627837 1.3854413032531738 2
1763904627928 1.3010106086730957 3
1763904628021 1.2327513694763184 4
1763904628120 1.1798783540725708 5
1763904628216 1.1412222385406494 6
1763904628310 1.1032071113586426 7
1763904628404 1.06013023853302 8
1763904628496 1.0297274589538574 9
1763904628588 1.0065715312957764 10
1763904628680 0.9836522340774536 11
1763904628771 0.961404025554657 12
1763904628863 0.9362572431564331 13
1763904628954 0.9164809584617615 14
1763904629048 0.8988045454025269 15
1763904629140 0.8832435011863708 16
1763904629231 0.865169107913971 17
1763904629324 0.850863516330719 18
1763904629416 0.8354879021644592 19
1763904629508 0.8219706416130066 20
1763904629600 0.809137761592865 21
1763904629692 0.796053946018219 22
1763904629784 0.7844941020011902 23
1763904629877 0.773155689239502 24
1763904629969 0.7622993588447571 25
1763904630062 0.7521380186080933 26
1763904630154 0.7409758567810059 27
1763904630247 0.7321417927742004 28
1763904630339 0.7226876616477966 29
1763904630432 0.7141520380973816 30
