1763904627647 1.9401164054870605 0
1763904627742 1.1017634868621826 1
1763904627837 0.772564172744751 2
1763904627928 0.9000480771064758 3
1763904628021 0.947503387928009 4
1763904628120 0.8050881624221802 5
1763904628216 0.7209731936454773 6
1763904628310 0.9621900320053101 7
1763904628404 0.7917777299880981 8
1763904628496 0.2660430073738098 9
1763904628588 0.7770724296569824 10
1763904628680 1.0440688133239746 11
1763904628771 1.3236017227172852 12
1763904628863 1.2533031702041626 13
1763904628954 0.6605919003486633 14
1763904629048 0.7941378355026245 15
1763904629140 0.6230401992797852 16
1763904629231 0.704382061958313 17
1763904629324 0.19039557874202728 18
1763904629416 0.2530943751335144 19
1763904629508 1.2355505228042603 20
1763904629600 0.750580906867981 21
1763904629692 0.2898113429546356 22
1763904629784 0.8883503675460815 23
1763904629877 0.6123566627502441 24
1763904629969 0.6840944886207581 25
1763904630062 0.3747764825820923 26
1763904630154 0.5616565942764282 27
1763904630247 0.34294360876083374 28
1763904630339 0.5031131505966187 29
1763904630432 0.31115612387657166 30
