1762792665586 1.7169394493103027 0
1762792665678 1.5365256071090698 1
1762792665769 1.4387284517288208 2
1762792665860 1.3574588298797607 3
1762792665951 1.3002911806106567 4
1762792666043 1.2524120807647705 5
1762792666136 1.20921790599823 6
1762792666228 1.1687146425247192 7
1762792666320 1.1321635246276855 8
1762792666412 1.1071628332138062 9
1762792666503 1.080452561378479 10
1762792666594 1.0495824813842773 11
1762792666685 1.0346899032592773 12
1762792666777 1.009854793548584 13
1762792666868 0.9928396940231323 14
1762792666958 0.9747698903083801 15
1762792667049 0.958441972732544 16
1762792667139 0.9448223114013672 17
1762792667230 0.927912712097168 18
1762792667321 0.9129170179367065 19
1762792667413 0.8971701860427856 20
1762792667502 0.8849272131919861 21
1762792667596 0.8721153140068054 22
1762792667690 0.8585869073867798 23
1762792667782 0.8454410433769226 24
1762792667875 0.8369880318641663 25
1762792667970 0.8277722001075745 26
1762792668064 0.8187634348869324 27
1762792668156 0.8104627132415771 28
1762792668247 0.8006144165992737 29
1762792668338 0.7917775511741638 30
1762792668430 0.7815884947776794 31
1762792668523 0.7753878235816956 32
1762792668614 0.765317976474762 33
1762792668704 0.7590556144714355 34
1762792668796 0.7514347434043884 35
1762792668888 0.7431188821792603 36
1762792668981 0.7364922165870667 37
1762792669073 0.7294000387191772 38
1762792669163 0.7222771644592285 39
1762792669254 0.716525137424469 40
1762792669346 0.7095828652381897 41
1762792669437 0.7032204866409302 42
1762792669529 0.6955754160881042 43
1762792669620 0.6885976791381836 44
1762792669710 0.684212327003479 45
1762792669801 0.6789321303367615 46
1762792669892 0.6737643480300903 47
1762792669982 0.668125331401825 48
1762792670074 0.6639378666877747 49
1762792670168 0.659612238407135 50
