1762792665586 1.5982314348220825 0
1762792665678 1.988861083984375 1
1762792665769 1.5256562232971191 2
1762792665860 0.740253210067749 3
1762792665951 0.8757195472717285 4
1762792666043 1.3500605821609497 5
1762792666136 0.7756386399269104 6
1762792666228 0.5450224876403809 7
1762792666320 0.6699897646903992 8
1762792666412 0.4564739167690277 9
1762792666503 0.7447618246078491 10
1762792666594 0.7436447143554688 11
1762792666685 0.8148754835128784 12
1762792666777 0.6533815264701843 13
1762792666868 0.5013132095336914 14
1762792666958 0.4446767568588257 15
1762792667049 0.6896188855171204 16
1762792667139 0.48000192642211914 17
1762792667230 0.4498879313468933 18
1762792667321 0.6907238364219666 19
1762792667413 0.2068571299314499 20
1762792667502 0.449759304523468 21
1762792667596 0.5800480246543884 22
1762792667690 0.9004663228988647 23
1762792667782 0.4336247742176056 24
1762792667875 0.2563702464103699 25
1762792667970 0.6365311145782471 26
1762792668064 0.9201264381408691 27
1762792668156 0.44740623235702515 28
1762792668247 0.3526994585990906 29
1762792668338 0.5780001282691956 30
1762792668430 0.7972698211669922 31
1762792668523 0.4320189356803894 32
1762792668614 0.12267041951417923 33
1762792668704 0.6236817836761475 34
1762792668796 0.39972755312919617 35
1762792668888 0.47338050603866577 36
1762792668981 0.7611748576164246 37
1762792669073 0.22385194897651672 38
1762792669163 0.6573390960693359 39
1762792669254 0.27314186096191406 40
1762792669346 0.3661678433418274 41
1762792669437 0.2811243236064911 42
1762792669529 0.22950828075408936 43
1762792669620 0.09738059341907501 44
1762792669710 0.45970505475997925 45
1762792669801 0.27289026975631714 46
1762792669892 0.21298392117023468 47
1762792669982 0.19110263884067535 48
1762792670074 0.4808509349822998 49
1762792670168 0.3473025858402252 50
