1762798561574 1.7482348680496216 0
1762798561675 1.521651268005371 1
1762798561773 1.4064756631851196 2
1762798561870 1.317715048789978 3
1762798561967 1.244648814201355 4
1762798562063 1.19584321975708 5
1762798562159 1.1543464660644531 6
1762798562254 1.1118934154510498 7
1762798562349 1.074030876159668 8
1762798562444 1.0429177284240723 9
1762798562540 1.0170615911483765 10
1762798562635 0.9918764233589172 11
1762798562732 0.9675204753875732 12
1762798562827 0.9469611644744873 13
1762798562925 0.9280593991279602 14
1762798563020 0.907341480255127 15
1762798563123 0.8945389986038208 16
1762798563222 0.876516580581665 17
1762798563318 0.8622099757194519 18
1762798563413 0.8475293517112732 19
1762798563508 0.8335267305374146 20
1762798563602 0.8171309232711792 21
1762798563700 0.8017183542251587 22
1762798563796 0.7910101413726807 23
