1762798561574 1.9849330186843872 0
1762798561675 1.1607424020767212 1
1762798561773 0.8598237037658691 2
1762798561870 1.3010993003845215 3
1762798561967 0.7555340528488159 4
1762798562063 0.45136114954948425 5
1762798562159 0.5382598042488098 6
1762798562254 0.6685011982917786 7
1762798562349 0.9458544850349426 8
1762798562444 0.7952708005905151 9
1762798562540 1.2983266115188599 10
1762798562635 0.4784146845340729 11
1762798562732 0.6438807845115662 12
1762798562827 0.6462478041648865 13
1762798562925 0.5746155977249146 14
1762798563020 0.7653740048408508 15
1762798563123 1.60112464427948 16
1762798563222 0.7406766414642334 17
1762798563318 0.7062373161315918 18
1762798563413 0.9386175274848938 19
1762798563508 0.434035062789917 20
1762798563602 1.146700382232666 21
1762798563700 0.3499285876750946 22
1762798563796 0.990691602230072 23
