1761838549190 1.8402111530303955 0
1761838549264 1.6507036685943604 1
1761838549335 1.5184799432754517 2
1761838549406 1.452317237854004 3
1761838549479 1.3942877054214478 4
1761838549550 1.3335247039794922 5
1761838549622 1.286117434501648 6
1761838549695 1.2419099807739258 7
1761838549768 1.2060973644256592 8
1761838549841 1.16494619846344 9
1761838549913 1.1336827278137207 10
1761838549983 1.111718773841858 11
1761838550054 1.0816324949264526 12
1761838550123 1.0584205389022827 13
1761838550194 1.0364336967468262 14
1761838550264 1.0170360803604126 15
1761838550335 0.9998338222503662 16
1761838550408 0.9811568260192871 17
1761838550476 0.9628696441650391 18
1761838550548 0.9443899989128113 19
1761838550616 0.9258199334144592 20
1761838550693 0.915782630443573 21
1761838550765 0.9026771187782288 22
1761838550836 0.8887007832527161 23
1761838550907 0.8771186470985413 24
1761838550979 0.8658671975135803 25
1761838551048 0.854672908782959 26
1761838551120 0.8428916931152344 27
1761838551193 0.8297389149665833 28
1761838551266 0.8160607218742371 29
1761838551337 0.8037572503089905 30
1761838551409 0.7915496826171875 31
1761838551480 0.7797707319259644 32
1761838551555 0.7675556540489197 33
1761838551630 0.7569068670272827 34
1761838551702 0.7449520826339722 35
1761838551773 0.7341331839561462 36
1761838551846 0.724382758140564 37
1761838551919 0.7154846787452698 38
1761838551997 0.7047396898269653 39
1761838552070 0.6956725120544434 40
1761838552143 0.6876688599586487 41
1761838552216 0.6794870495796204 42
1761838552288 0.6719285845756531 43
1761838552359 0.6644941568374634 44
1761838552430 0.6575654745101929 45
1761838552500 0.6501752734184265 46
1761838552571 0.6434766054153442 47
1761838552641 0.6375422477722168 48
1761838552712 0.6314383149147034 49
1761838552783 0.6254934072494507 50
1761838552857 0.6188108325004578 51
1761838552931 0.6137771010398865 52
1761838553002 0.6081878542900085 53
1761838553075 0.6029089093208313 54
1761838553145 0.59843909740448 55
1761838553217 0.5930320024490356 56
1761838553296 0.5886940360069275 57
1761838553375 0.5847913026809692 58
1761838553454 0.581190288066864 59
1761838553531 0.577343761920929 60
1761838553609 0.573253870010376 61
1761838553687 0.5688470602035522 62
1761838553760 0.5647122263908386 63
1761838553834 0.5618865489959717 64
1761838553906 0.5586912631988525 65
1761838553977 0.5546318888664246 66
1761838554050 0.5501706004142761 67
1761838554122 0.5465254783630371 68
1761838554194 0.5429650545120239 69
1761838554265 0.5402979254722595 70
1761838554338 0.5374545454978943 71
1761838554406 0.5360947251319885 72
1761838554478 0.5329107642173767 73
1761838554549 0.5303569436073303 74
1761838554621 0.5282308459281921 75
1761838554692 0.525460958480835 76
1761838554763 0.5224871039390564 77
1761838554834 0.519920825958252 78
1761838554905 0.517274022102356 79
1761838554976 0.5151033997535706 80
1761838555049 0.5124651789665222 81
1761838555121 0.5098332762718201 82
1761838555192 0.5077550411224365 83
1761838555263 0.5057002902030945 84
1761838555334 0.5032183527946472 85
1761838555421 0.5006028413772583 86
1761838555498 0.4991874098777771 87
1761838555576 0.4969500005245209 88
1761838555655 0.4948543310165405 89
1761838555731 0.49257808923721313 90
1761838555810 0.49067220091819763 91
1761838555888 0.48848628997802734 92
1761838555965 0.4863390624523163 93
1761838556040 0.48424962162971497 94
1761838556110 0.48259541392326355 95
1761838556184 0.4807324707508087 96
1761838556260 0.4794829785823822 97
1761838556335 0.47806617617607117 98
1761838556415 0.4767500162124634 99
1761838556504 0.4752914607524872 100
1761838556581 0.47345706820487976 101
1761838556657 0.4720592200756073 102
1761838556735 0.47022074460983276 103
1761838556812 0.4689735174179077 104
1761838556890 0.4672587513923645 105
1761838556994 0.4656885266304016 106
1761838557075 0.46431708335876465 107
1761838557155 0.4629582464694977 108
1761838557240 0.46165332198143005 109
1761838557323 0.46035030484199524 110
1761838557397 0.458585262298584 111
1761838557472 0.4574064612388611 112
1761838557547 0.45631736516952515 113
1761838557618 0.45522627234458923 114
1761838557690 0.45415395498275757 115
1761838557761 0.45289692282676697 116
1761838557834 0.4516904354095459 117
1761838557907 0.4502256512641907 118
1761838557978 0.44886502623558044 119
1761838558048 0.44773706793785095 120
1761838558120 0.4464736878871918 121
1761838558191 0.44554102420806885 122
1761838558262 0.4447787404060364 123
1761838558336 0.4438014030456543 124
1761838558406 0.4432789087295532 125
1761838558479 0.4424641728401184 126
1761838558552 0.441830575466156 127
1761838558626 0.44082802534103394 128
1761838558698 0.44016218185424805 129
1761838558771 0.43933606147766113 130
1761838558843 0.43843305110931396 131
1761838558915 0.4376109540462494 132
1761838558988 0.436684250831604 133
1761838559062 0.43551498651504517 134
1761838559133 0.4348781704902649 135
1761838559205 0.4338248074054718 136
1761838559277 0.432660847902298 137
1761838559350 0.4316399395465851 138
1761838559420 0.4309925436973572 139
1761838559496 0.43047744035720825 140
1761838559572 0.42981889843940735 141
1761838559642 0.428954541683197 142
1761838559716 0.428483247756958 143
1761838559788 0.4279525876045227 144
1761838559863 0.4270980656147003 145
1761838559946 0.42597565054893494 146
1761838560026 0.4249345362186432 147
1761838560108 0.423738956451416 148
1761838560185 0.4232763350009918 149
1761838560260 0.42247143387794495 150
1761838560335 0.42145076394081116 151
1761838560409 0.4208224415779114 152
1761838560483 0.42012983560562134 153
1761838560558 0.4192805290222168 154
1761838560632 0.41886261105537415 155
1761838560707 0.41801467537879944 156
1761838560782 0.4174076020717621 157
1761838560859 0.4166196286678314 158
1761838560935 0.41576385498046875 159
1761838561013 0.41517114639282227 160
1761838561089 0.41434910893440247 161
1761838561166 0.41367146372795105 162
1761838561242 0.4130290448665619 163
1761838561313 0.41274386644363403 164
1761838561389 0.4121958017349243 165
1761838561462 0.4116010367870331 166
1761838561535 0.4108438789844513 167
1761838561611 0.4104366600513458 168
1761838561685 0.40997573733329773 169
1761838561762 0.40957802534103394 170
1761838561840 0.40916234254837036 171
1761838561920 0.408596009016037 172
1761838562000 0.4080002009868622 173
1761838562078 0.4073038697242737 174
1761838562153 0.40675389766693115 175
1761838562230 0.4064379930496216 176
1761838562303 0.4059681296348572 177
1761838562379 0.405693918466568 178
1761838562454 0.4049076437950134 179
1761838562529 0.4050033986568451 180
1761838562610 0.404743492603302 181
1761838562692 0.4041786789894104 182
1761838562769 0.4035060703754425 183
1761838562847 0.4032254219055176 184
1761838562926 0.4028148353099823 185
1761838563003 0.4026326537132263 186
1761838563080 0.40189796686172485 187
1761838563158 0.4017426669597626 188
1761838563232 0.40135785937309265 189
1761838563306 0.4011891186237335 190
1761838563380 0.4007190763950348 191
1761838563458 0.40024152398109436 192
1761838563533 0.3997504413127899 193
1761838563605 0.3995107412338257 194
1761838563678 0.3991197943687439 195
1761838563749 0.3985842764377594 196
1761838563822 0.3984069228172302 197
1761838563895 0.3978995084762573 198
1761838563967 0.3975311815738678 199
1761838564042 0.39719441533088684 200
1761838564116 0.39696577191352844 201
1761838564191 0.39651912450790405 202
1761838564266 0.396140456199646 203
1761838564342 0.39562681317329407 204
1761838564417 0.3951418697834015 205
1761838564491 0.3947664499282837 206
1761838564566 0.39441701769828796 207
1761838564642 0.3941245377063751 208
1761838564714 0.39382293820381165 209
1761838564786 0.393546998500824 210
1761838564859 0.3931241035461426 211
1761838564936 0.3927730917930603 212
1761838565017 0.3924146890640259 213
1761838565107 0.3921988904476166 214
1761838565190 0.39183786511421204 215
1761838565272 0.3918129503726959 216
1761838565350 0.39157986640930176 217
1761838565428 0.39129799604415894 218
1761838565505 0.3908692002296448 219
1761838565578 0.3903394341468811 220
1761838565648 0.38989293575286865 221
1761838565721 0.39002561569213867 222
1761838565791 0.38969793915748596 223
1761838565864 0.38937070965766907 224
1761838565937 0.38898593187332153 225
1761838566009 0.38869690895080566 226
1761838566083 0.3882904052734375 227
1761838566156 0.3879793584346771 228
1761838566239 0.38752999901771545 229
1761838566322 0.38733795285224915 230
1761838566400 0.3872043788433075 231
1761838566476 0.3871132433414459 232
1761838566553 0.3869355022907257 233
1761838566643 0.38643568754196167 234
1761838566753 0.38614922761917114 235
1761838566840 0.3859333097934723 236
1761838566932 0.38587841391563416 237
1761838567014 0.38555681705474854 238
1761838567100 0.38533955812454224 239
1761838567183 0.3851933777332306 240
1761838567268 0.3847414553165436 241
1761838567378 0.38459905982017517 242
1761838567457 0.3843485713005066 243
1761838567538 0.38403356075286865 244
1761838567619 0.38357314467430115 245
1761838567701 0.38323941826820374 246
1761838567780 0.38315603137016296 247
1761838567860 0.3829203248023987 248
1761838567940 0.38276898860931396 249
1761838568020 0.3826195299625397 250
1761838568098 0.3823309540748596 251
1761838568182 0.382098913192749 252
1761838568262 0.38181817531585693 253
1761838568344 0.38159066438674927 254
1761838568423 0.3813275098800659 255
1761838568512 0.38090798258781433 256
1761838568597 0.3808547258377075 257
1761838568679 0.3806948661804199 258
1761838568761 0.38041138648986816 259
1761838568846 0.38029250502586365 260
1761838568927 0.37998825311660767 261
1761838569013 0.37968266010284424 262
1761838569096 0.37955859303474426 263
1761838569179 0.37944161891937256 264
1761838569260 0.37912365794181824 265
1761838569340 0.378994882106781 266
1761838569421 0.37881606817245483 267
1761838569501 0.3787508010864258 268
1761838569579 0.3784889280796051 269
1761838569658 0.37815186381340027 270
1761838569738 0.3780338168144226 271
1761838569835 0.3778981566429138 272
1761838569921 0.37758564949035645 273
1761838570001 0.3773499131202698 274
1761838570082 0.3771483898162842 275
1761838570163 0.3769453465938568 276
1761838570254 0.3769771456718445 277
1761838570339 0.37664756178855896 278
1761838570419 0.37636393308639526 279
1761838570497 0.3763658404350281 280
1761838570573 0.37620246410369873 281
1761838570646 0.3759959638118744 282
1761838570718 0.3758026957511902 283
1761838570792 0.3755405843257904 284
1761838570870 0.3753510117530823 285
1761838570948 0.3753049969673157 286
1761838571027 0.3751734793186188 287
1761838571106 0.37486937642097473 288
1761838571186 0.37466830015182495 289
1761838571259 0.37460213899612427 290
1761838571333 0.3745182454586029 291
1761838571406 0.3742716610431671 292
1761838571483 0.3740713894367218 293
1761838571563 0.37371009588241577 294
1761838571656 0.3735363185405731 295
1761838571733 0.3733425438404083 296
1761838571811 0.37322965264320374 297
1761838571888 0.37306544184684753 298
1761838571961 0.3729948401451111 299
1761838572033 0.37270665168762207 300
1761838572106 0.3726746141910553 301
1761838572182 0.37244492769241333 302
1761838572277 0.3723556101322174 303
1761838572360 0.37213170528411865 304
1761838572456 0.37199392914772034 305
1761838572541 0.3717274069786072 306
1761838572624 0.37162065505981445 307
1761838572700 0.3714176118373871 308
1761838572779 0.3712385296821594 309
1761838572859 0.3712187707424164 310
1761838572936 0.3709936738014221 311
1761838573011 0.3708847165107727 312
1761838573088 0.37068068981170654 313
1761838573165 0.3704913854598999 314
1761838573245 0.370390921831131 315
1761838573327 0.37025758624076843 316
1761838573409 0.3700253963470459 317
1761838573483 0.3698413372039795 318
1761838573560 0.36968889832496643 319
1761838573635 0.36960333585739136 320
1761838573708 0.3694572448730469 321
1761838573781 0.369176983833313 322
1761838573855 0.3692282736301422 323
1761838573931 0.36893215775489807 324
1761838574006 0.3688197731971741 325
1761838574083 0.36870184540748596 326
1761838574159 0.36845794320106506 327
1761838574235 0.3683079183101654 328
1761838574310 0.3682670593261719 329
1761838574383 0.36835986375808716 330
1761838574458 0.3682270646095276 331
1761838574532 0.3679986298084259 332
1761838574606 0.367840439081192 333
1761838574678 0.36780110001564026 334
1761838574751 0.3676691949367523 335
1761838574826 0.3674772083759308 336
1761838574899 0.3675834834575653 337
1761838574973 0.36743995547294617 338
1761838575047 0.3673621714115143 339
1761838575120 0.3674144148826599 340
1761838575194 0.36715757846832275 341
1761838575269 0.36712297797203064 342
1761838575341 0.36706647276878357 343
1761838575416 0.3670836091041565 344
1761838575489 0.3669400215148926 345
1761838575563 0.36677050590515137 346
1761838575637 0.3665331304073334 347
1761838575711 0.36648672819137573 348
1761838575785 0.36629027128219604 349
1761838575859 0.3661459684371948 350
1761838575933 0.3659665882587433 351
1761838576006 0.3658410608768463 352
1761838576081 0.3656948506832123 353
1761838576154 0.3656848669052124 354
1761838576228 0.36556747555732727 355
1761838576302 0.3654687702655792 356
1761838576376 0.3654497265815735 357
1761838576450 0.36545711755752563 358
1761838576524 0.36540278792381287 359
1761838576596 0.36536386609077454 360
1761838576670 0.3652559220790863 361
1761838576741 0.36520102620124817 362
1761838576816 0.3649311065673828 363
1761838576891 0.36480534076690674 364
1761838576966 0.3645874857902527 365
1761838577042 0.3644963502883911 366
1761838577116 0.36437931656837463 367
1761838577190 0.3643334209918976 368
1761838577266 0.3642498254776001 369
1761838577340 0.3642325699329376 370
1761838577415 0.36407604813575745 371
1761838577489 0.3640184998512268 372
1761838577562 0.36405253410339355 373
1761838577639 0.3639582693576813 374
1761838577713 0.3638429641723633 375
1761838577786 0.3637315034866333 376
1761838577860 0.3635334372520447 377
1761838577936 0.36332762241363525 378
1761838578010 0.36330336332321167 379
1761838578086 0.36312147974967957 380
1761838578159 0.36297208070755005 381
1761838578232 0.3628180921077728 382
1761838578306 0.3625984787940979 383
1761838578382 0.36250677704811096 384
1761838578455 0.36239543557167053 385
1761838578532 0.36224260926246643 386
1761838578611 0.36208462715148926 387
1761838578686 0.36189886927604675 388
1761838578761 0.3617726266384125 389
1761838578837 0.36169910430908203 390
1761838578912 0.36167675256729126 391
1761838578987 0.3614668548107147 392
1761838579063 0.3613268733024597 393
1761838579137 0.3612583875656128 394
1761838579216 0.36102113127708435 395
1761838579301 0.3610188961029053 396
1761838579377 0.3608914911746979 397
1761838579453 0.3607865571975708 398
1761838579528 0.36059534549713135 399
1761838579603 0.36048462986946106 400
