1761838549190 1.7244151830673218 0
1761838549264 1.3642032146453857 1
1761838549335 1.124527096748352 2
1761838549406 1.1288963556289673 3
1761838549479 1.840592861175537 4
1761838549550 2.1364898681640625 5
1761838549622 1.02302885055542 6
1761838549695 1.3921189308166504 7
1761838549768 2.2709407806396484 8
1761838549841 0.5051181316375732 9
1761838549913 1.1978307962417603 10
1761838549983 0.8845269083976746 11
1761838550054 1.143371343612671 12
1761838550123 1.031358242034912 13
1761838550194 0.49776554107666016 14
1761838550264 0.8807137608528137 15
1761838550335 0.28823167085647583 16
1761838550408 1.6049094200134277 17
1761838550476 0.37146660685539246 18
1761838550548 0.7895693778991699 19
1761838550616 0.9676933884620667 20
1761838550693 0.3314862847328186 21
1761838550765 0.7224382162094116 22
1761838550836 0.8856126070022583 23
1761838550907 1.0645979642868042 24
1761838550979 1.6597154140472412 25
1761838551048 1.2251193523406982 26
1761838551120 0.43377721309661865 27
1761838551193 0.4519428014755249 28
1761838551266 0.6914045810699463 29
1761838551337 0.1816781759262085 30
1761838551409 0.5012356042861938 31
1761838551480 0.3984600603580475 32
1761838551555 0.41129469871520996 33
1761838551630 0.7206149101257324 34
1761838551702 0.2830343246459961 35
1761838551773 1.2774202823638916 36
1761838551846 0.6435426473617554 37
1761838551919 2.261075973510742 38
1761838551997 0.3776322603225708 39
1761838552070 0.35388341546058655 40
1761838552143 0.3290902376174927 41
1761838552216 0.3479023575782776 42
1761838552288 0.27148768305778503 43
1761838552359 0.056288886815309525 44
1761838552430 0.2731735408306122 45
1761838552500 0.7984634637832642 46
1761838552571 0.6300978660583496 47
1761838552641 0.21126776933670044 48
1761838552712 0.23626701533794403 49
1761838552783 0.24985966086387634 50
1761838552857 0.3668994903564453 51
1761838552931 1.3693695068359375 52
1761838553002 0.48874109983444214 53
1761838553075 0.17001378536224365 54
1761838553145 1.2133457660675049 55
1761838553217 0.11400344222784042 56
1761838553296 0.8602877259254456 57
1761838553375 0.4409390389919281 58
1761838553454 0.726720929145813 59
1761838553531 0.31647005677223206 60
1761838553609 0.37240782380104065 61
1761838553687 0.9944579601287842 62
1761838553760 0.3582738935947418 63
1761838553834 2.206737518310547 64
1761838553906 0.7551295161247253 65
1761838553977 0.20932945609092712 66
1761838554050 0.6813634037971497 67
1761838554122 0.847274661064148 68
1761838554194 0.6708139777183533 69
1761838554265 0.42312002182006836 70
1761838554338 0.11807658523321152 71
1761838554406 2.59946346282959 72
1761838554478 0.12870189547538757 73
1761838554549 1.3267847299575806 74
1761838554621 0.8597468733787537 75
1761838554692 0.462823748588562 76
1761838554763 0.2479931116104126 77
1761838554834 0.8573298454284668 78
1761838554905 0.4584901034832001 79
1761838554976 0.10302702337503433 80
1761838555049 0.7144805788993835 81
1761838555121 0.6131419539451599 82
1761838555192 0.19945654273033142 83
1761838555263 0.11512543261051178 84
1761838555334 0.8060780167579651 85
1761838555421 0.8413853049278259 86
1761838555498 0.8088078498840332 87
1761838555576 0.3534245193004608 88
1761838555655 0.4917970895767212 89
1761838555731 0.3060912489891052 90
1761838555810 0.1240612268447876 91
1761838555888 0.4958573281764984 92
1761838555965 0.24669703841209412 93
1761838556040 0.18698224425315857 94
1761838556110 0.2907496988773346 95
1761838556184 0.2290983945131302 96
1761838556260 1.987961769104004 97
1761838556335 0.16565118730068207 98
1761838556415 0.5426452159881592 99
1761838556504 0.18965530395507812 100
1761838556581 0.22961744666099548 101
1761838556657 0.3663392961025238 102
1761838556735 0.10114333033561707 103
1761838556812 0.7195612788200378 104
1761838556890 0.12864947319030762 105
1761838556994 1.368272066116333 106
1761838557075 0.2874864637851715 107
1761838557155 1.1173622608184814 108
1761838557240 1.3439011573791504 109
1761838557323 0.6586654186248779 110
1761838557397 0.41473665833473206 111
1761838557472 0.8617537617683411 112
1761838557547 0.6798010468482971 113
1761838557618 1.0428268909454346 114
1761838557690 0.3814152777194977 115
1761838557761 1.1591501235961914 116
1761838557834 0.5206925868988037 117
1761838557907 0.24962179362773895 118
1761838557978 0.22254377603530884 119
1761838558048 0.39891624450683594 120
1761838558120 0.2539569139480591 121
1761838558191 0.08164883404970169 122
1761838558262 1.1292705535888672 123
1761838558336 0.5860846638679504 124
1761838558406 2.3988630771636963 125
1761838558479 1.1021511554718018 126
1761838558552 1.861290454864502 127
1761838558626 0.8544327020645142 128
1761838558698 0.799116849899292 129
1761838558771 0.09587380290031433 130
1761838558843 0.8565401434898376 131
1761838558915 0.7029600143432617 132
1761838558988 0.38363146781921387 133
1761838559062 0.16006992757320404 134
1761838559133 0.26764994859695435 135
1761838559205 0.49511387944221497 136
1761838559277 0.0994563028216362 137
1761838559350 0.21643856167793274 138
1761838559420 0.23405495285987854 139
1761838559496 0.6837763786315918 140
1761838559572 1.0811984539031982 141
1761838559642 0.7188906669616699 142
1761838559716 0.2414223849773407 143
1761838559788 0.4442175030708313 144
1761838559863 0.40728700160980225 145
1761838559946 0.1384076625108719 146
1761838560026 0.4424600601196289 147
1761838560108 0.9444112777709961 148
1761838560185 0.5266401171684265 149
1761838560260 0.34245437383651733 150
1761838560335 0.23131750524044037 151
1761838560409 0.014341928996145725 152
1761838560483 0.5636480450630188 153
1761838560558 0.19346968829631805 154
1761838560632 0.2568368911743164 155
1761838560707 0.09286711364984512 156
1761838560782 0.48556333780288696 157
1761838560859 0.30448639392852783 158
1761838560935 0.25620532035827637 159
1761838561013 0.47612592577934265 160
1761838561089 0.5717190504074097 161
1761838561166 0.6867839097976685 162
1761838561242 1.1759676933288574 163
1761838561313 0.7687757611274719 164
1761838561389 0.45337772369384766 165
1761838561462 0.5407254695892334 166
1761838561535 0.1320796012878418 167
1761838561611 0.14236171543598175 168
1761838561685 0.7035030126571655 169
1761838561762 0.3921601474285126 170
1761838561840 0.7050443291664124 171
1761838561920 0.7457231283187866 172
1761838562000 0.0844462588429451 173
1761838562078 0.5132765173912048 174
1761838562153 0.19423894584178925 175
1761838562230 0.11626052111387253 176
1761838562303 0.6207144856452942 177
1761838562379 0.1021299958229065 178
1761838562454 0.12112000584602356 179
1761838562529 3.105086088180542 180
1761838562610 0.8104329109191895 181
1761838562692 0.6527669429779053 182
1761838562769 0.49543964862823486 183
1761838562847 0.04522441327571869 184
1761838562926 0.5023703575134277 185
1761838563003 0.085384801030159 186
1761838563080 0.945838451385498 187
1761838563158 0.614376425743103 188
1761838563232 0.161783367395401 189
1761838563306 0.5439832210540771 190
1761838563380 0.7426021695137024 191
1761838563458 0.2557203471660614 192
1761838563533 0.15974478423595428 193
1761838563605 0.4417659640312195 194
1761838563678 0.20421674847602844 195
1761838563749 0.3773755431175232 196
1761838563822 0.9142891764640808 197
1761838563895 1.0957281589508057 198
1761838563967 0.6271882653236389 199
1761838564042 0.07043903321027756 200
1761838564116 0.9904961585998535 201
1761838564191 0.21769234538078308 202
1761838564266 0.446379691362381 203
1761838564342 0.7282096147537231 204
1761838564417 0.27295392751693726 205
1761838564491 0.5937643051147461 206
1761838564566 0.11038917303085327 207
1761838564642 0.9523656964302063 208
1761838564714 0.2177000194787979 209
1761838564786 0.5685716867446899 210
1761838564859 0.22128258645534515 211
1761838564936 0.5177390575408936 212
1761838565017 0.2430647313594818 213
1761838565107 0.7647085189819336 214
1761838565190 0.4994855225086212 215
1761838565272 0.7225319147109985 216
1761838565350 1.0291908979415894 217
1761838565428 0.12229215353727341 218
1761838565505 0.8756478428840637 219
1761838565578 0.19095368683338165 220
1761838565648 0.501460611820221 221
1761838565721 1.5565358400344849 222
1761838565791 0.3636857569217682 223
1761838565864 0.8762997984886169 224
1761838565937 0.975446879863739 225
1761838566009 0.5247369408607483 226
1761838566083 0.32522135972976685 227
1761838566156 0.8287730813026428 228
1761838566239 0.3594338893890381 229
1761838566322 0.10655675828456879 230
1761838566400 0.5567296147346497 231
1761838566476 0.42738741636276245 232
1761838566553 0.27784183621406555 233
1761838566643 0.07577694952487946 234
1761838566753 1.8458678722381592 235
1761838566840 0.3008435368537903 236
1761838566932 1.0381765365600586 237
1761838567014 0.13279713690280914 238
1761838567100 0.8007578253746033 239
1761838567183 0.21841509640216827 240
1761838567268 0.13076962530612946 241
1761838567378 1.3518645763397217 242
1761838567457 0.24606817960739136 243
1761838567538 0.5395750403404236 244
1761838567619 0.08449406176805496 245
1761838567701 0.8560445308685303 246
1761838567780 0.5715022087097168 247
1761838567860 1.0589522123336792 248
1761838567940 0.5553550720214844 249
1761838568020 0.0521230474114418 250
1761838568098 0.37638166546821594 251
1761838568182 0.44248032569885254 252
1761838568262 0.7156635522842407 253
1761838568344 0.1727551519870758 254
1761838568423 0.18035662174224854 255
1761838568512 0.2872079610824585 256
1761838568597 0.08689671009778976 257
1761838568679 0.20858259499073029 258
1761838568761 0.9104699492454529 259
1761838568846 0.49267277121543884 260
1761838568927 1.064469337463379 261
1761838569013 0.7982304692268372 262
1761838569096 0.7604422569274902 263
1761838569179 0.7235134243965149 264
1761838569260 0.716973066329956 265
1761838569340 1.568603754043579 266
1761838569421 0.38052502274513245 267
1761838569501 0.38382047414779663 268
1761838569579 0.3731469213962555 269
1761838569658 0.11580896377563477 270
1761838569738 1.1009976863861084 271
1761838569835 0.871437668800354 272
1761838569921 0.5722261071205139 273
1761838570001 1.1961443424224854 274
1761838570082 0.4300568401813507 275
1761838570163 0.15565747022628784 276
1761838570254 0.8871222734451294 277
1761838570339 0.6303582787513733 278
1761838570419 1.097196102142334 279
1761838570497 0.37539172172546387 280
1761838570573 0.9885746836662292 281
1761838570646 1.5719560384750366 282
1761838570718 0.11250650137662888 283
1761838570792 0.5625330209732056 284
1761838570870 0.9873027205467224 285
1761838570948 1.0073527097702026 286
1761838571027 0.1911594569683075 287
1761838571106 0.22722026705741882 288
1761838571186 0.5049788355827332 289
1761838571259 1.2015026807785034 290
1761838571333 0.8240587115287781 291
1761838571406 0.592535674571991 292
1761838571483 0.10400019586086273 293
1761838571563 0.24733185768127441 294
1761838571656 1.433162808418274 295
1761838571733 0.3324130177497864 296
1761838571811 1.471811056137085 297
1761838571888 0.4446611702442169 298
1761838571961 0.9552538394927979 299
1761838572033 0.654578685760498 300
1761838572106 1.0710192918777466 301
1761838572182 0.8056947588920593 302
1761838572277 0.6049442887306213 303
1761838572360 0.22444504499435425 304
1761838572456 0.02346033975481987 305
1761838572541 0.5384423136711121 306
1761838572624 0.3322955071926117 307
1761838572700 0.6403831839561462 308
1761838572779 0.38769322633743286 309
1761838572859 0.09862950444221497 310
1761838572936 0.3437005281448364 311
1761838573011 0.8155795931816101 312
1761838573088 0.25547945499420166 313
1761838573165 0.06652809679508209 314
1761838573245 0.40902450680732727 315
1761838573327 0.5372421145439148 316
1761838573409 0.5740028023719788 317
1761838573483 0.49616098403930664 318
1761838573560 0.6063661575317383 319
1761838573635 1.9190058708190918 320
1761838573708 0.34507113695144653 321
1761838573781 0.18822012841701508 322
1761838573855 0.508959174156189 323
1761838573931 0.9024380445480347 324
1761838574006 0.09466154873371124 325
1761838574083 0.3597634732723236 326
1761838574159 0.11728374660015106 327
1761838574235 0.5171639323234558 328
1761838574310 0.2610996961593628 329
1761838574383 2.332216501235962 330
1761838574458 0.3650302588939667 331
1761838574532 0.7206162810325623 332
1761838574606 0.5408631563186646 333
1761838574678 0.8909542560577393 334
1761838574751 0.4801948368549347 335
1761838574826 0.8777627348899841 336
1761838574899 2.274415969848633 337
1761838574973 0.415045827627182 338
1761838575047 0.039184264838695526 339
1761838575120 0.4510601758956909 340
1761838575194 0.1661100685596466 341
1761838575269 0.06032337248325348 342
1761838575341 0.707230806350708 343
1761838575416 1.1074281930923462 344
1761838575489 0.34276169538497925 345
1761838575563 0.6139187216758728 346
1761838575637 0.34568604826927185 347
1761838575711 1.0645912885665894 348
1761838575785 0.321196585893631 349
1761838575859 0.20504695177078247 350
1761838575933 0.731954038143158 351
1761838576006 1.124551773071289 352
1761838576081 0.11874902248382568 353
1761838576154 1.516135811805725 354
1761838576228 0.4526650607585907 355
1761838576302 0.07861560583114624 356
1761838576376 1.204425573348999 357
1761838576450 1.3166399002075195 358
1761838576524 0.8006899952888489 359
1761838576596 0.256015807390213 360
1761838576670 1.433512806892395 361
1761838576741 0.5529739260673523 362
1761838576816 0.15528005361557007 363
1761838576891 0.14737801253795624 364
1761838576966 0.18593458831310272 365
1761838577042 1.1827419996261597 366
1761838577116 0.3335774540901184 367
1761838577190 0.7339934706687927 368
1761838577266 0.4537230432033539 369
1761838577340 0.16719454526901245 370
1761838577415 0.6819559335708618 371
1761838577489 0.11729065328836441 372
1761838577562 0.5700504183769226 373
1761838577639 0.11919401586055756 374
1761838577713 0.40140342712402344 375
1761838577786 1.1468406915664673 376
1761838577860 0.45244330167770386 377
1761838577936 0.06504476070404053 378
1761838578010 0.23693683743476868 379
1761838578086 0.45087048411369324 380
1761838578159 0.14193080365657806 381
1761838578232 0.9418820738792419 382
1761838578306 0.7931843996047974 383
1761838578382 0.44047069549560547 384
1761838578455 0.7132598757743835 385
1761838578532 0.11419469118118286 386
1761838578611 0.27875930070877075 387
1761838578686 0.2828681170940399 388
1761838578761 0.30569687485694885 389
1761838578837 0.0160464309155941 390
1761838578912 0.47217896580696106 391
1761838578987 0.7848215103149414 392
1761838579063 0.20338572561740875 393
1761838579137 0.4015062749385834 394
1761838579216 0.1881326586008072 395
1761838579301 0.4848916530609131 396
1761838579377 0.4847080409526825 397
1761838579453 0.19360822439193726 398
1761838579528 0.04100780934095383 399
1761838579603 0.8415869474411011 400
