1761840354579 1.7913631200790405 0
1761840354654 1.5809675455093384 1
1761840354729 1.4555697441101074 2
1761840354814 1.3688181638717651 3
1761840354889 1.318211317062378 4
1761840354964 1.2608885765075684 5
1761840355037 1.2209131717681885 6
1761840355107 1.1695257425308228 7
1761840355176 1.1296515464782715 8
1761840355249 1.0943342447280884 9
1761840355321 1.0610431432724 10
1761840355391 1.0294743776321411 11
1761840355459 1.0044240951538086 12
1761840355525 0.9812387824058533 13
1761840355595 0.9595173001289368 14
1761840355665 0.9412308931350708 15
1761840355736 0.9225121140480042 16
1761840355805 0.9070882797241211 17
1761840355875 0.8944485783576965 18
1761840355944 0.878847599029541 19
1761840356015 0.8645157217979431 20
1761840356087 0.8481049537658691 21
1761840356158 0.8333786129951477 22
1761840356229 0.8207746744155884 23
1761840356298 0.8099834322929382 24
1761840356366 0.8012634515762329 25
1761840356436 0.791148841381073 26
1761840356507 0.7809218168258667 27
1761840356577 0.7711100578308105 28
1761840356646 0.7612553834915161 29
1761840356716 0.7517455816268921 30
1761840356786 0.7404777407646179 31
1761840356855 0.7312852740287781 32
1761840356927 0.7234801650047302 33
1761840356998 0.716197669506073 34
1761840357069 0.7079684138298035 35
1761840357141 0.6985309720039368 36
1761840357214 0.6908535957336426 37
1761840357286 0.6823759078979492 38
1761840357356 0.6737173199653625 39
1761840357427 0.6650591492652893 40
1761840357498 0.6575525403022766 41
1761840357569 0.6483084559440613 42
1761840357641 0.6412308812141418 43
1761840357711 0.6328414082527161 44
1761840357782 0.6262385845184326 45
1761840357852 0.6191109418869019 46
1761840357923 0.6126558780670166 47
1761840357995 0.6057265400886536 48
1761840358066 0.5989798903465271 49
1761840358136 0.5934445261955261 50
1761840358208 0.5883542895317078 51
1761840358279 0.5833792686462402 52
1761840358352 0.5778736472129822 53
1761840358431 0.572641134262085 54
1761840358503 0.5675868391990662 55
1761840358576 0.5630843043327332 56
1761840358647 0.558494508266449 57
1761840358719 0.5532336831092834 58
1761840358789 0.5494680404663086 59
1761840358860 0.5454529523849487 60
1761840358930 0.5408856272697449 61
1761840359001 0.537049412727356 62
1761840359072 0.5324450731277466 63
1761840359144 0.5286040902137756 64
1761840359215 0.5252822637557983 65
1761840359288 0.5218787789344788 66
1761840359359 0.5192661285400391 67
1761840359431 0.5164812803268433 68
1761840359502 0.5139865279197693 69
1761840359573 0.5104525089263916 70
1761840359643 0.5072731971740723 71
1761840359715 0.5044665932655334 72
1761840359787 0.5008170008659363 73
1761840359858 0.4977574050426483 74
1761840359930 0.49453410506248474 75
1761840360001 0.4919470250606537 76
1761840360074 0.48891767859458923 77
1761840360146 0.4864666163921356 78
1761840360217 0.4842175841331482 79
1761840360293 0.4814370572566986 80
1761840360370 0.47930195927619934 81
1761840360450 0.4772037863731384 82
1761840360529 0.4751233458518982 83
1761840360604 0.47262704372406006 84
1761840360680 0.4701354205608368 85
1761840360759 0.46770989894866943 86
1761840360832 0.4652878940105438 87
1761840360905 0.4633886516094208 88
1761840360978 0.46142613887786865 89
1761840361048 0.4590146541595459 90
1761840361120 0.45739346742630005 91
1761840361191 0.45493996143341064 92
1761840361262 0.4528142511844635 93
1761840361334 0.4510849416255951 94
1761840361406 0.44935739040374756 95
1761840361477 0.4479432702064514 96
1761840361548 0.4462200999259949 97
1761840361619 0.4446530342102051 98
1761840361690 0.44287627935409546 99
1761840361763 0.44109365344047546 100
1761840361837 0.43945959210395813 101
1761840361916 0.4379914104938507 102
1761840361995 0.43668511509895325 103
1761840362074 0.4354417324066162 104
1761840362151 0.43436121940612793 105
1761840362223 0.4333151578903198 106
1761840362298 0.4321169853210449 107
1761840362376 0.4307055175304413 108
1761840362452 0.4290878176689148 109
1761840362525 0.4277021884918213 110
1761840362597 0.42655354738235474 111
1761840362669 0.4250173270702362 112
1761840362741 0.42416417598724365 113
1761840362812 0.42287206649780273 114
1761840362885 0.42202028632164 115
1761840362963 0.4209023416042328 116
1761840363038 0.41994398832321167 117
1761840363110 0.4187144637107849 118
1761840363184 0.4178268015384674 119
1761840363258 0.41709020733833313 120
1761840363329 0.4158608913421631 121
1761840363401 0.4145001173019409 122
1761840363472 0.4133297801017761 123
1761840363543 0.4124167263507843 124
1761840363614 0.4114063084125519 125
1761840363685 0.4102063775062561 126
1761840363757 0.40951967239379883 127
1761840363847 0.40865498781204224 128
1761840363926 0.407988578081131 129
1761840364001 0.4070053696632385 130
1761840364076 0.4060095548629761 131
1761840364150 0.40482524037361145 132
1761840364224 0.4040062129497528 133
1761840364316 0.4031470715999603 134
1761840364400 0.40227648615837097 135
1761840364493 0.4015128016471863 136
1761840364598 0.40050607919692993 137
1761840364682 0.3996376395225525 138
1761840364761 0.3988778293132782 139
1761840364844 0.3980388343334198 140
1761840364927 0.39754021167755127 141
1761840365011 0.3967345356941223 142
1761840365093 0.39585864543914795 143
1761840365177 0.39482343196868896 144
1761840365258 0.39405959844589233 145
1761840365337 0.3935765027999878 146
1761840365417 0.39263081550598145 147
1761840365495 0.39213797450065613 148
1761840365570 0.3914082646369934 149
1761840365643 0.3906174302101135 150
1761840365716 0.38992875814437866 151
1761840365789 0.3890300989151001 152
1761840365862 0.388378381729126 153
1761840365934 0.38756775856018066 154
1761840366006 0.3870983123779297 155
1761840366078 0.3864906132221222 156
1761840366150 0.38566499948501587 157
1761840366232 0.38498058915138245 158
1761840366313 0.384233295917511 159
1761840366393 0.38357973098754883 160
1761840366474 0.38315632939338684 161
1761840366558 0.38235747814178467 162
1761840366642 0.38196152448654175 163
1761840366735 0.3811647891998291 164
1761840366817 0.3806603252887726 165
1761840366900 0.38033485412597656 166
1761840366983 0.37964510917663574 167
1761840367062 0.3790154755115509 168
1761840367136 0.3781912624835968 169
1761840367213 0.3776242434978485 170
1761840367288 0.37703755497932434 171
1761840367363 0.37664154171943665 172
1761840367439 0.3760838508605957 173
1761840367515 0.3754952549934387 174
1761840367595 0.3746655583381653 175
1761840367681 0.37409642338752747 176
1761840367766 0.3736235797405243 177
1761840367852 0.37339913845062256 178
1761840367935 0.37278878688812256 179
1761840368017 0.37225234508514404 180
1761840368113 0.3718070387840271 181
1761840368194 0.3711709976196289 182
1761840368275 0.3708890676498413 183
1761840368355 0.370355486869812 184
1761840368432 0.36999136209487915 185
1761840368506 0.3694010078907013 186
1761840368581 0.368741899728775 187
1761840368663 0.3683547377586365 188
1761840368745 0.3677031695842743 189
1761840368825 0.36719557642936707 190
1761840368903 0.3668861985206604 191
1761840368981 0.3664163649082184 192
1761840369055 0.3658900558948517 193
1761840369133 0.36537930369377136 194
1761840369209 0.36485806107521057 195
1761840369289 0.36439695954322815 196
1761840369369 0.3639048635959625 197
1761840369453 0.3636818528175354 198
1761840369580 0.3631398379802704 199
1761840369671 0.36299604177474976 200
1761840369755 0.36265257000923157 201
1761840369847 0.3620645999908447 202
1761840369930 0.3614584803581238 203
1761840370015 0.3612881004810333 204
1761840370101 0.3610343933105469 205
1761840370185 0.36062201857566833 206
1761840370329 0.3604174554347992 207
1761840370412 0.36013200879096985 208
1761840370492 0.3599209785461426 209
1761840370573 0.35948827862739563 210
1761840370648 0.35904908180236816 211
1761840370725 0.35856693983078003 212
1761840370806 0.35795557498931885 213
1761840370887 0.357342004776001 214
1761840370971 0.3569682240486145 215
1761840371052 0.35641416907310486 216
1761840371130 0.3562694191932678 217
1761840371206 0.35581275820732117 218
1761840371282 0.3556671440601349 219
1761840371360 0.3553108870983124 220
1761840371435 0.354879766702652 221
1761840371512 0.3544391989707947 222
1761840371619 0.35410237312316895 223
1761840371707 0.35369691252708435 224
1761840371812 0.3533972501754761 225
1761840371899 0.3528580069541931 226
1761840371982 0.35284295678138733 227
1761840372065 0.35259583592414856 228
1761840372142 0.3523649275302887 229
1761840372224 0.35207974910736084 230
1761840372303 0.3518811762332916 231
1761840372381 0.3516656756401062 232
1761840372458 0.35131287574768066 233
1761840372534 0.3511122465133667 234
1761840372611 0.3507162034511566 235
1761840372693 0.35050350427627563 236
1761840372778 0.35012006759643555 237
1761840372861 0.34987297654151917 238
1761840372939 0.34958142042160034 239
1761840373017 0.3493819832801819 240
1761840373095 0.3490317761898041 241
1761840373171 0.34882694482803345 242
1761840373256 0.34858131408691406 243
1761840373335 0.34842541813850403 244
1761840373414 0.3482561409473419 245
1761840373491 0.347945898771286 246
1761840373568 0.34775564074516296 247
1761840373647 0.347469687461853 248
1761840373725 0.3472748398780823 249
1761840373803 0.34693339467048645 250
1761840373879 0.34668558835983276 251
1761840373956 0.34641140699386597 252
1761840374036 0.3459646999835968 253
1761840374114 0.34561094641685486 254
1761840374193 0.3453644812107086 255
1761840374272 0.34525278210639954 256
1761840374350 0.3449581563472748 257
1761840374428 0.3447294533252716 258
1761840374506 0.34435391426086426 259
1761840374583 0.34409379959106445 260
1761840374660 0.3439513146877289 261
1761840374742 0.3438410758972168 262
1761840374820 0.3437741994857788 263
1761840374895 0.3434425890445709 264
1761840374971 0.34323760867118835 265
1761840375050 0.34306973218917847 266
1761840375128 0.342853844165802 267
1761840375208 0.3424339294433594 268
1761840375288 0.34216639399528503 269
1761840375366 0.34200963377952576 270
1761840375441 0.34188351035118103 271
1761840375517 0.34183454513549805 272
1761840375597 0.3416197896003723 273
1761840375675 0.3412350118160248 274
1761840375752 0.3409694731235504 275
1761840375829 0.3408650755882263 276
1761840375909 0.34048059582710266 277
1761840375989 0.34013259410858154 278
1761840376065 0.3398287892341614 279
1761840376144 0.33966735005378723 280
1761840376224 0.3395342230796814 281
1761840376304 0.3393478989601135 282
1761840376381 0.3390935957431793 283
1761840376459 0.33894282579421997 284
1761840376539 0.33867818117141724 285
1761840376617 0.3384806513786316 286
1761840376693 0.33813178539276123 287
1761840376774 0.3378874659538269 288
1761840376851 0.33767780661582947 289
1761840376928 0.33756735920906067 290
1761840377004 0.3373967111110687 291
1761840377083 0.33722537755966187 292
1761840377161 0.3370378911495209 293
1761840377237 0.33689558506011963 294
1761840377315 0.33678075671195984 295
1761840377395 0.3368837237358093 296
1761840377474 0.3366425335407257 297
1761840377551 0.33635827898979187 298
1761840377632 0.3362117409706116 299
1761840377710 0.33596596121788025 300
1761840377788 0.3357049822807312 301
1761840377867 0.3355172872543335 302
1761840377945 0.33525800704956055 303
1761840378027 0.33504003286361694 304
1761840378104 0.33484935760498047 305
1761840378183 0.3346828818321228 306
1761840378263 0.3346197009086609 307
1761840378345 0.3342735469341278 308
1761840378421 0.3341205418109894 309
1761840378500 0.334026962518692 310
1761840378584 0.3339237570762634 311
1761840378665 0.33365413546562195 312
1761840378744 0.33349743485450745 313
1761840378822 0.3333832621574402 314
1761840378900 0.33331236243247986 315
1761840378980 0.3331087827682495 316
1761840379058 0.33295997977256775 317
1761840379138 0.33275240659713745 318
1761840379219 0.33253777027130127 319
1761840379331 0.33233049511909485 320
1761840379417 0.3320733904838562 321
1761840379501 0.3318711519241333 322
1761840379584 0.33168113231658936 323
1761840379668 0.33158913254737854 324
1761840379749 0.3313834071159363 325
1761840379829 0.3311994969844818 326
1761840379907 0.3310268223285675 327
1761840379985 0.3309408724308014 328
1761840380063 0.3308045566082001 329
1761840380142 0.33068394660949707 330
1761840380226 0.3304765224456787 331
1761840380309 0.3303173780441284 332
1761840380389 0.3302062749862671 333
1761840380467 0.33007335662841797 334
1761840380546 0.3299351632595062 335
1761840380626 0.32967501878738403 336
1761840380706 0.32965704798698425 337
1761840380789 0.32952654361724854 338
1761840380884 0.3293718993663788 339
1761840380971 0.32921430468559265 340
1761840381054 0.3291030526161194 341
1761840381136 0.32896173000335693 342
1761840381216 0.328786164522171 343
1761840381296 0.3286704421043396 344
1761840381373 0.3286713659763336 345
1761840381451 0.3283804953098297 346
1761840381530 0.3283098340034485 347
1761840381609 0.3280346095561981 348
1761840381686 0.3279595673084259 349
1761840381769 0.3277985155582428 350
1761840381846 0.32773950695991516 351
1761840381924 0.32749006152153015 352
1761840382005 0.3272572457790375 353
1761840382083 0.3272702991962433 354
1761840382167 0.3271198570728302 355
1761840382248 0.32700076699256897 356
1761840382328 0.3269193768501282 357
1761840382406 0.32678890228271484 358
1761840382484 0.326644629240036 359
1761840382564 0.326490193605423 360
1761840382643 0.32630521059036255 361
1761840382720 0.32608625292778015 362
1761840382800 0.32589849829673767 363
1761840382877 0.325863778591156 364
1761840382957 0.32570409774780273 365
1761840383036 0.32576072216033936 366
1761840383118 0.3255370259284973 367
1761840383197 0.32548588514328003 368
1761840383278 0.32548820972442627 369
1761840383359 0.3253527581691742 370
1761840383439 0.32531484961509705 371
1761840383515 0.3251763582229614 372
1761840383595 0.32507580518722534 373
1761840383676 0.32493072748184204 374
1761840383758 0.32487380504608154 375
1761840383836 0.3246813714504242 376
1761840383918 0.3244727849960327 377
1761840383999 0.3242669701576233 378
1761840384080 0.32410669326782227 379
1761840384162 0.3240041732788086 380
1761840384243 0.3239106237888336 381
1761840384322 0.3238893449306488 382
1761840384399 0.32376980781555176 383
1761840384478 0.3236607015132904 384
1761840384558 0.32353201508522034 385
1761840384638 0.3235313296318054 386
1761840384719 0.3235545754432678 387
1761840384798 0.3235189914703369 388
1761840384878 0.323339581489563 389
1761840384956 0.32306694984436035 390
1761840385037 0.32301098108291626 391
1761840385115 0.3229365348815918 392
1761840385200 0.3227922022342682 393
1761840385284 0.3226563334465027 394
1761840385366 0.32268089056015015 395
1761840385446 0.32255667448043823 396
1761840385525 0.3223930299282074 397
1761840385604 0.3223961591720581 398
1761840385692 0.3223457336425781 399
1761840385783 0.3222094178199768 400
