1761840354579 1.8125040531158447 0
1761840354654 1.7022730112075806 1
1761840354729 1.59634530544281 2
1761840354814 1.131583333015442 3
1761840354889 1.084126353263855 4
1761840354964 1.7383527755737305 5
1761840355037 1.2171366214752197 6
1761840355107 1.2482209205627441 7
1761840355176 1.426239252090454 8
1761840355249 1.1044172048568726 9
1761840355321 0.44666779041290283 10
1761840355391 0.7579070329666138 11
1761840355459 0.9474539756774902 12
1761840355525 0.9653168320655823 13
1761840355595 0.19104228913784027 14
1761840355665 1.731343150138855 15
1761840355736 3.16828989982605 16
1761840355805 0.7764618396759033 17
1761840355875 1.354366421699524 18
1761840355944 0.47703129053115845 19
1761840356015 0.30893680453300476 20
1761840356087 1.0742261409759521 21
1761840356158 0.4863288104534149 22
1761840356229 0.6008155941963196 23
1761840356298 0.3380189538002014 24
1761840356366 1.091731071472168 25
1761840356436 0.8541587591171265 26
1761840356507 0.27688202261924744 27
1761840356577 0.19202420115470886 28
1761840356646 1.2920777797698975 29
1761840356716 1.6749306917190552 30
1761840356786 0.30950164794921875 31
1761840356855 0.5507403016090393 32
1761840356927 0.4326119124889374 33
1761840356998 1.2596644163131714 34
1761840357069 0.4191306531429291 35
1761840357141 0.4107455909252167 36
1761840357214 2.273695707321167 37
1761840357286 0.5258427858352661 38
1761840357356 0.06361497193574905 39
1761840357427 0.31748372316360474 40
1761840357498 0.27725905179977417 41
1761840357569 0.17155930399894714 42
1761840357641 0.11561565846204758 43
1761840357711 0.33276259899139404 44
1761840357782 1.0432555675506592 45
1761840357852 0.39474332332611084 46
1761840357923 0.36099037528038025 47
1761840357995 0.05058267340064049 48
1761840358066 0.41329994797706604 49
1761840358136 0.8157318234443665 50
1761840358208 0.9754900336265564 51
1761840358279 1.2147642374038696 52
1761840358352 0.48004281520843506 53
1761840358431 0.280708372592926 54
1761840358503 0.12071137130260468 55
1761840358576 0.2779461145401001 56
1761840358647 0.43792203068733215 57
1761840358719 0.2931912839412689 58
1761840358789 0.6913748383522034 59
1761840358860 0.2661253809928894 60
1761840358930 0.1661936342716217 61
1761840359001 1.8314088582992554 62
1761840359072 0.2521664798259735 63
1761840359144 0.29933416843414307 64
1761840359215 1.036764144897461 65
1761840359288 0.07228867709636688 66
1761840359359 0.1764429658651352 67
1761840359431 0.6068727374076843 68
1761840359502 1.7583186626434326 69
1761840359573 0.837463915348053 70
1761840359643 0.8221784234046936 71
1761840359715 0.7435949444770813 72
1761840359787 0.02518618479371071 73
1761840359858 0.05826043710112572 74
1761840359930 0.20965641736984253 75
1761840360001 1.3249760866165161 76
1761840360074 0.14469236135482788 77
1761840360146 1.4472366571426392 78
1761840360217 0.37147796154022217 79
1761840360293 0.6189340353012085 80
1761840360370 0.42199334502220154 81
1761840360450 0.8707301020622253 82
1761840360529 1.0818493366241455 83
1761840360604 0.18182264268398285 84
1761840360680 0.08972010016441345 85
1761840360759 0.08401548862457275 86
1761840360832 0.5592093467712402 87
1761840360905 0.27422744035720825 88
1761840360978 0.6280350685119629 89
1761840361048 0.2459942251443863 90
1761840361120 0.29835835099220276 91
1761840361191 0.07357093691825867 92
1761840361262 1.035221815109253 93
1761840361334 0.2181413173675537 94
1761840361406 0.09658192843198776 95
1761840361477 1.3456714153289795 96
1761840361548 0.5538544654846191 97
1761840361619 0.3152569532394409 98
1761840361690 0.9246832132339478 99
1761840361763 0.5871900916099548 100
1761840361837 0.9161801338195801 101
1761840361916 1.311269998550415 102
1761840361995 1.3852770328521729 103
1761840362074 0.6619003415107727 104
1761840362151 0.080546073615551 105
1761840362223 0.7814040780067444 106
1761840362298 1.524278998374939 107
1761840362376 0.6747404932975769 108
1761840362452 0.2928035259246826 109
1761840362525 0.5221952199935913 110
1761840362597 0.8168412446975708 111
1761840362669 0.4020301103591919 112
1761840362741 0.8877568244934082 113
1761840362812 0.2709106504917145 114
1761840362885 1.0523792505264282 115
1761840362963 0.34656181931495667 116
1761840363038 1.3009614944458008 117
1761840363110 0.23659645020961761 118
1761840363184 0.625982403755188 119
1761840363258 1.1263622045516968 120
1761840363329 0.4918220341205597 121
1761840363401 0.5166645646095276 122
1761840363472 1.6736657619476318 123
1761840363543 0.24423375725746155 124
1761840363614 0.6192948222160339 125
1761840363685 0.5416171550750732 126
1761840363757 0.9235344529151917 127
1761840363847 0.3003758192062378 128
1761840363926 0.43435531854629517 129
1761840364001 0.2689592242240906 130
1761840364076 0.5134142637252808 131
1761840364150 0.16655144095420837 132
1761840364224 0.14024092257022858 133
1761840364316 1.1525633335113525 134
1761840364400 0.12509098649024963 135
1761840364493 0.3949742317199707 136
1761840364598 0.3835386633872986 137
1761840364682 0.0925389975309372 138
1761840364761 1.2608340978622437 139
1761840364844 0.6393869519233704 140
1761840364927 0.749825119972229 141
1761840365011 0.23125526309013367 142
1761840365093 0.3636670708656311 143
1761840365177 0.16927868127822876 144
1761840365258 0.662519633769989 145
1761840365337 0.2388288378715515 146
1761840365417 0.487374871969223 147
1761840365495 0.7675132155418396 148
1761840365570 0.5314280986785889 149
1761840365643 0.24458296597003937 150
1761840365716 0.42163485288619995 151
1761840365789 0.35066232085227966 152
1761840365862 0.5245065689086914 153
1761840365934 1.0501713752746582 154
1761840366006 0.4489362835884094 155
1761840366078 0.244131401181221 156
1761840366150 0.31765931844711304 157
1761840366232 0.5578577518463135 158
1761840366313 0.5864034295082092 159
1761840366393 0.05601705610752106 160
1761840366474 1.0883984565734863 161
1761840366558 0.2715640366077423 162
1761840366642 0.30377084016799927 163
1761840366735 0.1550973802804947 164
1761840366817 0.19668902456760406 165
1761840366900 0.6832818388938904 166
1761840366983 0.9457230567932129 167
1761840367062 0.08099903166294098 168
1761840367136 0.2032431960105896 169
1761840367213 0.7215309143066406 170
1761840367288 0.1625758409500122 171
1761840367363 1.749417781829834 172
1761840367439 0.13662822544574738 173
1761840367515 0.20112928748130798 174
1761840367595 0.5344528555870056 175
1761840367681 0.11389700323343277 176
1761840367766 0.3670649230480194 177
1761840367852 1.788209080696106 178
1761840367935 1.1060900688171387 179
1761840368017 0.7665867805480957 180
1761840368113 0.25559428334236145 181
1761840368194 0.7029358148574829 182
1761840368275 0.37394949793815613 183
1761840368355 0.24497000873088837 184
1761840368432 0.9977204203605652 185
1761840368506 0.2722064256668091 186
1761840368581 0.6369041204452515 187
1761840368663 1.5119106769561768 188
1761840368745 0.2349955290555954 189
1761840368825 0.2774066925048828 190
1761840368903 0.5139424204826355 191
1761840368981 1.3061885833740234 192
1761840369055 0.655259907245636 193
1761840369133 0.11170779168605804 194
1761840369209 0.0638156607747078 195
1761840369289 0.1921086311340332 196
1761840369369 0.7208735346794128 197
1761840369453 2.240302562713623 198
1761840369580 0.35536471009254456 199
1761840369671 0.7965420484542847 200
1761840369755 0.18831153213977814 201
1761840369847 0.8091360926628113 202
1761840369930 0.024459384381771088 203
1761840370015 0.5139956474304199 204
1761840370101 0.8613107204437256 205
1761840370185 0.8901891112327576 206
1761840370329 0.14563606679439545 207
1761840370412 1.3155208826065063 208
1761840370492 0.31361791491508484 209
1761840370573 0.5422167778015137 210
1761840370648 0.20123888552188873 211
1761840370725 0.4748251736164093 212
1761840370806 0.08261598646640778 213
1761840370887 0.8546251654624939 214
1761840370971 0.0880383625626564 215
1761840371052 0.27155905961990356 216
1761840371130 0.3539806604385376 217
1761840371206 0.1944388747215271 218
1761840371282 1.082916498184204 219
1761840371360 0.1693565845489502 220
1761840371435 0.39871859550476074 221
1761840371512 0.1974378079175949 222
1761840371619 0.17951089143753052 223
1761840371707 0.6078900694847107 224
1761840371812 0.38557904958724976 225
1761840371899 0.504372775554657 226
1761840371982 1.7630327939987183 227
1761840372065 0.24475055932998657 228
1761840372142 0.16278059780597687 229
1761840372224 0.09443715214729309 230
1761840372303 0.24026675522327423 231
1761840372381 0.16696271300315857 232
1761840372458 0.38824135065078735 233
1761840372534 0.28905320167541504 234
1761840372611 0.808766782283783 235
1761840372693 0.6558129191398621 236
1761840372778 0.09257973730564117 237
1761840372861 0.17262524366378784 238
1761840372939 0.2166229784488678 239
1761840373017 0.2930464744567871 240
1761840373095 0.04898262396454811 241
1761840373171 0.7203034162521362 242
1761840373256 0.42373666167259216 243
1761840373335 2.188727855682373 244
1761840373414 1.530115008354187 245
1761840373491 0.9333311319351196 246
1761840373568 0.49135351181030273 247
1761840373647 0.1119384840130806 248
1761840373725 0.09404515475034714 249
1761840373803 0.2731640338897705 250
1761840373879 0.34459638595581055 251
1761840373956 0.15524104237556458 252
1761840374036 0.17067573964595795 253
1761840374114 0.8129335045814514 254
1761840374193 0.6454322934150696 255
1761840374272 0.8175442218780518 256
1761840374350 0.46095478534698486 257
1761840374428 0.18642160296440125 258
1761840374506 0.9545964002609253 259
1761840374583 0.7372771501541138 260
1761840374660 0.3698912560939789 261
1761840374742 0.21918609738349915 262
1761840374820 0.8381357789039612 263
1761840374895 0.8713313341140747 264
1761840374971 0.6253500580787659 265
1761840375050 0.11518637835979462 266
1761840375128 0.3258841335773468 267
1761840375208 0.031729742884635925 268
1761840375288 0.24358247220516205 269
1761840375366 0.7807226777076721 270
1761840375441 0.9034640789031982 271
1761840375517 0.7269503474235535 272
1761840375597 0.1034647673368454 273
1761840375675 0.2156297266483307 274
1761840375752 0.6790553331375122 275
1761840375829 0.7159046530723572 276
1761840375909 0.14374235272407532 277
1761840375989 0.38101664185523987 278
1761840376065 1.0359079837799072 279
1761840376144 0.2894579768180847 280
1761840376224 1.664907455444336 281
1761840376304 1.1251351833343506 282
1761840376381 0.8825324177742004 283
1761840376459 0.2291843444108963 284
1761840376539 0.11563184857368469 285
1761840376617 0.6826443076133728 286
1761840376693 0.23252266645431519 287
1761840376774 0.01591366156935692 288
1761840376851 0.1511959433555603 289
1761840376928 0.8911415934562683 290
1761840377004 0.5722886919975281 291
1761840377083 0.791391909122467 292
1761840377161 0.6169176697731018 293
1761840377237 0.568669319152832 294
1761840377315 0.1790478676557541 295
1761840377395 3.498945951461792 296
1761840377474 0.17285655438899994 297
1761840377551 0.3166029453277588 298
1761840377632 0.4563055634498596 299
1761840377710 1.5051918029785156 300
1761840377788 0.0534089133143425 301
1761840377867 0.2348426878452301 302
1761840377945 0.0393792949616909 303
1761840378027 0.5303871631622314 304
1761840378104 0.2481684386730194 305
1761840378183 0.3589373528957367 306
1761840378263 0.04836547374725342 307
1761840378345 0.08966221660375595 308
1761840378421 0.2694271206855774 309
1761840378500 0.796707034111023 310
1761840378584 0.1375461220741272 311
1761840378665 0.17305126786231995 312
1761840378744 0.10008867084980011 313
1761840378822 0.8837246894836426 314
1761840378900 0.6242112517356873 315
1761840378980 0.21025805175304413 316
1761840379058 1.5156105756759644 317
1761840379138 1.1038169860839844 318
1761840379219 0.2736275792121887 319
1761840379331 0.3784407079219818 320
1761840379417 0.33165496587753296 321
1761840379501 0.17002062499523163 322
1761840379584 0.3170919120311737 323
1761840379668 1.026161789894104 324
1761840379749 0.3701019287109375 325
1761840379829 0.35330384969711304 326
1761840379907 0.7253965735435486 327
1761840379985 0.8048744797706604 328
1761840380063 0.17425167560577393 329
1761840380142 0.456547349691391 330
1761840380226 0.5524175763130188 331
1761840380309 0.8991959095001221 332
1761840380389 0.6089150905609131 333
1761840380467 0.0923486053943634 334
1761840380546 0.41178131103515625 335
1761840380626 0.42495399713516235 336
1761840380706 0.8557301163673401 337
1761840380789 0.16167329251766205 338
1761840380884 0.2326420694589615 339
1761840380971 0.44351112842559814 340
1761840381054 1.0930639505386353 341
1761840381136 0.32902538776397705 342
1761840381216 0.9137323498725891 343
1761840381296 0.2928001880645752 344
1761840381373 1.0814725160598755 345
1761840381451 0.9874176383018494 346
1761840381530 1.5795056819915771 347
1761840381609 0.3918701708316803 348
1761840381686 0.23914727568626404 349
1761840381769 0.16138425469398499 350
1761840381846 0.1930597722530365 351
1761840381924 0.025167260318994522 352
1761840382005 0.05161719769239426 353
1761840382083 1.4796043634414673 354
1761840382167 0.21668511629104614 355
1761840382248 0.08079048246145248 356
1761840382328 0.64170902967453 357
1761840382406 0.3808622360229492 358
1761840382484 0.16249129176139832 359
1761840382564 0.24197876453399658 360
1761840382643 0.2030978947877884 361
1761840382720 0.38099735975265503 362
1761840382800 0.2956005930900574 363
1761840382877 0.7745978832244873 364
1761840382957 1.2278783321380615 365
1761840383036 1.051518440246582 366
1761840383118 0.4464762806892395 367
1761840383197 0.2876024544239044 368
1761840383278 0.4677099287509918 369
1761840383359 0.47435396909713745 370
1761840383439 0.7758958339691162 371
1761840383515 0.3083309531211853 372
1761840383595 0.3755502998828888 373
1761840383676 0.0925769954919815 374
1761840383758 0.23549753427505493 375
1761840383836 0.06618135422468185 376
1761840383918 0.5098682045936584 377
1761840383999 0.387721985578537 378
1761840384080 0.6278115510940552 379
1761840384162 0.41901224851608276 380
1761840384243 1.3213732242584229 381
1761840384322 0.2636485695838928 382
1761840384399 0.8406350016593933 383
1761840384478 0.5530058145523071 384
1761840384558 0.07144884020090103 385
1761840384638 0.1511261910200119 386
1761840384719 0.3653894066810608 387
1761840384798 1.8146216869354248 388
1761840384878 0.5109982490539551 389
1761840384956 0.6140711307525635 390
1761840385037 0.7077791094779968 391
1761840385115 0.32651370763778687 392
1761840385200 0.46649864315986633 393
1761840385284 0.3185081481933594 394
1761840385366 2.365267515182495 395
1761840385446 0.02925237827003002 396
1761840385525 0.20520079135894775 397
1761840385604 0.768181562423706 398
1761840385692 0.37681668996810913 399
1761840385783 0.02117817848920822 400
