1762793352642 1.6736862659454346 0
1762793352735 1.4701054096221924 1
1762793352830 1.3714720010757446 2
1762793352922 1.280220627784729 3
1762793353014 1.2168020009994507 4
1762793353107 1.160047173500061 5
1762793353198 1.1187554597854614 6
1762793353289 1.0771586894989014 7
1762793353391 1.0416215658187866 8
1762793353485 1.0123854875564575 9
1762793353577 0.9824712872505188 10
1762793353668 0.9560860395431519 11
1762793353760 0.9290837049484253 12
1762793353848 0.9038797616958618 13
1762793353940 0.8832986950874329 14
1762793354033 0.8703286647796631 15
1762793354132 0.8553452491760254 16
1762793354229 0.8392899632453918 17
1762793354322 0.8221570253372192 18
1762793354415 0.8093185424804688 19
1762793354504 0.7944376468658447 20
1762793354594 0.7784695029258728 21
