1762793352642 1.0416748523712158 0
1762793352735 0.9779282212257385 1
1762793352830 1.3716424703598022 2
1762793352922 0.4500279128551483 3
1762793353014 1.2158502340316772 4
1762793353107 0.8016746640205383 5
1762793353198 1.0793391466140747 6
1762793353289 0.9220768213272095 7
1762793353391 1.258991003036499 8
1762793353485 0.17541377246379852 9
1762793353577 0.6257264018058777 10
1762793353668 0.6311359405517578 11
1762793353760 0.7476129531860352 12
1762793353848 1.0134100914001465 13
1762793353940 0.4801415503025055 14
1762793354033 0.9722179174423218 15
1762793354132 0.4037315845489502 16
1762793354229 0.22388772666454315 17
1762793354322 1.9084466695785522 18
1762793354415 0.6937041282653809 19
1762793354504 0.200821653008461 20
1762793354594 0.6716695427894592 21
