1762792806162 1.7949142456054688 0
1762792806254 1.5621192455291748 1
1762792806347 1.4260269403457642 2
1762792806440 1.336620807647705 3
1762792806532 1.252060055732727 4
1762792806640 1.193070650100708 5
1762792806734 1.1453200578689575 6
1762792806828 1.1058759689331055 7
1762792806923 1.073923110961914 8
1762792807017 1.038960576057434 9
1762792807109 1.0071673393249512 10
1762792807202 0.9854321479797363 11
1762792807296 0.9606220126152039 12
1762792807391 0.938970148563385 13
1762792807482 0.9220433235168457 14
1762792807575 0.9045831561088562 15
1762792807667 0.8873750567436218 16
1762792807758 0.8715383410453796 17
1762792807852 0.8561135530471802 18
1762792807946 0.8397327661514282 19
1762792808039 0.8235772848129272 20
1762792808133 0.808668851852417 21
1762792808228 0.7963849902153015 22
