1762792806162 1.7995349168777466 0
1762792806254 1.4467928409576416 1
1762792806347 1.083488941192627 2
1762792806440 0.97705078125 3
1762792806532 0.9670172929763794 4
1762792806640 1.148776650428772 5
1762792806734 1.396981120109558 6
1762792806828 0.7050305008888245 7
1762792806923 0.7940018177032471 8
1762792807017 1.0156279802322388 9
1762792807109 0.5606582760810852 10
1762792807202 0.5012037754058838 11
1762792807296 0.6607160568237305 12
1762792807391 0.3696918189525604 13
1762792807482 1.201124906539917 14
1762792807575 0.47407135367393494 15
1762792807667 0.7459805011749268 16
1762792807758 0.6113300323486328 17
1762792807852 0.7367520928382874 18
1762792807946 0.8531399369239807 19
1762792808039 0.5467140674591064 20
1762792808133 0.22487784922122955 21
1762792808228 0.5537819862365723 22
