1761840088549 2.022001266479492 0
1761840088616 1.7899032831192017 1
1761840088683 1.6597105264663696 2
1761840088753 1.5705606937408447 3
1761840088820 1.4888389110565186 4
1761840088885 1.4248168468475342 5
1761840088951 1.3614553213119507 6
1761840089016 1.3052537441253662 7
1761840089082 1.251889944076538 8
1761840089146 1.2038476467132568 9
1761840089210 1.1635304689407349 10
1761840089273 1.126952052116394 11
1761840089337 1.0934102535247803 12
1761840089402 1.0648772716522217 13
1761840089466 1.0364307165145874 14
1761840089531 1.0108827352523804 15
1761840089595 0.984725832939148 16
1761840089658 0.9624772071838379 17
1761840089722 0.9388492107391357 18
1761840089784 0.9157171845436096 19
1761840089848 0.8941313624382019 20
1761840089913 0.8736646771430969 21
1761840089976 0.856582760810852 22
1761840090042 0.8426647782325745 23
1761840090107 0.8275413513183594 24
1761840090170 0.8119516968727112 25
1761840090235 0.7975359559059143 26
1761840090300 0.7826515436172485 27
1761840090365 0.7689029574394226 28
1761840090430 0.7554976344108582 29
1761840090493 0.7444966435432434 30
1761840090557 0.7330781817436218 31
1761840090621 0.7213660478591919 32
1761840090684 0.7109135389328003 33
1761840090749 0.7005190253257751 34
1761840090812 0.6926550269126892 35
1761840090875 0.6823770999908447 36
1761840090940 0.673384964466095 37
1761840091024 0.6642308831214905 38
1761840091091 0.6561418771743774 39
1761840091158 0.6472938060760498 40
1761840091224 0.6402479410171509 41
1761840091290 0.6313433051109314 42
1761840091354 0.6239913105964661 43
1761840091419 0.6173720955848694 44
1761840091483 0.6094367504119873 45
1761840091547 0.6018601655960083 46
1761840091611 0.5951154232025146 47
1761840091675 0.5887965559959412 48
1761840091739 0.5822041630744934 49
1761840091804 0.5761545896530151 50
1761840091873 0.570092499256134 51
1761840091940 0.5644288659095764 52
1761840092005 0.5582220554351807 53
1761840092076 0.5536633133888245 54
1761840092144 0.5488547682762146 55
1761840092210 0.544279158115387 56
1761840092275 0.5388534665107727 57
1761840092339 0.5341469645500183 58
1761840092402 0.5306981205940247 59
1761840092466 0.5261523127555847 60
1761840092531 0.5220941305160522 61
1761840092596 0.5189362168312073 62
1761840092660 0.5150646567344666 63
1761840092730 0.5107443332672119 64
1761840092800 0.5060331225395203 65
1761840092867 0.5014105439186096 66
1761840092932 0.4974762201309204 67
1761840092996 0.49338147044181824 68
1761840093062 0.48907506465911865 69
1761840093128 0.48456963896751404 70
1761840093193 0.4798815846443176 71
1761840093258 0.4763738811016083 72
1761840093321 0.4723074436187744 73
1761840093385 0.4686824679374695 74
1761840093450 0.4654344916343689 75
1761840093513 0.46167483925819397 76
1761840093578 0.4579489231109619 77
1761840093642 0.4545198678970337 78
1761840093707 0.4509107768535614 79
1761840093771 0.4476830065250397 80
1761840093836 0.4446428418159485 81
1761840093899 0.4412451982498169 82
1761840093964 0.4379584789276123 83
1761840094031 0.43455132842063904 84
1761840094096 0.4319055378437042 85
1761840094160 0.42900508642196655 86
1761840094225 0.42640501260757446 87
1761840094291 0.42372146248817444 88
1761840094360 0.42057472467422485 89
1761840094429 0.4178749918937683 90
1761840094496 0.415320485830307 91
1761840094565 0.4130505621433258 92
1761840094632 0.41030874848365784 93
1761840094698 0.40799033641815186 94
1761840094763 0.40537160634994507 95
1761840094828 0.4028729200363159 96
1761840094893 0.4003634452819824 97
1761840094957 0.3982848823070526 98
1761840095022 0.3957538604736328 99
1761840095089 0.393263041973114 100
1761840095156 0.39093607664108276 101
1761840095224 0.3885086476802826 102
1761840095291 0.3867606222629547 103
1761840095360 0.3844467103481293 104
1761840095428 0.38248658180236816 105
1761840095496 0.3812074065208435 106
1761840095562 0.37935516238212585 107
1761840095629 0.377274751663208 108
1761840095697 0.37537965178489685 109
1761840095765 0.3738715946674347 110
1761840095831 0.3718717694282532 111
1761840095897 0.3703518807888031 112
1761840095963 0.3686622977256775 113
1761840096028 0.3669731020927429 114
1761840096096 0.3652396500110626 115
1761840096162 0.3637450337409973 116
1761840096231 0.3622640371322632 117
1761840096297 0.36088109016418457 118
1761840096363 0.3593731224536896 119
1761840096429 0.3584902286529541 120
1761840096494 0.35688886046409607 121
1761840096564 0.35557204484939575 122
1761840096631 0.35422757267951965 123
1761840096697 0.3528248369693756 124
1761840096762 0.35122302174568176 125
1761840096829 0.3497624695301056 126
1761840096895 0.34846052527427673 127
1761840096963 0.3467819392681122 128
1761840097029 0.3454296886920929 129
1761840097095 0.3440162241458893 130
1761840097161 0.3429419696331024 131
1761840097227 0.3413578271865845 132
1761840097293 0.3402513563632965 133
1761840097358 0.3392377197742462 134
1761840097423 0.33792728185653687 135
1761840097488 0.3370112180709839 136
1761840097554 0.33573246002197266 137
1761840097617 0.33446648716926575 138
1761840097682 0.3333810865879059 139
1761840097747 0.33213141560554504 140
1761840097812 0.3311423361301422 141
1761840097877 0.3299587368965149 142
1761840097941 0.328862726688385 143
1761840098004 0.3278437852859497 144
1761840098071 0.326984703540802 145
1761840098136 0.3258560001850128 146
1761840098202 0.3252810835838318 147
1761840098266 0.32419532537460327 148
1761840098334 0.32305407524108887 149
1761840098400 0.32189565896987915 150
1761840098464 0.32098308205604553 151
1761840098530 0.3203241229057312 152
1761840098594 0.31935805082321167 153
1761840098659 0.31850507855415344 154
1761840098724 0.3174527883529663 155
1761840098789 0.31685560941696167 156
1761840098854 0.3160238265991211 157
1761840098921 0.31517407298088074 158
1761840098987 0.31440794467926025 159
1761840099054 0.3136880695819855 160
1761840099119 0.3130786716938019 161
1761840099186 0.3122151494026184 162
1761840099252 0.3114978075027466 163
1761840099319 0.3107680380344391 164
1761840099384 0.3099949359893799 165
1761840099451 0.30928459763526917 166
1761840099516 0.3083403408527374 167
1761840099581 0.3076839745044708 168
1761840099648 0.3068721890449524 169
1761840099719 0.3061339259147644 170
1761840099788 0.30522143840789795 171
1761840099869 0.3043435215950012 172
1761840099940 0.30365055799484253 173
1761840100009 0.30280083417892456 174
1761840100077 0.30191731452941895 175
1761840100143 0.30134016275405884 176
1761840100209 0.3006134033203125 177
1761840100277 0.30014100670814514 178
1761840100345 0.2994890809059143 179
1761840100413 0.29875460267066956 180
1761840100480 0.2982460856437683 181
1761840100546 0.29753243923187256 182
1761840100612 0.2969306707382202 183
1761840100678 0.2961626946926117 184
1761840100743 0.29553183913230896 185
1761840100809 0.29476407170295715 186
1761840100875 0.2940652072429657 187
1761840100940 0.2937847375869751 188
1761840101006 0.2932626008987427 189
1761840101075 0.2925858795642853 190
1761840101143 0.29185134172439575 191
1761840101210 0.291229248046875 192
1761840101276 0.29084116220474243 193
1761840101340 0.2901473045349121 194
1761840101405 0.2898196280002594 195
1761840101471 0.28915852308273315 196
1761840101536 0.28831660747528076 197
1761840101604 0.28759029507637024 198
1761840101671 0.2870335876941681 199
1761840101737 0.2865755259990692 200
1761840101803 0.2861257791519165 201
1761840101868 0.28547143936157227 202
1761840101934 0.2848705053329468 203
1761840102000 0.2843317687511444 204
1761840102068 0.28373777866363525 205
1761840102135 0.28318533301353455 206
1761840102201 0.2825095057487488 207
1761840102267 0.2820451557636261 208
1761840102336 0.2813774347305298 209
1761840102405 0.28083863854408264 210
1761840102474 0.2803076207637787 211
1761840102542 0.2800021469593048 212
1761840102609 0.27941498160362244 213
1761840102676 0.2790068984031677 214
1761840102746 0.27856647968292236 215
1761840102815 0.2780889570713043 216
1761840102882 0.2776486873626709 217
1761840102948 0.277290940284729 218
1761840103013 0.27671757340431213 219
1761840103083 0.2762118875980377 220
1761840103153 0.27567097544670105 221
1761840103222 0.275138795375824 222
1761840103289 0.27465900778770447 223
1761840103355 0.2739582657814026 224
1761840103421 0.27353087067604065 225
1761840103489 0.2730518579483032 226
1761840103557 0.27257901430130005 227
1761840103622 0.27189943194389343 228
1761840103688 0.2714293599128723 229
1761840103754 0.27102959156036377 230
1761840103820 0.2706783711910248 231
1761840103886 0.2703900635242462 232
1761840103954 0.26989367604255676 233
1761840104021 0.26956290006637573 234
1761840104087 0.26923897862434387 235
1761840104153 0.2688243091106415 236
1761840104221 0.26841241121292114 237
1761840104292 0.2680235803127289 238
1761840104362 0.26760798692703247 239
1761840104431 0.2672964632511139 240
1761840104498 0.26698508858680725 241
1761840104564 0.26666513085365295 242
1761840104632 0.2662532329559326 243
1761840104699 0.26577576994895935 244
1761840104772 0.26535114645957947 245
1761840104842 0.26495033502578735 246
1761840104910 0.2645493745803833 247
1761840104978 0.26433512568473816 248
1761840105045 0.2638748586177826 249
1761840105113 0.2635670304298401 250
1761840105178 0.2633354961872101 251
1761840105245 0.26302534341812134 252
1761840105312 0.2627331018447876 253
1761840105378 0.26239287853240967 254
1761840105444 0.26218023896217346 255
1761840105510 0.26187238097190857 256
1761840105577 0.26151329278945923 257
1761840105644 0.2611433267593384 258
1761840105711 0.26088833808898926 259
1761840105778 0.26044762134552 260
1761840105844 0.26012957096099854 261
1761840105911 0.2597379684448242 262
1761840105977 0.2593850791454315 263
1761840106044 0.259132444858551 264
1761840106111 0.2587841749191284 265
1761840106178 0.25853922963142395 266
1761840106244 0.25839897990226746 267
1761840106311 0.2580890357494354 268
1761840106379 0.2577418088912964 269
1761840106446 0.2573952376842499 270
1761840106513 0.25700342655181885 271
1761840106578 0.25675150752067566 272
1761840106646 0.2564218044281006 273
1761840106712 0.25607070326805115 274
1761840106779 0.2557540237903595 275
1761840106846 0.25556182861328125 276
1761840106912 0.25530093908309937 277
1761840106979 0.2550249397754669 278
1761840107045 0.2546631395816803 279
1761840107112 0.25431278347969055 280
1761840107178 0.2540525197982788 281
1761840107245 0.25388020277023315 282
1761840107312 0.2536868155002594 283
1761840107379 0.25330936908721924 284
1761840107446 0.25313684344291687 285
1761840107523 0.2528028190135956 286
1761840107593 0.25276872515678406 287
1761840107663 0.25253206491470337 288
1761840107732 0.2522272765636444 289
1761840107801 0.2519473731517792 290
1761840107868 0.251802533864975 291
1761840107935 0.25152239203453064 292
1761840108002 0.25127941370010376 293
1761840108069 0.25090935826301575 294
1761840108136 0.25055456161499023 295
1761840108204 0.2503849267959595 296
1761840108272 0.25016629695892334 297
1761840108340 0.24982339143753052 298
1761840108409 0.24961134791374207 299
1761840108477 0.2494148313999176 300
1761840108544 0.24906764924526215 301
1761840108609 0.24871887266635895 302
1761840108676 0.24842937290668488 303
1761840108746 0.24834366142749786 304
1761840108815 0.2480686753988266 305
1761840108883 0.24777933955192566 306
1761840108951 0.24744856357574463 307
1761840109019 0.24727919697761536 308
1761840109087 0.2470516562461853 309
1761840109156 0.24682894349098206 310
1761840109225 0.24668797850608826 311
1761840109291 0.24641035497188568 312
1761840109359 0.2461191564798355 313
1761840109430 0.24589329957962036 314
1761840109501 0.24564819037914276 315
1761840109569 0.24545301496982574 316
1761840109636 0.24510668218135834 317
1761840109704 0.2448062151670456 318
1761840109771 0.24446672201156616 319
1761840109839 0.24416658282279968 320
1761840109906 0.24386905133724213 321
1761840109974 0.2436683177947998 322
1761840110042 0.24355973303318024 323
1761840110110 0.24344117939472198 324
1761840110179 0.24316754937171936 325
1761840110247 0.24299408495426178 326
1761840110315 0.242806077003479 327
1761840110383 0.24261106550693512 328
1761840110450 0.2423132061958313 329
1761840110517 0.24221432209014893 330
1761840110582 0.2419959306716919 331
1761840110648 0.24172832071781158 332
1761840110716 0.24150778353214264 333
1761840110783 0.2414294183254242 334
1761840110851 0.24125126004219055 335
1761840110918 0.24108748137950897 336
1761840110986 0.24095501005649567 337
1761840111052 0.2407078891992569 338
1761840111120 0.24047914147377014 339
1761840111188 0.24034570157527924 340
1761840111254 0.24021784961223602 341
1761840111321 0.24006181955337524 342
1761840111388 0.2398458570241928 343
1761840111456 0.23952224850654602 344
1761840111524 0.23938600718975067 345
1761840111590 0.23915961384773254 346
1761840111657 0.23892280459403992 347
1761840111725 0.23870548605918884 348
1761840111791 0.23843614757061005 349
1761840111860 0.2382054328918457 350
1761840111926 0.23798081278800964 351
1761840111994 0.23777315020561218 352
1761840112061 0.2375040054321289 353
1761840112128 0.23745636641979218 354
1761840112195 0.23720523715019226 355
1761840112262 0.23707619309425354 356
1761840112329 0.23683667182922363 357
1761840112396 0.23667708039283752 358
1761840112463 0.2364812195301056 359
1761840112530 0.23624280095100403 360
1761840112597 0.23605391383171082 361
1761840112664 0.23584425449371338 362
1761840112732 0.23569707572460175 363
1761840112803 0.23559178411960602 364
1761840112872 0.23546583950519562 365
1761840112941 0.23535719513893127 366
1761840113010 0.23525285720825195 367
1761840113078 0.2349938005208969 368
1761840113145 0.23490162193775177 369
1761840113214 0.23466627299785614 370
1761840113281 0.2344360649585724 371
1761840113347 0.23423223197460175 372
1761840113414 0.2339935004711151 373
1761840113482 0.2337520718574524 374
1761840113552 0.23357750475406647 375
1761840113621 0.2333884984254837 376
1761840113689 0.2332339584827423 377
1761840113757 0.23309719562530518 378
1761840113825 0.232882559299469 379
1761840113893 0.23259969055652618 380
1761840113961 0.2324092984199524 381
1761840114029 0.2321716547012329 382
1761840114097 0.23198041319847107 383
1761840114166 0.23177754878997803 384
1761840114234 0.23161490261554718 385
1761840114303 0.23150351643562317 386
1761840114371 0.2313561886548996 387
1761840114438 0.23110908269882202 388
1761840114507 0.23088693618774414 389
1761840114574 0.23072806000709534 390
1761840114642 0.2306198924779892 391
1761840114710 0.23043003678321838 392
1761840114778 0.230328768491745 393
1761840114847 0.23020900785923004 394
1761840114915 0.2301391363143921 395
1761840114982 0.23002126812934875 396
1761840115051 0.2299652248620987 397
1761840115119 0.22985528409481049 398
1761840115188 0.2297615110874176 399
1761840115257 0.22965776920318604 400
