1761840088549 1.8451751470565796 0
1761840088616 1.2410144805908203 1
1761840088683 1.4239301681518555 2
1761840088753 1.2806053161621094 3
1761840088820 1.24739670753479 4
1761840088885 1.4111593961715698 5
1761840088951 1.2117198705673218 6
1761840089016 0.6224576830863953 7
1761840089082 0.8264535665512085 8
1761840089146 0.8285101652145386 9
1761840089210 0.5271093845367432 10
1761840089273 0.9494124054908752 11
1761840089337 0.8925200700759888 12
1761840089402 1.8468859195709229 13
1761840089466 0.9218811988830566 14
1761840089531 1.1590373516082764 15
1761840089595 0.4001392722129822 16
1761840089658 0.3790270686149597 17
1761840089722 1.0550380945205688 18
1761840089784 0.5431333780288696 19
1761840089848 0.37016546726226807 20
1761840089913 0.3280784785747528 21
1761840089976 0.1339864879846573 22
1761840090042 0.846881091594696 23
1761840090107 0.47995632886886597 24
1761840090170 0.727721631526947 25
1761840090235 0.3061082661151886 26
1761840090300 0.14182761311531067 27
1761840090365 0.2582237422466278 28
1761840090430 0.2788833975791931 29
1761840090493 0.5007522106170654 30
1761840090557 0.10346274077892303 31
1761840090621 1.0229296684265137 32
1761840090684 0.28760409355163574 33
1761840090749 0.3820563554763794 34
1761840090812 0.9768700003623962 35
1761840090875 0.19283607602119446 36
1761840090940 1.379618525505066 37
1761840091024 0.3734787106513977 38
1761840091091 0.6343419551849365 39
1761840091158 0.4521746039390564 40
1761840091224 0.5034793615341187 41
1761840091290 0.37229102849960327 42
1761840091354 0.6473398804664612 43
1761840091419 0.31712770462036133 44
1761840091483 0.15566527843475342 45
1761840091547 0.9169912338256836 46
1761840091611 0.26321548223495483 47
1761840091675 0.5192483067512512 48
1761840091739 0.6166872978210449 49
1761840091804 0.8071821331977844 50
1761840091873 0.017130129039287567 51
1761840091940 0.7325202226638794 52
1761840092005 0.23837816715240479 53
1761840092076 0.7414320111274719 54
1761840092144 1.1290555000305176 55
1761840092210 0.19094961881637573 56
1761840092275 0.12786932289600372 57
1761840092339 0.16113218665122986 58
1761840092402 1.191956639289856 59
1761840092466 0.5722945928573608 60
1761840092531 3.1528477668762207 61
1761840092596 1.1322062015533447 62
1761840092660 0.18044354021549225 63
1761840092730 0.5107221603393555 64
1761840092800 0.30654141306877136 65
1761840092867 0.38844507932662964 66
1761840092932 0.7115875482559204 67
1761840092996 0.48482662439346313 68
1761840093062 0.09463034570217133 69
1761840093128 0.06015447527170181 70
1761840093193 0.05318623408675194 71
1761840093258 0.5753454566001892 72
1761840093321 0.17453163862228394 73
1761840093385 0.6223985552787781 74
1761840093450 0.03044118545949459 75
1761840093513 0.0557984784245491 76
1761840093578 0.19528090953826904 77
1761840093642 0.7524657249450684 78
1761840093707 0.06790682673454285 79
1761840093771 0.4018685817718506 80
1761840093836 1.3598928451538086 81
1761840093899 0.10046005994081497 82
1761840093964 0.05690224468708038 83
1761840094031 0.5549225211143494 84
1761840094096 0.06878840178251266 85
1761840094160 0.33668872714042664 86
1761840094225 0.6912214159965515 87
1761840094291 0.7433207631111145 88
1761840094360 0.08280742913484573 89
1761840094429 0.029782500118017197 90
1761840094496 1.6938269138336182 91
1761840094565 0.7695350050926208 92
1761840094632 0.5523304343223572 93
1761840094698 0.23863625526428223 94
1761840094763 0.04871896654367447 95
1761840094828 0.1127515509724617 96
1761840094893 0.5673415660858154 97
1761840094957 0.14073024690151215 98
1761840095022 0.31703293323516846 99
1761840095089 0.4851233661174774 100
1761840095156 0.18448993563652039 101
1761840095224 0.02907649800181389 102
1761840095291 0.6305978298187256 103
1761840095360 0.29218775033950806 104
1761840095428 1.020711064338684 105
1761840095496 0.9667525887489319 106
1761840095562 0.4064880311489105 107
1761840095629 0.36609727144241333 108
1761840095697 0.2566462755203247 109
1761840095765 1.1018966436386108 110
1761840095831 0.09172945469617844 111
1761840095897 0.04739779233932495 112
1761840095963 0.007055201567709446 113
1761840096028 0.04184534773230553 114
1761840096096 0.3184267282485962 115
1761840096162 0.8426527976989746 116
1761840096231 0.06443087011575699 117
1761840096297 0.8381834030151367 118
1761840096363 0.14307689666748047 119
1761840096429 0.30969175696372986 120
1761840096494 0.21233244240283966 121
1761840096564 0.48577630519866943 122
1761840096631 0.969210147857666 123
1761840096697 0.1675567775964737 124
1761840096762 0.17687518894672394 125
1761840096829 0.02760661579668522 126
1761840096895 1.4852522611618042 127
1761840096963 0.08803452551364899 128
1761840097029 0.766655683517456 129
1761840097095 0.5162118077278137 130
1761840097161 0.5467825531959534 131
1761840097227 0.08886191248893738 132
1761840097293 0.0451686829328537 133
1761840097358 0.7401522994041443 134
1761840097423 0.0834701806306839 135
1761840097488 1.1898552179336548 136
1761840097554 0.5477544069290161 137
1761840097617 0.32440871000289917 138
1761840097682 0.16733598709106445 139
1761840097747 0.15746833384037018 140
1761840097812 0.05043621361255646 141
1761840097877 0.15757805109024048 142
1761840097941 0.24850933253765106 143
1761840098004 0.2864210903644562 144
1761840098071 0.44382244348526 145
1761840098136 0.6133938431739807 146
1761840098202 0.7740156054496765 147
1761840098266 0.48274242877960205 148
1761840098334 0.08145128935575485 149
1761840098400 0.12673695385456085 150
1761840098464 0.7463019490242004 151
1761840098530 0.8412283658981323 152
1761840098594 0.4374887943267822 153
1761840098659 0.5105603933334351 154
1761840098724 0.1863749921321869 155
1761840098789 0.7539346814155579 156
1761840098854 0.006441354285925627 157
1761840098921 0.054532766342163086 158
1761840098987 0.41206955909729004 159
1761840099054 0.8306339979171753 160
1761840099119 0.974152684211731 161
1761840099186 0.12928487360477448 162
1761840099252 0.06130775064229965 163
1761840099319 0.48339369893074036 164
1761840099384 0.5902162194252014 165
1761840099451 0.5154958367347717 166
1761840099516 0.01055847480893135 167
1761840099581 0.891472578048706 168
1761840099648 0.5479729175567627 169
1761840099719 0.3828740417957306 170
1761840099788 0.19356293976306915 171
1761840099869 0.11554662138223648 172
1761840099940 0.6430727243423462 173
1761840100009 0.12247626483440399 174
1761840100077 0.1851644665002823 175
1761840100143 0.5118565559387207 176
1761840100209 0.7868267297744751 177
1761840100277 0.44044533371925354 178
1761840100345 0.08169794827699661 179
1761840100413 0.33039647340774536 180
1761840100480 0.2580338716506958 181
1761840100546 1.114021897315979 182
1761840100612 0.4042505919933319 183
1761840100678 0.18942886590957642 184
1761840100743 0.4457947015762329 185
1761840100809 0.12418599426746368 186
1761840100875 0.0488695427775383 187
1761840100940 0.7855712175369263 188
1761840101006 0.4472936689853668 189
1761840101075 0.06451371312141418 190
1761840101143 0.18006631731987 191
1761840101210 0.38999950885772705 192
1761840101276 1.4279240369796753 193
1761840101340 0.06285826861858368 194
1761840101405 1.8131394386291504 195
1761840101471 0.20660261809825897 196
1761840101536 0.049383386969566345 197
1761840101604 0.5544558763504028 198
1761840101671 0.6417205929756165 199
1761840101737 0.4290611147880554 200
1761840101803 1.1563175916671753 201
1761840101868 0.18835346400737762 202
1761840101934 0.015935827046632767 203
1761840102000 0.14138107001781464 204
1761840102068 0.35263752937316895 205
1761840102135 0.11154349893331528 206
1761840102201 0.09209494292736053 207
1761840102267 0.8630273342132568 208
1761840102336 0.14352263510227203 209
1761840102405 0.573229968547821 210
1761840102474 0.21111613512039185 211
1761840102542 0.23673668503761292 212
1761840102609 0.04981249198317528 213
1761840102676 0.08937173336744308 214
1761840102746 0.27745288610458374 215
1761840102815 0.15326127409934998 216
1761840102882 0.09246014058589935 217
1761840102948 0.06436054408550262 218
1761840103013 0.12060221284627914 219
1761840103083 0.21441024541854858 220
1761840103153 0.028369443491101265 221
1761840103222 0.5426212549209595 222
1761840103289 0.10424617677927017 223
1761840103355 0.08736685663461685 224
1761840103421 0.14414231479167938 225
1761840103489 0.07810882478952408 226
1761840103557 0.09830807149410248 227
1761840103622 0.03331280127167702 228
1761840103688 0.2376309484243393 229
1761840103754 0.2056601345539093 230
1761840103820 0.12513962388038635 231
1761840103886 0.6621536612510681 232
1761840103954 0.11468075215816498 233
1761840104021 0.05499446764588356 234
1761840104087 0.502962052822113 235
1761840104153 0.014672616496682167 236
1761840104221 0.03858388215303421 237
1761840104292 0.5543525218963623 238
1761840104362 0.2747703790664673 239
1761840104431 1.2866047620773315 240
1761840104498 0.17286424338817596 241
1761840104564 0.10857071727514267 242
1761840104632 0.07653184980154037 243
1761840104699 0.2537183165550232 244
1761840104772 0.060991670936346054 245
1761840104842 0.1400674432516098 246
1761840104910 0.6219668388366699 247
1761840104978 0.8914303779602051 248
1761840105045 0.3084452748298645 249
1761840105113 0.031024862080812454 250
1761840105178 0.2891901135444641 251
1761840105245 0.13467296957969666 252
1761840105312 0.04550454393029213 253
1761840105378 0.13586783409118652 254
1761840105444 0.7724704146385193 255
1761840105510 0.4294777810573578 256
1761840105577 0.518959105014801 257
1761840105644 1.0342968702316284 258
1761840105711 0.11118307709693909 259
1761840105778 0.08634315431118011 260
1761840105844 0.015679072588682175 261
1761840105911 0.34592553973197937 262
1761840105977 0.018930742517113686 263
1761840106044 0.41621679067611694 264
1761840106111 0.056729402393102646 265
1761840106178 0.1382647454738617 266
1761840106244 0.5702968835830688 267
1761840106311 0.33555155992507935 268
1761840106379 0.03231067582964897 269
1761840106446 0.3239433765411377 270
1761840106513 0.23406243324279785 271
1761840106578 1.3014204502105713 272
1761840106646 0.04351000115275383 273
1761840106712 0.15078115463256836 274
1761840106779 0.050598740577697754 275
1761840106846 0.4037715792655945 276
1761840106912 0.4893212914466858 277
1761840106979 0.024166427552700043 278
1761840107045 0.5199401378631592 279
1761840107112 0.11783556640148163 280
1761840107178 0.047930385917425156 281
1761840107245 0.7402575016021729 282
1761840107312 0.09607423841953278 283
1761840107379 0.0628829300403595 284
1761840107446 0.6765565872192383 285
1761840107523 0.17787957191467285 286
1761840107593 1.2048227787017822 287
1761840107663 0.7761379480361938 288
1761840107732 0.16367395222187042 289
1761840107801 0.09520423412322998 290
1761840107868 1.4283357858657837 291
1761840107935 0.047794658690690994 292
1761840108002 0.6178404688835144 293
1761840108069 0.05284399539232254 294
1761840108136 0.03424728661775589 295
1761840108204 0.9203916788101196 296
1761840108272 0.2158384919166565 297
1761840108340 0.15486018359661102 298
1761840108409 0.07140038907527924 299
1761840108477 0.6431349515914917 300
1761840108544 0.23701362311840057 301
1761840108609 0.5669633746147156 302
1761840108676 0.2734566926956177 303
1761840108746 0.040764134377241135 304
1761840108815 0.2567460536956787 305
1761840108883 0.317192941904068 306
1761840108951 0.11508192867040634 307
1761840109019 0.4051513671875 308
1761840109087 0.7765843272209167 309
1761840109156 0.23979222774505615 310
1761840109225 0.23367854952812195 311
1761840109291 0.2609843313694 312
1761840109359 0.2979441285133362 313
1761840109430 0.14282704889774323 314
1761840109501 0.3464173972606659 315
1761840109569 0.2783603072166443 316
1761840109636 0.1659921258687973 317
1761840109704 0.06691564619541168 318
1761840109771 0.0803416296839714 319
1761840109839 0.2919653356075287 320
1761840109906 0.1827290952205658 321
1761840109974 0.31007999181747437 322
1761840110042 1.1324567794799805 323
1761840110110 0.0071529424749314785 324
1761840110179 0.38641417026519775 325
1761840110247 0.2842194139957428 326
1761840110315 0.5543786287307739 327
1761840110383 0.12611404061317444 328
1761840110450 0.06131332740187645 329
1761840110517 1.0490772724151611 330
1761840110582 0.3003288507461548 331
1761840110648 0.16514728963375092 332
1761840110716 0.0560167096555233 333
1761840110783 0.9011884331703186 334
1761840110851 0.17927683889865875 335
1761840110918 0.4927692413330078 336
1761840110986 0.052457164973020554 337
1761840111052 0.6842336654663086 338
1761840111120 0.18432091176509857 339
1761840111188 0.4993782639503479 340
1761840111254 0.8452645540237427 341
1761840111321 0.14552445709705353 342
1761840111388 0.3175945580005646 343
1761840111456 0.16608227789402008 344
1761840111524 0.13123899698257446 345
1761840111590 1.2988672256469727 346
1761840111657 0.10773110389709473 347
1761840111725 0.5725714564323425 348
1761840111791 0.544617235660553 349
1761840111860 0.2416236698627472 350
1761840111926 0.1558045744895935 351
1761840111994 0.05028137192130089 352
1761840112061 0.039378535002470016 353
1761840112128 0.10093272477388382 354
1761840112195 0.03776593878865242 355
1761840112262 0.6272169947624207 356
1761840112329 0.08875560760498047 357
1761840112396 0.053097859025001526 358
1761840112463 0.24364402890205383 359
1761840112530 0.02824704721570015 360
1761840112597 0.45606645941734314 361
1761840112664 0.03682985529303551 362
1761840112732 1.051745891571045 363
1761840112803 0.5702238082885742 364
1761840112872 0.38190263509750366 365
1761840112941 0.8979229927062988 366
1761840113010 0.1773793250322342 367
1761840113078 0.36925914883613586 368
1761840113145 0.17009615898132324 369
1761840113214 0.6183870434761047 370
1761840113281 0.0776323452591896 371
1761840113347 0.06058480218052864 372
1761840113414 0.3004072904586792 373
1761840113482 0.15178604423999786 374
1761840113552 0.5793077945709229 375
1761840113621 0.14671412110328674 376
1761840113689 0.0695037767291069 377
1761840113757 0.40427908301353455 378
1761840113825 0.1976792961359024 379
1761840113893 0.02173459157347679 380
1761840113961 0.0327850766479969 381
1761840114029 0.14079876244068146 382
1761840114097 0.07512129843235016 383
1761840114166 0.6132999658584595 384
1761840114234 0.5671934485435486 385
1761840114303 0.07897697389125824 386
1761840114371 0.49170202016830444 387
1761840114438 0.24049346148967743 388
1761840114507 0.025268681347370148 389
1761840114574 0.6158370971679688 390
1761840114642 0.5376310348510742 391
1761840114710 0.2984618842601776 392
1761840114778 1.224253535270691 393
1761840114847 0.13383224606513977 394
1761840114915 0.5708160996437073 395
1761840114982 0.3244595229625702 396
1761840115051 0.6048993468284607 397
1761840115119 0.048654068261384964 398
1761840115188 0.0735921785235405 399
1761840115257 0.21296067535877228 400
