1763905266940 1.7653559446334839 0
1763905267031 1.520505666732788 1
1763905267128 1.3952008485794067 2
1763905267221 1.3316149711608887 3
1763905267313 1.2611839771270752 4
1763905267406 1.2050673961639404 5
1763905267498 1.158463716506958 6
1763905267589 1.1193464994430542 7
1763905267681 1.0758098363876343 8
1763905267772 1.0403815507888794 9
1763905267864 1.00774347782135 10
1763905267956 0.9839621782302856 11
1763905268049 0.9545184969902039 12
1763905268142 0.9347443580627441 13
1763905268233 0.914055347442627 14
1763905268324 0.8917924761772156 15
1763905268416 0.875514566898346 16
1763905268507 0.8589479327201843 17
1763905268597 0.8451045751571655 18
1763905268688 0.8310235142707825 19
1763905268779 0.8179818987846375 20
1763905268870 0.8074770569801331 21
1763905268961 0.7919583320617676 22
1763905269052 0.7818989157676697 23
1763905269144 0.768288791179657 24
1763905269234 0.7573853731155396 25
1763905269325 0.7484191656112671 26
1763905269416 0.7398129105567932 27
1763905269508 0.7303721308708191 28
1763905269600 0.7201134562492371 29
1763905269691 0.7101739645004272 30
1763905269782 0.7014663219451904 31
1763905269873 0.6917622685432434 32
1763905269965 0.6833093762397766 33
1763905270055 0.6758714914321899 34
1763905270144 0.6680747270584106 35
1763905270236 0.6621835231781006 36
1763905270327 0.6544180512428284 37
1763905270419 0.6480389833450317 38
1763905270512 0.6414309144020081 39
