1763905266940 1.3502212762832642 0
1763905267031 1.3930026292800903 1
1763905267128 0.9804956912994385 2
1763905267221 0.7559570074081421 3
1763905267313 1.09730863571167 4
1763905267406 0.7261594533920288 5
1763905267498 0.45125848054885864 6
1763905267589 0.8914040923118591 7
1763905267681 0.6357359886169434 8
1763905267772 0.9260547161102295 9
1763905267864 0.669459879398346 10
1763905267956 0.9787165522575378 11
1763905268049 0.30537933111190796 12
1763905268142 1.0793471336364746 13
1763905268233 0.7375985383987427 14
1763905268324 0.6775295734405518 15
1763905268416 0.6371243000030518 16
1763905268507 1.226779580116272 17
1763905268597 0.6698368787765503 18
1763905268688 0.4991689622402191 19
1763905268779 0.46504542231559753 20
1763905268870 0.6317576766014099 21
1763905268961 0.3376157283782959 22
1763905269052 0.4216398298740387 23
1763905269144 0.2948390245437622 24
1763905269234 0.5753474235534668 25
1763905269325 0.2847401201725006 26
1763905269416 0.30163028836250305 27
1763905269508 0.8560622930526733 28
1763905269600 0.4956111013889313 29
1763905269691 0.49284473061561584 30
1763905269782 1.1295924186706543 31
1763905269873 0.747723400592804 32
1763905269965 0.6208332777023315 33
1763905270055 0.6452458500862122 34
1763905270144 0.31514206528663635 35
1763905270236 0.4582177400588989 36
1763905270327 0.3324175179004669 37
1763905270419 0.17053236067295074 38
1763905270512 0.35926389694213867 39
