1763905672828 1.7199362516403198 0
1763905672922 1.5112981796264648 1
1763905673014 1.3937151432037354 2
1763905673098 1.2996798753738403 3
1763905673186 1.2214449644088745 4
1763905673278 1.1756651401519775 5
1763905673370 1.1217104196548462 6
1763905673461 1.0846258401870728 7
1763905673553 1.0429526567459106 8
1763905673645 1.0078423023223877 9
1763905673735 0.9837177991867065 10
1763905673829 0.9637140035629272 11
1763905673921 0.9384592771530151 12
1763905674014 0.919334888458252 13
1763905674106 0.9000839591026306 14
1763905674196 0.8827207684516907 15
1763905674287 0.8684999942779541 16
1763905674378 0.8495248556137085 17
1763905674469 0.8352028727531433 18
1763905674561 0.8232272863388062 19
1763905674653 0.8087581396102905 20
1763905674743 0.7948172092437744 21
1763905674837 0.781822681427002 22
1763905674931 0.7726591229438782 23
1763905675023 0.7603973746299744 24
1763905675115 0.7512245774269104 25
1763905675206 0.7418870329856873 26
1763905675297 0.7317555546760559 27
1763905675387 0.7230173945426941 28
1763905675479 0.7146216630935669 29
1763905675571 0.7049952745437622 30
1763905675662 0.6957719326019287 31
1763905675754 0.6876150965690613 32
1763905675847 0.6794264912605286 33
1763905675939 0.6722318530082703 34
1763905676033 0.6639566421508789 35
1763905676127 0.6572186946868896 36
1763905676221 0.649132251739502 37
1763905676313 0.641528308391571 38
1763905676405 0.6334483623504639 39
1763905676497 0.62703537940979 40
1763905676588 0.6201971769332886 41
1763905676680 0.6141552925109863 42
1763905676775 0.6069123148918152 43
1763905676868 0.5990177392959595 44
1763905676970 0.591115415096283 45
1763905677075 0.5853238105773926 46
1763905677175 0.5783666968345642 47
1763905677271 0.5720441341400146 48
1763905677367 0.5655595660209656 49
1763905677462 0.5588892102241516 50
1763905677558 0.5529736280441284 51
1763905677655 0.547400176525116 52
1763905677752 0.5412729382514954 53
1763905677855 0.5357885956764221 54
1763905677974 0.5299325585365295 55
1763905678074 0.5241842865943909 56
1763905678171 0.5187404155731201 57
1763905678266 0.5138314366340637 58
1763905678366 0.5096995234489441 59
1763905678470 0.5049449801445007 60
1763905678572 0.5002525448799133 61
1763905678669 0.49535802006721497 62
1763905678768 0.4908219277858734 63
1763905678884 0.48672786355018616 64
1763905678981 0.4826469421386719 65
1763905679077 0.4786522388458252 66
1763905679173 0.4745563864707947 67
1763905679267 0.47067683935165405 68
1763905679360 0.4670822322368622 69
1763905679457 0.4635501801967621 70
1763905679555 0.46004992723464966 71
1763905679651 0.45659568905830383 72
1763905679745 0.45356810092926025 73
1763905679839 0.4501073658466339 74
1763905679932 0.4474644660949707 75
1763905680028 0.44452589750289917 76
1763905680123 0.44173476099967957 77
1763905680218 0.43903613090515137 78
1763905680310 0.4368739128112793 79
1763905680402 0.43423256278038025 80
1763905680496 0.43174952268600464 81
1763905680590 0.4290598928928375 82
1763905680683 0.42653706669807434 83
1763905680777 0.4239722192287445 84
1763905680870 0.42138758301734924 85
1763905680966 0.41938847303390503 86
1763905681065 0.41712692379951477 87
1763905681161 0.4151809513568878 88
1763905681256 0.41294047236442566 89
1763905681350 0.41112709045410156 90
1763905681444 0.40887778997421265 91
1763905681535 0.4065268635749817 92
1763905681629 0.4044497609138489 93
1763905681726 0.40246257185935974 94
1763905681824 0.4003790616989136 95
1763905681920 0.3983350396156311 96
1763905682019 0.3967122435569763 97
1763905682117 0.3946712613105774 98
1763905682213 0.39334267377853394 99
1763905682308 0.3918878138065338 100
1763905682402 0.39016246795654297 101
1763905682496 0.388630211353302 102
1763905682592 0.38708943128585815 103
1763905682690 0.38578301668167114 104
1763905682791 0.3845881521701813 105
1763905682886 0.3831237256526947 106
1763905682984 0.3815291225910187 107
1763905683080 0.3801311254501343 108
1763905683171 0.3783295154571533 109
1763905683265 0.37700942158699036 110
1763905683360 0.3755185306072235 111
1763905683454 0.3738017678260803 112
1763905683548 0.37241196632385254 113
1763905683644 0.37093570828437805 114
1763905683743 0.36931926012039185 115
1763905683844 0.3677278757095337 116
1763905683945 0.3662452697753906 117
1763905684045 0.3653286397457123 118
1763905684144 0.3640044331550598 119
1763905684243 0.36256319284439087 120
1763905684340 0.3613552153110504 121
1763905684436 0.3600158095359802 122
1763905684531 0.35859760642051697 123
1763905684628 0.3573782742023468 124
1763905684724 0.356280118227005 125
1763905684819 0.35514816641807556 126
1763905684916 0.3539957106113434 127
1763905685012 0.3528884947299957 128
1763905685109 0.35167932510375977 129
1763905685206 0.35065820813179016 130
1763905685301 0.34965628385543823 131
1763905685395 0.3488972783088684 132
1763905685488 0.347962349653244 133
1763905685581 0.3468308746814728 134
1763905685675 0.3458024561405182 135
1763905685773 0.3449130356311798 136
1763905685870 0.34390029311180115 137
1763905685968 0.3428625464439392 138
1763905686064 0.34196215867996216 139
1763905686157 0.34126928448677063 140
1763905686253 0.34008246660232544 141
1763905686349 0.3393194079399109 142
1763905686443 0.338472843170166 143
1763905686539 0.33737051486968994 144
1763905686636 0.33656787872314453 145
1763905686730 0.335507333278656 146
1763905686827 0.33468300104141235 147
1763905686923 0.3339628577232361 148
1763905687021 0.3330719470977783 149
1763905687119 0.33244702219963074 150
1763905687217 0.33169060945510864 151
1763905687313 0.33062347769737244 152
1763905687409 0.3302304446697235 153
1763905687502 0.3294852674007416 154
1763905687596 0.32884252071380615 155
1763905687691 0.3280443847179413 156
1763905687786 0.32728391885757446 157
1763905687880 0.32647404074668884 158
1763905687976 0.3258016109466553 159
1763905688072 0.32527342438697815 160
1763905688167 0.32441216707229614 161
1763905688261 0.32369786500930786 162
1763905688354 0.3229965269565582 163
1763905688447 0.3224135637283325 164
1763905688541 0.32156679034233093 165
1763905688635 0.3210265040397644 166
1763905688729 0.3203199505805969 167
1763905688824 0.31955206394195557 168
1763905688919 0.31878164410591125 169
1763905689015 0.318126916885376 170
1763905689116 0.31774458289146423 171
1763905689213 0.31723594665527344 172
1763905689308 0.31683045625686646 173
1763905689404 0.3161671757698059 174
1763905689499 0.3156021535396576 175
1763905689597 0.3150351047515869 176
1763905689698 0.3144364356994629 177
1763905689796 0.3139345049858093 178
1763905689893 0.31322017312049866 179
1763905689987 0.3127475678920746 180
1763905690083 0.31236129999160767 181
1763905690180 0.3119705021381378 182
1763905690276 0.3116025924682617 183
1763905690371 0.3112282454967499 184
1763905690464 0.310703843832016 185
1763905690561 0.310225248336792 186
1763905690659 0.30966126918792725 187
1763905690756 0.30918025970458984 188
1763905690852 0.30880218744277954 189
1763905690947 0.3084866404533386 190
1763905691041 0.30788516998291016 191
1763905691136 0.30728742480278015 192
1763905691234 0.3068813681602478 193
1763905691331 0.3067519962787628 194
1763905691425 0.30629706382751465 195
1763905691519 0.3058720529079437 196
1763905691614 0.30534836649894714 197
1763905691709 0.30502164363861084 198
1763905691808 0.30460283160209656 199
1763905691908 0.30405089259147644 200
1763905692006 0.3035031259059906 201
1763905692103 0.30319541692733765 202
1763905692198 0.3026829659938812 203
1763905692293 0.3023362159729004 204
1763905692386 0.3019345998764038 205
1763905692479 0.30159294605255127 206
1763905692572 0.3010057508945465 207
1763905692667 0.3005126714706421 208
1763905692762 0.3000606894493103 209
1763905692857 0.29976123571395874 210
1763905692953 0.2994871139526367 211
1763905693050 0.2992122173309326 212
1763905693144 0.29885226488113403 213
1763905693238 0.2984565794467926 214
1763905693332 0.2980034649372101 215
1763905693428 0.2976354956626892 216
1763905693521 0.2972632050514221 217
1763905693615 0.29691869020462036 218
1763905693711 0.2965632677078247 219
1763905693804 0.29614660143852234 220
1763905693899 0.295831561088562 221
1763905693994 0.29540276527404785 222
1763905694089 0.2951565682888031 223
1763905694182 0.29490578174591064 224
1763905694275 0.2945018708705902 225
1763905694369 0.2941194176673889 226
1763905694462 0.29384511709213257 227
1763905694556 0.29339778423309326 228
1763905694650 0.29291579127311707 229
1763905694743 0.29243624210357666 230
1763905694838 0.29214364290237427 231
1763905694932 0.2921394407749176 232
1763905695027 0.29177579283714294 233
1763905695123 0.29147234559059143 234
1763905695219 0.29099705815315247 235
1763905695312 0.2907549738883972 236
1763905695408 0.29054123163223267 237
1763905695513 0.29023653268814087 238
1763905695612 0.289890319108963 239
1763905695710 0.28971540927886963 240
1763905695813 0.28935950994491577 241
1763905695914 0.28902095556259155 242
1763905696013 0.28868284821510315 243
1763905696112 0.2885410189628601 244
1763905696210 0.2883054316043854 245
1763905696307 0.28798550367355347 246
1763905696405 0.28763777017593384 247
1763905696510 0.28736060857772827 248
1763905696609 0.28713610768318176 249
1763905696706 0.2868329882621765 250
1763905696802 0.2865067720413208 251
1763905696899 0.28638482093811035 252
1763905696995 0.28613635897636414 253
1763905697091 0.2857699692249298 254
1763905697192 0.28559181094169617 255
1763905697290 0.2853047847747803 256
1763905697388 0.2850549817085266 257
1763905697484 0.2849104106426239 258
1763905697580 0.28477156162261963 259
1763905697674 0.2845627963542938 260
1763905697770 0.28440216183662415 261
1763905697866 0.284089058637619 262
1763905697962 0.2838307321071625 263
1763905698059 0.2837184965610504 264
1763905698155 0.2833672761917114 265
1763905698254 0.28311648964881897 266
1763905698352 0.2827986180782318 267
1763905698447 0.2824787199497223 268
1763905698542 0.2821632921695709 269
1763905698636 0.28183817863464355 270
1763905698730 0.28163179755210876 271
1763905698824 0.2814050316810608 272
1763905698920 0.2812007665634155 273
1763905699020 0.281002402305603 274
1763905699119 0.280762255191803 275
1763905699216 0.2805013358592987 276
1763905699312 0.28027376532554626 277
1763905699405 0.27996283769607544 278
1763905699500 0.2796718180179596 279
1763905699595 0.2794404923915863 280
1763905699692 0.27909746766090393 281
1763905699800 0.27889102697372437 282
1763905699901 0.27873489260673523 283
1763905700000 0.27848488092422485 284
1763905700100 0.2782970070838928 285
1763905700200 0.27801209688186646 286
1763905700302 0.2778254449367523 287
1763905700400 0.2775777280330658 288
1763905700500 0.27732861042022705 289
1763905700600 0.2771304249763489 290
1763905700700 0.27692103385925293 291
1763905700800 0.2765768766403198 292
1763905700897 0.27640432119369507 293
1763905700993 0.2762686014175415 294
1763905701088 0.27609530091285706 295
1763905701183 0.275995671749115 296
1763905701278 0.27582719922065735 297
1763905701371 0.2757143974304199 298
1763905701469 0.2755559980869293 299
1763905701566 0.2754132151603699 300
1763905701662 0.27505385875701904 301
1763905701759 0.27491286396980286 302
1763905701856 0.2747623026371002 303
1763905701952 0.27454718947410583 304
1763905702047 0.27438482642173767 305
1763905702143 0.2742753028869629 306
1763905702238 0.274088978767395 307
1763905702332 0.2737966477870941 308
1763905702426 0.27364835143089294 309
1763905702520 0.27349793910980225 310
1763905702615 0.273368775844574 311
1763905702709 0.27319151163101196 312
1763905702805 0.2730638086795807 313
1763905702901 0.27291420102119446 314
1763905702997 0.27266526222229004 315
1763905703092 0.272390753030777 316
1763905703186 0.27220603823661804 317
1763905703280 0.27209553122520447 318
1763905703375 0.2721242606639862 319
1763905703470 0.2720949947834015 320
1763905703564 0.27185380458831787 321
1763905703660 0.2717400789260864 322
1763905703755 0.2716418504714966 323
1763905703854 0.27142533659935 324
1763905703956 0.27122369408607483 325
1763905704058 0.27109017968177795 326
1763905704157 0.2708292305469513 327
1763905704255 0.270651638507843 328
1763905704351 0.2704515755176544 329
1763905704447 0.2703235447406769 330
1763905704542 0.27014753222465515 331
1763905704637 0.2699965834617615 332
1763905704733 0.26986706256866455 333
1763905704833 0.26975250244140625 334
1763905704931 0.26967811584472656 335
1763905705029 0.2695683538913727 336
1763905705127 0.2693502604961395 337
1763905705229 0.2691676616668701 338
1763905705328 0.26893970370292664 339
1763905705427 0.268769770860672 340
1763905705523 0.2687375545501709 341
1763905705618 0.2686948776245117 342
1763905705714 0.2686549425125122 343
1763905705811 0.26860958337783813 344
1763905705908 0.26838648319244385 345
1763905706004 0.26823166012763977 346
1763905706109 0.2680399715900421 347
1763905706207 0.2678387463092804 348
1763905706306 0.2676599323749542 349
1763905706416 0.26742854714393616 350
1763905706520 0.2673642635345459 351
1763905706620 0.2671545445919037 352
1763905706718 0.26710060238838196 353
1763905706818 0.26711177825927734 354
1763905706916 0.26701366901397705 355
1763905707012 0.2668856084346771 356
1763905707111 0.26676997542381287 357
1763905707210 0.2665852904319763 358
1763905707307 0.2663992643356323 359
1763905707406 0.2661956250667572 360
1763905707504 0.26600199937820435 361
1763905707603 0.2658565640449524 362
1763905707700 0.26563572883605957 363
1763905707797 0.26559963822364807 364
1763905707895 0.2654878497123718 365
1763905707991 0.2653734087944031 366
1763905708089 0.26525309681892395 367
1763905708188 0.26510921120643616 368
1763905708284 0.2650333046913147 369
1763905708381 0.26489192247390747 370
1763905708477 0.26486527919769287 371
1763905708574 0.26468604803085327 372
1763905708669 0.2645758092403412 373
1763905708764 0.26449355483055115 374
1763905708861 0.2644211947917938 375
1763905708959 0.2642768919467926 376
1763905709059 0.2641598582267761 377
1763905709155 0.2640732526779175 378
1763905709251 0.26397714018821716 379
1763905709347 0.26380455493927 380
1763905709443 0.26370206475257874 381
1763905709539 0.26346051692962646 382
1763905709635 0.26335686445236206 383
1763905709731 0.26339006423950195 384
1763905709829 0.2633334696292877 385
1763905709927 0.26332592964172363 386
1763905710025 0.26328083872795105 387
1763905710123 0.26314571499824524 388
1763905710222 0.2629036605358124 389
1763905710319 0.26282578706741333 390
1763905710418 0.2627878487110138 391
1763905710516 0.2627314031124115 392
1763905710612 0.2625809609889984 393
1763905710717 0.26251131296157837 394
1763905710817 0.262392520904541 395
1763905710915 0.2622697353363037 396
1763905711013 0.26208046078681946 397
1763905711112 0.26199859380722046 398
1763905711213 0.261858195066452 399
1763905711315 0.26170095801353455 400
