1763905672828 1.4200299978256226 0
1763905672922 1.219757080078125 1
1763905673014 1.622954249382019 2
1763905673098 0.768854022026062 3
1763905673186 0.8682073950767517 4
1763905673278 0.6604287624359131 5
1763905673370 0.382560670375824 6
1763905673461 0.8686692714691162 7
1763905673553 0.865305483341217 8
1763905673645 0.5753850340843201 9
1763905673735 1.0604114532470703 10
1763905673829 0.999622642993927 11
1763905673921 0.6647965312004089 12
1763905674014 0.6156677007675171 13
1763905674106 0.380332350730896 14
1763905674196 0.6240408420562744 15
1763905674287 0.5510356426239014 16
1763905674378 0.7425583004951477 17
1763905674469 1.4759560823440552 18
1763905674561 0.2871108651161194 19
1763905674653 0.34185147285461426 20
1763905674743 0.32577839493751526 21
1763905674837 0.5299111008644104 22
1763905674931 0.2960817217826843 23
1763905675023 0.4946639835834503 24
1763905675115 0.6621084809303284 25
1763905675206 0.30172428488731384 26
1763905675297 0.44202721118927 27
1763905675387 0.32710447907447815 28
1763905675479 0.5236469507217407 29
1763905675571 0.36956340074539185 30
1763905675662 0.6639429926872253 31
1763905675754 0.248740091919899 32
1763905675847 0.13766616582870483 33
1763905675939 0.139223113656044 34
1763905676033 0.7774922847747803 35
1763905676127 0.2956700026988983 36
1763905676221 0.4444267153739929 37
1763905676313 0.17923128604888916 38
1763905676405 0.320589154958725 39
1763905676497 0.20198288559913635 40
1763905676588 0.23560641705989838 41
1763905676680 0.40007326006889343 42
1763905676775 0.7908530235290527 43
1763905676868 0.1764000952243805 44
1763905676970 0.03033139929175377 45
1763905677075 0.47578075528144836 46
1763905677175 0.19962535798549652 47
1763905677271 1.1082687377929688 48
1763905677367 0.1608962118625641 49
1763905677462 0.13614295423030853 50
1763905677558 1.0373432636260986 51
1763905677655 0.33345282077789307 52
1763905677752 0.2165234386920929 53
1763905677855 0.06296554207801819 54
1763905677974 0.08133295923471451 55
1763905678074 0.4727329909801483 56
1763905678171 0.43225517868995667 57
1763905678266 0.035758860409259796 58
1763905678366 0.5760768055915833 59
1763905678470 0.2977927327156067 60
1763905678572 0.23972707986831665 61
1763905678669 0.07000923901796341 62
1763905678768 0.08092418313026428 63
1763905678884 0.23345452547073364 64
1763905678981 0.16813726723194122 65
1763905679077 0.31259381771087646 66
1763905679173 0.0895855575799942 67
1763905679267 0.32952985167503357 68
1763905679360 0.12701454758644104 69
1763905679457 0.23125411570072174 70
1763905679555 0.1462135910987854 71
1763905679651 0.28031840920448303 72
1763905679745 0.08098814636468887 73
1763905679839 0.14335879683494568 74
1763905679932 0.4892790913581848 75
1763905680028 0.09970186650753021 76
1763905680123 0.11643517762422562 77
1763905680218 0.130447119474411 78
1763905680310 0.6631458401679993 79
1763905680402 0.12647825479507446 80
1763905680496 0.7188881039619446 81
1763905680590 0.1530693918466568 82
1763905680683 0.23283258080482483 83
1763905680777 0.04979097843170166 84
1763905680870 0.382351815700531 85
1763905680966 0.05619369074702263 86
1763905681065 0.23117797076702118 87
1763905681161 0.1258820742368698 88
1763905681256 0.7033698558807373 89
1763905681350 0.6434203386306763 90
1763905681444 0.39719757437705994 91
1763905681535 0.04376581683754921 92
1763905681629 0.1563214659690857 93
1763905681726 0.17755641043186188 94
1763905681824 0.48628583550453186 95
1763905681920 0.09984886646270752 96
1763905682019 0.08471061289310455 97
1763905682117 0.09075553715229034 98
1763905682213 1.0566182136535645 99
1763905682308 0.38059279322624207 100
1763905682402 0.2749401926994324 101
1763905682496 0.37915292382240295 102
1763905682592 0.1134989857673645 103
1763905682690 0.08248617500066757 104
1763905682791 0.38670599460601807 105
1763905682886 0.24708348512649536 106
1763905682984 0.12749101221561432 107
1763905683080 0.084146648645401 108
1763905683171 0.1801455020904541 109
1763905683265 0.22444963455200195 110
1763905683360 0.027995774522423744 111
1763905683454 0.04831777513027191 112
1763905683548 0.21460841596126556 113
1763905683644 0.026725303381681442 114
1763905683743 0.10651500523090363 115
1763905683844 0.22252075374126434 116
1763905683945 0.11341103166341782 117
1763905684045 0.3427356779575348 118
1763905684144 0.22980554401874542 119
1763905684243 0.2537931501865387 120
1763905684340 0.21046100556850433 121
1763905684436 0.12001512199640274 122
1763905684531 0.32280001044273376 123
1763905684628 0.11879388242959976 124
1763905684724 0.07630365341901779 125
1763905684819 0.1951497197151184 126
1763905684916 0.15407834947109222 127
1763905685012 0.06266177445650101 128
1763905685109 0.11443838477134705 129
1763905685206 0.04153580591082573 130
1763905685301 0.2854625880718231 131
1763905685395 0.11689551174640656 132
1763905685488 0.16703777015209198 133
1763905685581 0.3785753846168518 134
1763905685675 0.05343285948038101 135
1763905685773 0.16908922791481018 136
1763905685870 0.08102665841579437 137
1763905685968 0.11474445462226868 138
1763905686064 0.23376278579235077 139
1763905686157 0.1867741048336029 140
1763905686253 0.2354375422000885 141
1763905686349 0.1236746534705162 142
1763905686443 0.4824084937572479 143
1763905686539 0.09304118156433105 144
1763905686636 0.08171757310628891 145
1763905686730 0.056918684393167496 146
1763905686827 0.1835053265094757 147
1763905686923 0.21197034418582916 148
1763905687021 0.23170404136180878 149
1763905687119 0.0960540845990181 150
1763905687217 0.42162322998046875 151
1763905687313 0.06672374904155731 152
1763905687409 0.16810482740402222 153
1763905687502 0.17257225513458252 154
1763905687596 0.17241811752319336 155
1763905687691 0.288298100233078 156
1763905687786 0.2516687214374542 157
1763905687880 0.3829396367073059 158
1763905687976 0.028332360088825226 159
1763905688072 0.30567869544029236 160
1763905688167 0.08713620901107788 161
1763905688261 0.577917218208313 162
1763905688354 0.15084217488765717 163
1763905688447 0.2295507937669754 164
1763905688541 0.05326130613684654 165
1763905688635 0.13905386626720428 166
1763905688729 0.16531598567962646 167
1763905688824 0.7220669984817505 168
1763905688919 0.08022935688495636 169
1763905689015 0.3042815327644348 170
1763905689116 0.13776570558547974 171
1763905689213 0.3986864387989044 172
1763905689308 0.34357666969299316 173
1763905689404 0.6079766750335693 174
1763905689499 0.18741191923618317 175
1763905689597 0.03410130366683006 176
1763905689698 0.3269656300544739 177
1763905689796 0.13590514659881592 178
1763905689893 0.09508156776428223 179
1763905689987 0.15680697560310364 180
1763905690083 0.32315942645072937 181
1763905690180 0.22659972310066223 182
1763905690276 0.22574487328529358 183
1763905690371 0.12172752618789673 184
1763905690464 0.511936604976654 185
1763905690561 0.16208164393901825 186
1763905690659 0.3069941997528076 187
1763905690756 0.4388958513736725 188
1763905690852 0.1082698330283165 189
1763905690947 0.2743886113166809 190
1763905691041 0.12724968791007996 191
1763905691136 0.37942177057266235 192
1763905691234 0.03521838039159775 193
1763905691331 0.1905921995639801 194
1763905691425 0.2772892117500305 195
1763905691519 0.08410422503948212 196
1763905691614 0.08375667780637741 197
1763905691709 0.3740878999233246 198
1763905691808 0.2551325261592865 199
1763905691908 0.10803478956222534 200
1763905692006 0.13091136515140533 201
1763905692103 0.14128433167934418 202
1763905692198 0.3429046869277954 203
1763905692293 0.24537625908851624 204
1763905692386 0.1289057433605194 205
1763905692479 0.17583881318569183 206
1763905692572 0.29959359765052795 207
1763905692667 0.19300982356071472 208
1763905692762 0.08033978939056396 209
1763905692857 0.5767427682876587 210
1763905692953 0.021342389285564423 211
1763905693050 0.35573917627334595 212
1763905693144 0.043064817786216736 213
1763905693238 0.1353735625743866 214
1763905693332 0.14840707182884216 215
1763905693428 0.21770289540290833 216
1763905693521 0.10952866822481155 217
1763905693615 0.15248052775859833 218
1763905693711 0.043779440224170685 219
1763905693804 0.5568881034851074 220
1763905693899 0.4018588066101074 221
1763905693994 0.16945981979370117 222
1763905694089 0.16077183187007904 223
1763905694182 0.09742258489131927 224
1763905694275 0.39807769656181335 225
1763905694369 0.030131429433822632 226
1763905694462 0.3448158800601959 227
1763905694556 0.12828107178211212 228
1763905694650 0.24299684166908264 229
1763905694743 0.09471873193979263 230
1763905694838 0.5080377459526062 231
1763905694932 0.11229410767555237 232
1763905695027 0.28449881076812744 233
1763905695123 0.15747541189193726 234
1763905695219 0.3055216073989868 235
1763905695312 0.0502154678106308 236
1763905695408 0.06891129910945892 237
1763905695513 0.08515030145645142 238
1763905695612 0.7037014961242676 239
1763905695710 0.13695617020130157 240
1763905695813 0.5217251181602478 241
1763905695914 0.14337439835071564 242
1763905696013 0.08622651547193527 243
1763905696112 0.06807921826839447 244
1763905696210 0.398834228515625 245
1763905696307 0.1040523573756218 246
1763905696405 0.06967514008283615 247
1763905696510 0.07036267966032028 248
1763905696609 0.4059607982635498 249
1763905696706 0.13061393797397614 250
1763905696802 0.05392708629369736 251
1763905696899 0.16184870898723602 252
1763905696995 0.3223779499530792 253
1763905697091 0.2644136846065521 254
1763905697192 0.5690822601318359 255
1763905697290 0.4669775366783142 256
1763905697388 0.4003623127937317 257
1763905697484 0.10242211073637009 258
1763905697580 0.18048925697803497 259
1763905697674 0.18797093629837036 260
1763905697770 0.02193785086274147 261
1763905697866 0.13429957628250122 262
1763905697962 0.032268498092889786 263
1763905698059 0.31413063406944275 264
1763905698155 0.042599745094776154 265
1763905698254 0.23616677522659302 266
1763905698352 0.08289516717195511 267
1763905698447 0.03178801015019417 268
1763905698542 0.10515116155147552 269
1763905698636 0.3644721210002899 270
1763905698730 0.9083942770957947 271
1763905698824 0.7154309153556824 272
1763905698920 0.07378935813903809 273
1763905699020 0.09742163866758347 274
1763905699119 0.23504981398582458 275
1763905699216 0.48342612385749817 276
1763905699312 0.3133714199066162 277
1763905699405 0.2449992299079895 278
1763905699500 0.4493967890739441 279
1763905699595 0.17319509387016296 280
1763905699692 0.11927539855241776 281
1763905699800 0.1669788807630539 282
1763905699901 0.13200707733631134 283
1763905700000 0.5739655494689941 284
1763905700100 0.2050822377204895 285
1763905700200 0.08992668986320496 286
1763905700302 0.04097381979227066 287
1763905700400 0.11772707104682922 288
1763905700500 0.39100852608680725 289
1763905700600 0.07216495275497437 290
1763905700700 0.20324504375457764 291
1763905700800 0.11481840163469315 292
1763905700897 0.06133769825100899 293
1763905700993 0.24073798954486847 294
1763905701088 0.10809005796909332 295
1763905701183 0.08751092106103897 296
1763905701278 0.3770185112953186 297
1763905701371 0.034534770995378494 298
1763905701469 0.3460954427719116 299
1763905701566 0.032603148370981216 300
1763905701662 0.16287873685359955 301
1763905701759 0.4049810767173767 302
1763905701856 0.18780408799648285 303
1763905701952 0.0653766542673111 304
1763905702047 0.11725720018148422 305
1763905702143 0.1632014960050583 306
1763905702238 0.43244224786758423 307
1763905702332 0.12225829809904099 308
1763905702426 0.20214445888996124 309
1763905702520 0.24362941086292267 310
1763905702615 0.27099379897117615 311
1763905702709 0.18688060343265533 312
1763905702805 0.2688787281513214 313
1763905702901 0.17554451525211334 314
1763905702997 0.08547515422105789 315
1763905703092 0.12250921875238419 316
1763905703186 0.2483983337879181 317
1763905703280 0.6609300971031189 318
1763905703375 0.2870752513408661 319
1763905703470 0.4557918310165405 320
1763905703564 0.22540956735610962 321
1763905703660 0.1249091625213623 322
1763905703755 0.02427372895181179 323
1763905703854 0.30466604232788086 324
1763905703956 0.0912967398762703 325
1763905704058 0.7250900268554688 326
1763905704157 0.03252854198217392 327
1763905704255 0.17035117745399475 328
1763905704351 0.2809719741344452 329
1763905704447 0.11977003514766693 330
1763905704542 0.29893791675567627 331
1763905704637 0.25349175930023193 332
1763905704733 0.06790497153997421 333
1763905704833 0.0987742468714714 334
1763905704931 0.17701289057731628 335
1763905705029 0.11987059563398361 336
1763905705127 0.13730764389038086 337
1763905705229 0.10661596059799194 338
1763905705328 0.06086815148591995 339
1763905705427 0.5450479984283447 340
1763905705523 0.14939157664775848 341
1763905705618 0.04777020588517189 342
1763905705714 1.0255628824234009 343
1763905705811 0.05393700301647186 344
1763905705908 0.15122538805007935 345
1763905706004 0.2867799401283264 346
1763905706109 0.09437038749456406 347
1763905706207 0.11000099778175354 348
1763905706306 0.10601440817117691 349
1763905706416 0.10626111924648285 350
1763905706520 0.12959496676921844 351
1763905706620 0.21750229597091675 352
1763905706718 0.04877449944615364 353
1763905706818 0.47896021604537964 354
1763905706916 0.0949665978550911 355
1763905707012 0.06774523109197617 356
1763905707111 0.14656789600849152 357
1763905707210 0.3368394672870636 358
1763905707307 0.04663790389895439 359
1763905707406 0.29180672764778137 360
1763905707504 0.3010047674179077 361
1763905707603 0.23935562372207642 362
1763905707700 0.10660330206155777 363
1763905707797 0.1992798149585724 364
1763905707895 0.36040198802948 365
1763905707991 0.1301089972257614 366
1763905708089 0.22252872586250305 367
1763905708188 0.23731663823127747 368
1763905708284 0.05379961431026459 369
1763905708381 0.08422312885522842 370
1763905708477 0.25559380650520325 371
1763905708574 0.058113209903240204 372
1763905708669 0.10490712523460388 373
1763905708764 0.07304658740758896 374
1763905708861 0.25344979763031006 375
1763905708959 0.05217747390270233 376
1763905709059 0.28171825408935547 377
1763905709155 0.34003299474716187 378
1763905709251 0.09518463909626007 379
1763905709347 0.1209460198879242 380
1763905709443 0.045034632086753845 381
1763905709539 0.09551740437746048 382
1763905709635 0.03876709192991257 383
1763905709731 0.10532992333173752 384
1763905709829 0.4135574698448181 385
1763905709927 0.022120757028460503 386
1763905710025 1.3405427932739258 387
1763905710123 0.3030407130718231 388
1763905710222 0.11056526005268097 389
1763905710319 0.12032630294561386 390
1763905710418 0.5787135362625122 391
1763905710516 0.04454737901687622 392
1763905710612 0.2038390189409256 393
1763905710717 0.17420557141304016 394
1763905710817 0.09426642954349518 395
1763905710915 0.24546879529953003 396
1763905711013 0.09924249351024628 397
1763905711112 0.15282554924488068 398
1763905711213 0.16904377937316895 399
1763905711315 0.1039818525314331 400
