1761838062293 1.7558232545852661 0
1761838062348 1.4364726543426514 1
1761838062399 1.2966707944869995 2
1761838062451 1.188413381576538 3
1761838062504 1.1173601150512695 4
1761838062556 1.0474779605865479 5
1761838062609 1.004752278327942 6
1761838062660 0.9585080146789551 7
1761838062710 0.9130411148071289 8
1761838062762 0.879482090473175 9
1761838062815 0.8490584492683411 10
1761838062866 0.8185913562774658 11
1761838062917 0.7919005155563354 12
1761838062969 0.7667699456214905 13
1761838063021 0.7452480792999268 14
1761838063073 0.7256096005439758 15
1761838063124 0.7025143504142761 16
1761838063176 0.6859524846076965 17
1761838063229 0.670597493648529 18
1761838063279 0.6569464802742004 19
1761838063329 0.6449375152587891 20
1761838063379 0.6345276236534119 21
1761838063431 0.6202511787414551 22
1761838063483 0.6062481999397278 23
1761838063534 0.5905817747116089 24
1761838063585 0.5760464668273926 25
1761838063636 0.5617594122886658 26
1761838063687 0.5493629574775696 27
1761838063737 0.5357227325439453 28
1761838063789 0.5228199362754822 29
1761838063842 0.5120946764945984 30
1761838063893 0.5009973049163818 31
1761838063943 0.49063611030578613 32
1761838063995 0.48025214672088623 33
1761838064048 0.4717727601528168 34
1761838064099 0.4623495638370514 35
1761838064149 0.4541487991809845 36
1761838064201 0.446296364068985 37
1761838064252 0.4383373558521271 38
1761838064304 0.43081134557724 39
1761838064354 0.42444324493408203 40
1761838064406 0.41702738404273987 41
1761838064457 0.4106610119342804 42
1761838064509 0.4050803780555725 43
1761838064561 0.3991208076477051 44
1761838064614 0.39345768094062805 45
1761838064667 0.38803231716156006 46
1761838064716 0.3828209340572357 47
1761838064766 0.3776193857192993 48
1761838064816 0.3727602958679199 49
1761838064866 0.36794447898864746 50
1761838064918 0.36373093724250793 51
1761838064969 0.35996371507644653 52
1761838065021 0.35574835538864136 53
1761838065074 0.3518218994140625 54
1761838065124 0.34778693318367004 55
1761838065175 0.34357526898384094 56
1761838065227 0.3401676416397095 57
1761838065277 0.3370279371738434 58
1761838065329 0.33363232016563416 59
1761838065380 0.33058276772499084 60
1761838065431 0.32741060853004456 61
1761838065481 0.32413145899772644 62
1761838065533 0.32117125391960144 63
1761838065586 0.318523108959198 64
1761838065637 0.3156280219554901 65
1761838065689 0.3129699230194092 66
1761838065739 0.31032276153564453 67
1761838065791 0.30787393450737 68
1761838065842 0.30535778403282166 69
1761838065893 0.3034524619579315 70
1761838065943 0.3011941909790039 71
1761838065994 0.2989524006843567 72
1761838066045 0.29685571789741516 73
1761838066096 0.2948901355266571 74
1761838066147 0.2927452027797699 75
1761838066199 0.2905787527561188 76
1761838066253 0.28902527689933777 77
1761838066310 0.2872532904148102 78
1761838066369 0.28524482250213623 79
1761838066427 0.2838384807109833 80
1761838066482 0.28230568766593933 81
1761838066538 0.2806404232978821 82
1761838066593 0.2790451943874359 83
1761838066646 0.2777027189731598 84
1761838066697 0.27625754475593567 85
1761838066749 0.27470657229423523 86
1761838066800 0.2731669545173645 87
1761838066852 0.27165162563323975 88
1761838066903 0.2705298960208893 89
1761838066956 0.26887762546539307 90
1761838067008 0.26770859956741333 91
1761838067060 0.2663903832435608 92
1761838067111 0.2651824355125427 93
1761838067162 0.26398324966430664 94
1761838067213 0.26241037249565125 95
1761838067269 0.2611033022403717 96
1761838067323 0.26001182198524475 97
1761838067376 0.2587132751941681 98
1761838067426 0.25768524408340454 99
1761838067479 0.25677788257598877 100
1761838067532 0.25562116503715515 101
1761838067584 0.25417059659957886 102
1761838067636 0.2533653676509857 103
1761838067688 0.25238344073295593 104
1761838067744 0.2512645721435547 105
1761838067796 0.25049352645874023 106
1761838067847 0.2494858056306839 107
1761838067900 0.24861237406730652 108
1761838067950 0.24761022627353668 109
1761838068004 0.2465742826461792 110
1761838068057 0.2458418607711792 111
1761838068109 0.2446577548980713 112
1761838068161 0.24391141533851624 113
1761838068213 0.242954283952713 114
1761838068264 0.24225036799907684 115
1761838068316 0.24103350937366486 116
1761838068367 0.24022778868675232 117
1761838068418 0.2394656240940094 118
1761838068471 0.23887406289577484 119
1761838068523 0.23827636241912842 120
1761838068575 0.23718561232089996 121
1761838068627 0.23631015419960022 122
1761838068679 0.2355646938085556 123
1761838068730 0.23485307395458221 124
1761838068782 0.23420117795467377 125
1761838068834 0.23363438248634338 126
1761838068887 0.23277385532855988 127
1761838068940 0.23214392364025116 128
1761838068993 0.2315567582845688 129
1761838069049 0.23085379600524902 130
1761838069104 0.23036186397075653 131
1761838069157 0.2301989644765854 132
1761838069210 0.22932495176792145 133
1761838069263 0.2287515252828598 134
1761838069315 0.22834038734436035 135
1761838069365 0.22772952914237976 136
1761838069417 0.22721359133720398 137
1761838069468 0.22673028707504272 138
1761838069519 0.22607843577861786 139
1761838069571 0.2251320630311966 140
1761838069625 0.22462281584739685 141
1761838069683 0.22408343851566315 142
1761838069742 0.22349637746810913 143
1761838069803 0.2228444218635559 144
1761838069858 0.22222180664539337 145
1761838069914 0.22159679234027863 146
1761838069968 0.221178337931633 147
1761838070020 0.22057588398456573 148
1761838070075 0.2202480435371399 149
1761838070127 0.2197572886943817 150
1761838070179 0.21921002864837646 151
1761838070232 0.21874722838401794 152
1761838070283 0.21829067170619965 153
1761838070336 0.21781325340270996 154
1761838070389 0.21734188497066498 155
1761838070442 0.21695849299430847 156
1761838070497 0.2163066416978836 157
1761838070551 0.21570155024528503 158
1761838070604 0.21514920890331268 159
1761838070658 0.21469540894031525 160
1761838070712 0.21414980292320251 161
1761838070764 0.21362794935703278 162
1761838070819 0.2130434811115265 163
1761838070872 0.21263325214385986 164
1761838070923 0.2120952308177948 165
1761838070976 0.21177485585212708 166
1761838071028 0.2113521695137024 167
1761838071081 0.2108350247144699 168
1761838071131 0.21042995154857635 169
1761838071185 0.21039213240146637 170
1761838071238 0.2100130319595337 171
1761838071290 0.20962658524513245 172
1761838071341 0.20926500856876373 173
1761838071393 0.20880264043807983 174
1761838071445 0.2083818018436432 175
1761838071498 0.20812389254570007 176
1761838071551 0.20788291096687317 177
1761838071602 0.20753984153270721 178
1761838071654 0.20710617303848267 179
1761838071706 0.20675750076770782 180
1761838071757 0.20648445188999176 181
1761838071808 0.20615141093730927 182
1761838071859 0.20575599372386932 183
1761838071910 0.20535163581371307 184
1761838071964 0.20494675636291504 185
1761838072016 0.20465725660324097 186
1761838072068 0.20446741580963135 187
1761838072120 0.2041880041360855 188
1761838072173 0.20388257503509521 189
1761838072226 0.20351150631904602 190
1761838072282 0.20349080860614777 191
1761838072336 0.20316970348358154 192
1761838072388 0.20288364589214325 193
1761838072439 0.20252585411071777 194
1761838072491 0.2023083120584488 195
1761838072545 0.20195360481739044 196
1761838072596 0.20153991878032684 197
1761838072648 0.20114608108997345 198
1761838072699 0.20089077949523926 199
1761838072751 0.2005353569984436 200
1761838072804 0.20034444332122803 201
1761838072857 0.1999913603067398 202
1761838072908 0.19973067939281464 203
1761838072962 0.19946494698524475 204
1761838073017 0.19918231666088104 205
1761838073070 0.1989060789346695 206
1761838073122 0.1985326111316681 207
1761838073175 0.19825898110866547 208
1761838073228 0.19808731973171234 209
1761838073282 0.19768431782722473 210
1761838073334 0.19737035036087036 211
1761838073386 0.1969946324825287 212
1761838073438 0.19688647985458374 213
1761838073492 0.19655555486679077 214
1761838073547 0.19623026251792908 215
1761838073599 0.19592945277690887 216
1761838073653 0.19554799795150757 217
1761838073705 0.19514229893684387 218
1761838073760 0.1948489546775818 219
1761838073813 0.19459380209445953 220
1761838073867 0.1943485587835312 221
1761838073922 0.1941525787115097 222
1761838073974 0.19405221939086914 223
1761838074028 0.193961039185524 224
1761838074081 0.1938401460647583 225
1761838074135 0.1935490220785141 226
1761838074188 0.19325517117977142 227
1761838074241 0.1931067854166031 228
1761838074293 0.1929277926683426 229
1761838074347 0.19272717833518982 230
1761838074400 0.1924433559179306 231
1761838074455 0.19223061203956604 232
1761838074508 0.1919253170490265 233
1761838074560 0.19172625243663788 234
1761838074615 0.1915341317653656 235
1761838074667 0.19138959050178528 236
1761838074719 0.19116711616516113 237
1761838074772 0.1909363567829132 238
1761838074826 0.1906891167163849 239
1761838074879 0.19049949944019318 240
1761838074933 0.19031232595443726 241
1761838074986 0.19020313024520874 242
1761838075040 0.1900416761636734 243
1761838075094 0.18979765474796295 244
1761838075148 0.18960171937942505 245
1761838075204 0.18931224942207336 246
1761838075259 0.1891898810863495 247
1761838075314 0.18904197216033936 248
