1761838062293 2.5139036178588867 0
1761838062348 0.5717126131057739 1
1761838062399 1.9984076023101807 2
1761838062451 1.2994412183761597 3
1761838062504 0.9232401847839355 4
1761838062556 0.4699179530143738 5
1761838062609 0.9364597797393799 6
1761838062660 0.44126835465431213 7
1761838062710 0.49511727690696716 8
1761838062762 1.2955659627914429 9
1761838062815 0.5781413912773132 10
1761838062866 0.5834776163101196 11
1761838062917 1.6553690433502197 12
1761838062969 1.969780445098877 13
1761838063021 1.2586320638656616 14
1761838063073 0.06841488182544708 15
1761838063124 0.311909556388855 16
1761838063176 0.33223316073417664 17
1761838063229 0.5017828345298767 18
1761838063279 0.16287770867347717 19
1761838063329 0.38079315423965454 20
1761838063379 0.9421269297599792 21
1761838063431 0.3574642539024353 22
1761838063483 0.29355892539024353 23
1761838063534 0.33607348799705505 24
1761838063585 0.9643539786338806 25
1761838063636 0.16446594893932343 26
1761838063687 0.17859198153018951 27
1761838063737 0.3720988929271698 28
1761838063789 0.3293360471725464 29
1761838063842 0.3873561918735504 30
1761838063893 0.14484117925167084 31
1761838063943 0.90164715051651 32
1761838063995 0.3168242573738098 33
1761838064048 0.9583980441093445 34
1761838064099 0.22866836190223694 35
1761838064149 1.158307671546936 36
1761838064201 0.09592902660369873 37
1761838064252 0.0988800972700119 38
1761838064304 0.44562482833862305 39
1761838064354 0.5751159191131592 40
1761838064406 0.07620587944984436 41
1761838064457 0.07548778504133224 42
1761838064509 0.5519466996192932 43
1761838064561 0.4158626198768616 44
1761838064614 0.4982887804508209 45
1761838064667 0.15716184675693512 46
1761838064716 0.05742162838578224 47
1761838064766 0.341551274061203 48
1761838064816 0.07654891163110733 49
1761838064866 0.23675836622714996 50
1761838064918 1.0142322778701782 51
1761838064969 0.2053854614496231 52
1761838065021 0.10496902465820312 53
1761838065074 0.5478377342224121 54
1761838065124 0.08649828284978867 55
1761838065175 0.3856634795665741 56
1761838065227 0.09513364732265472 57
1761838065277 0.6393676996231079 58
1761838065329 0.059649597853422165 59
1761838065380 0.8131020069122314 60
1761838065431 0.17263731360435486 61
1761838065481 0.03187341243028641 62
1761838065533 0.30753353238105774 63
1761838065586 0.1390671283006668 64
1761838065637 0.045896127820014954 65
1761838065689 0.4826141595840454 66
1761838065739 0.1680142879486084 67
1761838065791 0.041471078991889954 68
1761838065842 0.032729219645261765 69
1761838065893 0.2839736044406891 70
1761838065943 0.6480564475059509 71
1761838065994 0.14955900609493256 72
1761838066045 0.4955157935619354 73
1761838066096 0.6628162264823914 74
1761838066147 0.16403290629386902 75
1761838066199 0.056884609162807465 76
1761838066253 0.10215532779693604 77
1761838066310 0.25663742423057556 78
1761838066369 0.04649130627512932 79
1761838066427 0.026109986007213593 80
1761838066482 0.42562466859817505 81
1761838066538 0.1339927613735199 82
1761838066593 0.33566972613334656 83
1761838066646 0.3817768394947052 84
1761838066697 0.11130313575267792 85
1761838066749 0.1389789879322052 86
1761838066800 0.12586469948291779 87
1761838066852 0.1691925823688507 88
1761838066903 0.01588696427643299 89
1761838066956 0.40556418895721436 90
1761838067008 0.33843284845352173 91
1761838067060 0.05986621603369713 92
1761838067111 0.3623034358024597 93
1761838067162 0.051063112914562225 94
1761838067213 0.4230841398239136 95
1761838067269 0.30302953720092773 96
1761838067323 0.07107183337211609 97
1761838067376 0.18828293681144714 98
1761838067426 0.06931059062480927 99
1761838067479 0.4925394058227539 100
1761838067532 0.2937135696411133 101
1761838067584 0.14884132146835327 102
1761838067636 0.13008756935596466 103
1761838067688 0.3201288878917694 104
1761838067744 0.6007868647575378 105
1761838067796 0.07622408866882324 106
1761838067847 0.2319224327802658 107
1761838067900 0.5348559021949768 108
1761838067950 0.3035978674888611 109
1761838068004 0.1889711171388626 110
1761838068057 0.6131433844566345 111
1761838068109 0.20061664283275604 112
1761838068161 0.743354082107544 113
1761838068213 0.13397611677646637 114
1761838068264 0.815049409866333 115
1761838068316 0.12258733808994293 116
1761838068367 0.5528676509857178 117
1761838068418 0.5991641283035278 118
1761838068471 0.10778575390577316 119
1761838068523 0.3721711039543152 120
1761838068575 0.06716277450323105 121
1761838068627 0.12240878492593765 122
1761838068679 0.034603387117385864 123
1761838068730 0.017169034108519554 124
1761838068782 0.2143004834651947 125
1761838068834 0.9508780837059021 126
1761838068887 0.21903416514396667 127
1761838068940 0.5858473777770996 128
1761838068993 0.9597464799880981 129
1761838069049 0.4642724096775055 130
1761838069104 0.34305375814437866 131
1761838069157 0.4651409387588501 132
1761838069210 0.057391539216041565 133
1761838069263 0.0813160240650177 134
1761838069315 1.1122899055480957 135
1761838069365 0.5039144158363342 136
1761838069417 0.2610178291797638 137
1761838069468 0.5116552114486694 138
1761838069519 0.0904533788561821 139
1761838069571 0.068795345723629 140
1761838069625 0.07413502037525177 141
1761838069683 0.275726318359375 142
1761838069742 0.14290855824947357 143
1761838069803 0.14040063321590424 144
1761838069858 0.05851522833108902 145
1761838069914 0.019440338015556335 146
1761838069968 0.28954777121543884 147
1761838070020 0.2104669064283371 148
1761838070075 0.6507076621055603 149
1761838070127 0.07234875857830048 150
1761838070179 0.40584439039230347 151
1761838070232 0.497458815574646 152
1761838070283 0.20987975597381592 153
1761838070336 0.660801887512207 154
1761838070389 0.3553660809993744 155
1761838070442 0.3405945301055908 156
1761838070497 0.1069730669260025 157
1761838070551 0.20174579322338104 158
1761838070604 0.019848795607686043 159
1761838070658 0.05382174253463745 160
1761838070712 0.17050801217556 161
1761838070764 0.6946970224380493 162
1761838070819 0.3231946527957916 163
1761838070872 0.8246774077415466 164
1761838070923 0.37270277738571167 165
1761838070976 1.724780559539795 166
1761838071028 0.3984684944152832 167
1761838071081 0.14640820026397705 168
1761838071131 0.662813663482666 169
1761838071185 1.0770561695098877 170
1761838071238 0.06141980364918709 171
1761838071290 0.5310559272766113 172
1761838071341 0.6500609517097473 173
1761838071393 0.292304664850235 174
1761838071445 0.5660455822944641 175
1761838071498 0.32382938265800476 176
1761838071551 0.1490468829870224 177
1761838071602 0.10561125725507736 178
1761838071654 0.05003756284713745 179
1761838071706 0.36267784237861633 180
1761838071757 0.23280756175518036 181
1761838071808 0.8603762984275818 182
1761838071859 0.08240973949432373 183
1761838071910 0.26529091596603394 184
1761838071964 0.02811267040669918 185
1761838072016 0.46035781502723694 186
1761838072068 0.43733054399490356 187
1761838072120 0.0685986876487732 188
1761838072173 0.70526522397995 189
1761838072226 0.04399292916059494 190
1761838072282 0.9139082431793213 191
1761838072336 0.0909322127699852 192
1761838072388 0.05905090272426605 193
1761838072439 0.09982925653457642 194
1761838072491 0.7990239262580872 195
1761838072545 0.016731392592191696 196
1761838072596 0.1258714497089386 197
1761838072648 0.2008616179227829 198
1761838072699 0.20191998779773712 199
1761838072751 0.5523189902305603 200
1761838072804 0.36659541726112366 201
1761838072857 0.08872748911380768 202
1761838072908 0.12195425480604172 203
1761838072962 0.5123728513717651 204
1761838073017 0.10647106170654297 205
1761838073070 0.1352662891149521 206
1761838073122 0.29087215662002563 207
1761838073175 0.40356332063674927 208
1761838073228 0.7353753447532654 209
1761838073282 0.5074719786643982 210
1761838073334 0.31631338596343994 211
1761838073386 0.04137300327420235 212
1761838073438 0.45143628120422363 213
1761838073492 0.6908808946609497 214
1761838073547 0.338916540145874 215
1761838073599 0.2449176013469696 216
1761838073653 0.3734905421733856 217
1761838073705 0.16635990142822266 218
1761838073760 0.46632522344589233 219
1761838073813 0.41210585832595825 220
1761838073867 0.13086120784282684 221
1761838073922 0.568764865398407 222
1761838073974 0.10279569029808044 223
1761838074028 0.3496466875076294 224
1761838074081 0.6554650068283081 225
1761838074135 0.15469178557395935 226
1761838074188 0.615774929523468 227
1761838074241 0.17306305468082428 228
1761838074293 0.2410084307193756 229
1761838074347 0.23451104760169983 230
1761838074400 0.24862967431545258 231
1761838074455 0.24565108120441437 232
1761838074508 0.14850862324237823 233
1761838074560 0.2392720729112625 234
1761838074615 0.047163620591163635 235
1761838074667 0.5830417275428772 236
1761838074719 1.0189834833145142 237
1761838074772 0.2738272249698639 238
1761838074826 0.3296706974506378 239
1761838074879 0.4453435242176056 240
1761838074933 1.1214663982391357 241
1761838074986 0.0693262591958046 242
1761838075040 0.45810073614120483 243
1761838075094 0.49960941076278687 244
1761838075148 0.6718935370445251 245
1761838075204 0.06869101524353027 246
1761838075259 0.1142178401350975 247
1761838075314 0.09095976501703262 248
