1763905558713 1.728275179862976 0
1763905558806 1.5051096677780151 1
1763905558899 1.3782069683074951 2
1763905558991 1.3020881414413452 3
1763905559087 1.219655156135559 4
1763905559181 1.1645081043243408 5
1763905559275 1.1305444240570068 6
1763905559367 1.096916675567627 7
1763905559460 1.0695022344589233 8
1763905559553 1.0330177545547485 9
1763905559646 0.9969463348388672 10
1763905559739 0.9693614840507507 11
1763905559836 0.9499778151512146 12
1763905559934 0.9291800260543823 13
1763905560028 0.9090121388435364 14
1763905560125 0.8894193768501282 15
1763905560217 0.8689278364181519 16
1763905560310 0.8527461886405945 17
1763905560403 0.8392476439476013 18
1763905560495 0.8243989944458008 19
1763905560586 0.8094480037689209 20
1763905560698 0.7953907251358032 21
1763905560800 0.7833622694015503 22
1763905560895 0.7730912566184998 23
1763905560991 0.7626587152481079 24
1763905561085 0.7522653937339783 25
1763905561178 0.7426171898841858 26
1763905561276 0.7326055765151978 27
1763905561384 0.7237977981567383 28
1763905561484 0.7180605530738831 29
1763905561584 0.7073084712028503 30
1763905561688 0.6992049217224121 31
1763905561787 0.6929811239242554 32
1763905561887 0.683455765247345 33
1763905561982 0.6767500042915344 34
1763905562076 0.6695106625556946 35
1763905562167 0.6602223515510559 36
1763905562280 0.6516799330711365 37
1763905562385 0.6436319947242737 38
1763905562496 0.6346675157546997 39
1763905562621 0.6257228851318359 40
1763905562724 0.6184440851211548 41
1763905562827 0.6114824414253235 42
1763905562925 0.6034402847290039 43
1763905563020 0.5965598821640015 44
1763905563112 0.5903140902519226 45
1763905563207 0.5828150510787964 46
1763905563299 0.5762837529182434 47
1763905563402 0.5697740912437439 48
1763905563503 0.5632663369178772 49
1763905563599 0.557447075843811 50
1763905563692 0.5514576435089111 51
1763905563788 0.5453220009803772 52
1763905563884 0.5390738248825073 53
1763905563976 0.5332636833190918 54
1763905564069 0.5282111763954163 55
1763905564158 0.5239742398262024 56
1763905564249 0.5186734199523926 57
1763905564344 0.5133387446403503 58
1763905564443 0.5091568827629089 59
1763905564535 0.5047738552093506 60
1763905564626 0.5000492334365845 61
1763905564717 0.49571600556373596 62
1763905564809 0.49137088656425476 63
1763905564900 0.48676997423171997 64
1763905564993 0.4831368327140808 65
1763905565085 0.47917085886001587 66
1763905565177 0.47547730803489685 67
1763905565270 0.4714614152908325 68
1763905565364 0.46785515546798706 69
1763905565461 0.46383148431777954 70
1763905565556 0.4599300026893616 71
1763905565648 0.45626068115234375 72
1763905565739 0.45270678400993347 73
1763905565832 0.4492763578891754 74
1763905565928 0.44620952010154724 75
1763905566021 0.44348329305648804 76
1763905566114 0.4404398798942566 77
1763905566210 0.43741995096206665 78
1763905566307 0.4345625936985016 79
1763905566402 0.4316489100456238 80
1763905566494 0.4289388060569763 81
1763905566585 0.42650386691093445 82
1763905566677 0.4243999123573303 83
1763905566769 0.42223718762397766 84
1763905566860 0.41975468397140503 85
1763905566951 0.41728031635284424 86
1763905567043 0.4146610200405121 87
1763905567136 0.41169989109039307 88
1763905567227 0.4093771278858185 89
1763905567391 0.4070647954940796 90
1763905567482 0.4046030640602112 91
1763905567575 0.4022016227245331 92
1763905567666 0.40025803446769714 93
1763905567758 0.3980211615562439 94
1763905567852 0.3955782949924469 95
1763905567945 0.39349788427352905 96
1763905568036 0.3911588788032532 97
1763905568128 0.38931792974472046 98
1763905568220 0.3873377740383148 99
1763905568313 0.38562291860580444 100
1763905568404 0.3837472200393677 101
1763905568495 0.381910115480423 102
1763905568587 0.38040924072265625 103
1763905568678 0.37882015109062195 104
1763905568771 0.37731364369392395 105
1763905568871 0.3758634924888611 106
1763905568970 0.3741692006587982 107
1763905569065 0.37245938181877136 108
1763905569159 0.37081748247146606 109
1763905569251 0.3695661425590515 110
1763905569343 0.36806371808052063 111
1763905569435 0.3665117621421814 112
1763905569529 0.36506059765815735 113
1763905569621 0.36390751600265503 114
1763905569713 0.3624793291091919 115
1763905569807 0.36114561557769775 116
1763905569901 0.35993579030036926 117
1763905569994 0.3588508069515228 118
1763905570087 0.35754626989364624 119
1763905570182 0.35618898272514343 120
1763905570278 0.3549020290374756 121
1763905570369 0.3535688519477844 122
1763905570461 0.3524988293647766 123
1763905570553 0.3512914776802063 124
1763905570645 0.3500293791294098 125
1763905570750 0.3487502634525299 126
1763905570848 0.3475445508956909 127
1763905570944 0.3463434875011444 128
1763905571039 0.3450406789779663 129
1763905571132 0.3442259132862091 130
1763905571225 0.3435024619102478 131
1763905571317 0.34264177083969116 132
1763905571424 0.3412994146347046 133
1763905571520 0.34018924832344055 134
1763905571614 0.3392302989959717 135
1763905571708 0.3382739722728729 136
1763905571802 0.3376978039741516 137
1763905571895 0.33699244260787964 138
1763905571988 0.336018443107605 139
1763905572081 0.33494120836257935 140
1763905572176 0.3339065909385681 141
1763905572269 0.33308660984039307 142
1763905572362 0.3323686420917511 143
1763905572456 0.33134427666664124 144
1763905572550 0.3306903839111328 145
1763905572643 0.3297429084777832 146
1763905572736 0.32870757579803467 147
1763905572829 0.3277101218700409 148
1763905572923 0.32681509852409363 149
1763905573016 0.3258635103702545 150
1763905573110 0.3249729871749878 151
1763905573202 0.3241077959537506 152
1763905573295 0.3231593668460846 153
1763905573388 0.3223487138748169 154
1763905573481 0.3218131363391876 155
1763905573571 0.32111549377441406 156
1763905573665 0.3205430507659912 157
1763905573759 0.319915235042572 158
1763905573854 0.31917881965637207 159
1763905573947 0.3186083436012268 160
1763905574040 0.31808581948280334 161
1763905574131 0.31753870844841003 162
1763905574223 0.31690514087677 163
1763905574315 0.3161180913448334 164
1763905574409 0.31559017300605774 165
1763905574502 0.3148344159126282 166
1763905574594 0.3140241801738739 167
1763905574686 0.31328675150871277 168
1763905574780 0.31285223364830017 169
1763905574871 0.3122548460960388 170
1763905574964 0.31160905957221985 171
1763905575056 0.31083589792251587 172
1763905575149 0.31016573309898376 173
1763905575242 0.30945730209350586 174
1763905575335 0.3088451325893402 175
1763905575427 0.30831634998321533 176
1763905575520 0.30777084827423096 177
1763905575614 0.3074876070022583 178
1763905575705 0.3069135844707489 179
1763905575798 0.30626991391181946 180
1763905575892 0.30568167567253113 181
1763905575985 0.3050963580608368 182
1763905576078 0.30463147163391113 183
1763905576172 0.3041483461856842 184
1763905576265 0.3035905063152313 185
1763905576360 0.30310097336769104 186
1763905576453 0.30259978771209717 187
1763905576548 0.3021891415119171 188
1763905576640 0.3018594980239868 189
1763905576733 0.3012511134147644 190
1763905576826 0.3008139133453369 191
1763905576919 0.30018940567970276 192
1763905577014 0.29977062344551086 193
1763905577109 0.29929041862487793 194
1763905577201 0.29868149757385254 195
1763905577295 0.2980932593345642 196
1763905577387 0.2975982427597046 197
1763905577480 0.2971465587615967 198
1763905577572 0.29637694358825684 199
1763905577665 0.29595789313316345 200
1763905577758 0.2954789996147156 201
1763905577852 0.29495376348495483 202
1763905577946 0.2945528030395508 203
1763905578040 0.2941179573535919 204
1763905578138 0.29374372959136963 205
1763905578232 0.29333606362342834 206
1763905578327 0.29289332032203674 207
1763905578419 0.29246756434440613 208
1763905578512 0.2920088469982147 209
1763905578603 0.2916027307510376 210
1763905578698 0.2914257049560547 211
1763905578791 0.2911812663078308 212
1763905578883 0.29057082533836365 213
1763905578976 0.290214478969574 214
1763905579069 0.2897305488586426 215
1763905579161 0.28942251205444336 216
1763905579254 0.2889932692050934 217
1763905579347 0.28847527503967285 218
1763905579442 0.2880837023258209 219
1763905579535 0.2876971662044525 220
1763905579628 0.2873343825340271 221
1763905579721 0.28694382309913635 222
1763905579816 0.2865666151046753 223
1763905579910 0.2862723767757416 224
1763905580004 0.28611454367637634 225
1763905580097 0.28572776913642883 226
1763905580189 0.2855052053928375 227
1763905580282 0.2852258086204529 228
1763905580375 0.28517812490463257 229
1763905580470 0.2846848666667938 230
1763905580562 0.2843869626522064 231
1763905580655 0.28411751985549927 232
1763905580747 0.28371530771255493 233
1763905580841 0.28343454003334045 234
1763905580935 0.2829900085926056 235
1763905581028 0.28282591700553894 236
1763905581122 0.28241583704948425 237
1763905581216 0.28208932280540466 238
1763905581310 0.28187477588653564 239
1763905581404 0.28158965706825256 240
1763905581498 0.28162726759910583 241
1763905581593 0.28124481439590454 242
1763905581686 0.28099554777145386 243
1763905581780 0.28065669536590576 244
1763905581872 0.2802524268627167 245
1763905581965 0.2799874246120453 246
1763905582060 0.2797762155532837 247
1763905582160 0.2793882191181183 248
1763905582254 0.2790362238883972 249
1763905582348 0.27879494428634644 250
1763905582442 0.2783988416194916 251
1763905582537 0.2780405580997467 252
1763905582629 0.2776823341846466 253
1763905582722 0.277331680059433 254
1763905582817 0.2771610617637634 255
1763905582910 0.2768556475639343 256
1763905583002 0.27658337354660034 257
1763905583093 0.2763127088546753 258
1763905583185 0.2759656608104706 259
1763905583278 0.2756083011627197 260
1763905583373 0.2753831446170807 261
1763905583469 0.2750573754310608 262
1763905583562 0.2748168110847473 263
1763905583656 0.274467408657074 264
1763905583750 0.2741175889968872 265
1763905583844 0.27393200993537903 266
1763905583938 0.273693710565567 267
1763905584031 0.2734221816062927 268
1763905584125 0.27321702241897583 269
1763905584218 0.27289608120918274 270
1763905584311 0.2726094424724579 271
1763905584405 0.27235984802246094 272
1763905584499 0.27228885889053345 273
1763905584592 0.2720009684562683 274
1763905584686 0.27171647548675537 275
1763905584781 0.2714475393295288 276
1763905584873 0.27107036113739014 277
1763905584967 0.2709663212299347 278
1763905585063 0.27078884840011597 279
1763905585161 0.2705571949481964 280
1763905585256 0.2703484892845154 281
1763905585350 0.2702180743217468 282
1763905585445 0.26999521255493164 283
1763905585543 0.26983457803726196 284
1763905585643 0.2696502208709717 285
1763905585738 0.2693643867969513 286
1763905585836 0.2691252529621124 287
1763905585933 0.2689553201198578 288
1763905586030 0.26884928345680237 289
1763905586125 0.2686905860900879 290
1763905586217 0.2684799134731293 291
1763905586310 0.26819247007369995 292
1763905586405 0.2679744362831116 293
1763905586498 0.26763680577278137 294
1763905586593 0.26749491691589355 295
1763905586688 0.26727575063705444 296
1763905586786 0.26697322726249695 297
1763905586883 0.26689445972442627 298
1763905586979 0.2668681740760803 299
1763905587077 0.2665696442127228 300
1763905587172 0.2664467990398407 301
1763905587270 0.2662481367588043 302
1763905587364 0.26608043909072876 303
1763905587457 0.26601776480674744 304
1763905587552 0.26581883430480957 305
1763905587646 0.26562798023223877 306
1763905587738 0.2654624283313751 307
1763905587835 0.26525643467903137 308
1763905587931 0.2651643753051758 309
1763905588025 0.2649143934249878 310
1763905588125 0.26478487253189087 311
1763905588223 0.2645723223686218 312
1763905588319 0.26431408524513245 313
1763905588414 0.26420456171035767 314
1763905588510 0.2640242278575897 315
1763905588604 0.26393061876296997 316
1763905588697 0.2636938989162445 317
1763905588791 0.2635587155818939 318
1763905588884 0.2633545398712158 319
1763905588978 0.26314687728881836 320
1763905589072 0.2629295587539673 321
1763905589166 0.2628098428249359 322
1763905589259 0.26254722476005554 323
1763905589353 0.2623409628868103 324
1763905589448 0.26221731305122375 325
1763905589547 0.2620730698108673 326
1763905589642 0.261846661567688 327
1763905589737 0.261656254529953 328
1763905589836 0.2614750862121582 329
1763905589935 0.26134535670280457 330
1763905590031 0.2611313462257385 331
1763905590129 0.26100173592567444 332
1763905590225 0.2607918977737427 333
1763905590320 0.2605721950531006 334
1763905590416 0.2604491114616394 335
1763905590510 0.2602912485599518 336
1763905590606 0.26013895869255066 337
1763905590702 0.2599582374095917 338
1763905590797 0.2597878873348236 339
1763905590891 0.259687215089798 340
1763905590984 0.2595145106315613 341
1763905591080 0.2594325542449951 342
1763905591175 0.2593054473400116 343
1763905591270 0.25911185145378113 344
1763905591364 0.25891196727752686 345
1763905591460 0.2588118612766266 346
1763905591558 0.258750319480896 347
1763905591653 0.25853827595710754 348
1763905591748 0.25834813714027405 349
1763905591844 0.25819897651672363 350
1763905591940 0.2581253945827484 351
1763905592035 0.2580268979072571 352
1763905592131 0.257941871881485 353
1763905592226 0.2578137516975403 354
1763905592321 0.25776612758636475 355
1763905592417 0.2575766444206238 356
1763905592512 0.25751417875289917 357
1763905592609 0.257365882396698 358
1763905592704 0.2571961283683777 359
1763905592800 0.2571620047092438 360
1763905592894 0.2570856213569641 361
1763905592989 0.2569795250892639 362
1763905593083 0.2569170594215393 363
1763905593177 0.2568274438381195 364
1763905593271 0.2566494345664978 365
1763905593366 0.25650346279144287 366
1763905593461 0.2564406096935272 367
1763905593555 0.2563159465789795 368
1763905593650 0.2561458945274353 369
1763905593744 0.25591036677360535 370
1763905593842 0.25569552183151245 371
1763905593938 0.25568634271621704 372
1763905594036 0.25552257895469666 373
1763905594135 0.25540682673454285 374
1763905594232 0.2551744878292084 375
1763905594329 0.25508031249046326 376
1763905594427 0.2548876702785492 377
1763905594522 0.2547786235809326 378
1763905594617 0.25458717346191406 379
1763905594713 0.2544536590576172 380
1763905594808 0.2542761564254761 381
1763905594902 0.2541549801826477 382
1763905594997 0.25396525859832764 383
1763905595091 0.253917932510376 384
1763905595185 0.253892183303833 385
1763905595282 0.2538149654865265 386
1763905595377 0.25359466671943665 387
1763905595473 0.2534388601779938 388
1763905595566 0.25329166650772095 389
1763905595662 0.25307732820510864 390
1763905595758 0.25298330187797546 391
1763905595854 0.2528252601623535 392
1763905595950 0.2526947557926178 393
1763905596044 0.2525123059749603 394
1763905596142 0.2524148225784302 395
1763905596238 0.25226709246635437 396
1763905596338 0.25221431255340576 397
1763905596432 0.25206151604652405 398
1763905596530 0.2519504129886627 399
1763905596626 0.25190094113349915 400
