1763905558713 1.8277695178985596 0
1763905558806 1.0833477973937988 1
1763905558899 1.6155576705932617 2
1763905558991 1.0074472427368164 3
1763905559087 0.8737388253211975 4
1763905559181 1.5562891960144043 5
1763905559275 0.7800720930099487 6
1763905559367 0.43799859285354614 7
1763905559460 0.689475953578949 8
1763905559553 0.3426089882850647 9
1763905559646 0.5427161455154419 10
1763905559739 1.1909699440002441 11
1763905559836 0.5098447203636169 12
1763905559934 0.9263854026794434 13
1763905560028 0.8946863412857056 14
1763905560125 0.5224127173423767 15
1763905560217 0.23522375524044037 16
1763905560310 0.482919842004776 17
1763905560403 0.6902369260787964 18
1763905560495 0.7538631558418274 19
1763905560586 0.544199526309967 20
1763905560698 0.8635115027427673 21
1763905560800 0.6339130997657776 22
1763905560895 0.7492814064025879 23
1763905560991 0.8165378570556641 24
1763905561085 0.3861638605594635 25
1763905561178 1.5006638765335083 26
1763905561276 0.16859669983386993 27
1763905561384 0.3143205940723419 28
1763905561484 0.44793495535850525 29
1763905561584 0.2704157531261444 30
1763905561688 0.3119731545448303 31
1763905561787 0.8139547109603882 32
1763905561887 0.14606285095214844 33
1763905561982 0.31803959608078003 34
1763905562076 0.45938730239868164 35
1763905562167 0.3742750883102417 36
1763905562280 0.34688493609428406 37
1763905562385 0.21092285215854645 38
1763905562496 0.35697558522224426 39
1763905562621 0.3171535134315491 40
1763905562724 0.7509464025497437 41
1763905562827 0.29904904961586 42
1763905562925 0.04144913703203201 43
1763905563020 0.23488463461399078 44
1763905563112 0.19521553814411163 45
1763905563207 0.15165430307388306 46
1763905563299 0.21642069518566132 47
1763905563402 0.08173361420631409 48
1763905563503 0.3653874695301056 49
1763905563599 0.13909755647182465 50
1763905563692 0.2350497841835022 51
1763905563788 0.1811770796775818 52
1763905563884 0.385987788438797 53
1763905563976 0.3357529938220978 54
1763905564069 0.08449427783489227 55
1763905564158 0.15831492841243744 56
1763905564249 0.2480301856994629 57
1763905564344 0.22322417795658112 58
1763905564443 0.41755127906799316 59
1763905564535 0.5556376576423645 60
1763905564626 0.22350437939167023 61
1763905564717 0.21292947232723236 62
1763905564809 0.02653004415333271 63
1763905564900 0.2034761607646942 64
1763905564993 0.17683200538158417 65
1763905565085 0.10324677079916 66
1763905565177 0.29001760482788086 67
1763905565270 0.05274433642625809 68
1763905565364 0.2778114676475525 69
1763905565461 0.2711385488510132 70
1763905565556 0.36317384243011475 71
1763905565648 0.07590552419424057 72
1763905565739 0.5347557663917542 73
1763905565832 0.21926335990428925 74
1763905565928 0.24808505177497864 75
1763905566021 0.385732501745224 76
1763905566114 0.20440827310085297 77
1763905566210 0.1466372013092041 78
1763905566307 0.2925635576248169 79
1763905566402 0.19517982006072998 80
1763905566494 0.064085453748703 81
1763905566585 0.09887856245040894 82
1763905566677 0.13784608244895935 83
1763905566769 0.18159371614456177 84
1763905566860 0.19876986742019653 85
1763905566951 0.13210470974445343 86
1763905567043 0.4092228412628174 87
1763905567136 0.2691633105278015 88
1763905567227 0.629717230796814 89
1763905567391 0.19670002162456512 90
1763905567482 0.05407659336924553 91
1763905567575 0.3587629199028015 92
1763905567666 0.11822201311588287 93
1763905567758 0.3440486788749695 94
1763905567852 0.24888750910758972 95
1763905567945 0.42302778363227844 96
1763905568036 0.2845411002635956 97
1763905568128 0.1542338877916336 98
1763905568220 0.20315968990325928 99
1763905568313 0.2343391478061676 100
1763905568404 0.07507722079753876 101
1763905568495 0.08673315495252609 102
1763905568587 0.19351211190223694 103
1763905568678 0.09934762120246887 104
1763905568771 0.5985700488090515 105
1763905568871 0.28466108441352844 106
1763905568970 0.28678417205810547 107
1763905569065 0.08928905427455902 108
1763905569159 0.19512751698493958 109
1763905569251 0.2683214843273163 110
1763905569343 0.1191878616809845 111
1763905569435 0.14307831227779388 112
1763905569529 0.028557289391756058 113
1763905569621 0.12494703382253647 114
1763905569713 0.5359992384910583 115
1763905569807 0.337727814912796 116
1763905569901 0.30525097250938416 117
1763905569994 0.18471144139766693 118
1763905570087 0.23593813180923462 119
1763905570182 0.211366206407547 120
1763905570278 0.09370829164981842 121
1763905570369 0.08594311773777008 122
1763905570461 0.15404295921325684 123
1763905570553 0.5012658834457397 124
1763905570645 0.09624558687210083 125
1763905570750 0.18526732921600342 126
1763905570848 0.1365978717803955 127
1763905570944 0.3238818347454071 128
1763905571039 0.564690113067627 129
1763905571132 0.4655200242996216 130
1763905571225 0.6240774393081665 131
1763905571317 0.3643690347671509 132
1763905571424 0.11298441886901855 133
1763905571520 0.15339869260787964 134
1763905571614 0.08786807954311371 135
1763905571708 0.11666885763406754 136
1763905571802 0.12870392203330994 137
1763905571895 0.3173089921474457 138
1763905571988 0.9329658150672913 139
1763905572081 0.05266549065709114 140
1763905572176 0.10588643699884415 141
1763905572269 0.13152270019054413 142
1763905572362 0.33582866191864014 143
1763905572456 0.07270988821983337 144
1763905572550 0.11047184467315674 145
1763905572643 0.31928595900535583 146
1763905572736 0.04507923871278763 147
1763905572829 0.08616571128368378 148
1763905572923 0.2274208813905716 149
1763905573016 0.03709609434008598 150
1763905573110 0.17354394495487213 151
1763905573202 0.07569466531276703 152
1763905573295 0.14317692816257477 153
1763905573388 0.3661166727542877 154
1763905573481 0.03478601574897766 155
1763905573571 0.2447948306798935 156
1763905573665 0.1476171314716339 157
1763905573759 0.23550404608249664 158
1763905573854 0.2470889389514923 159
1763905573947 0.022849589586257935 160
1763905574040 0.16644884645938873 161
1763905574131 0.20430561900138855 162
1763905574223 0.13629744946956635 163
1763905574315 0.12325845658779144 164
1763905574409 0.3469993770122528 165
1763905574502 0.28958866000175476 166
1763905574594 0.028215091675519943 167
1763905574686 0.18148303031921387 168
1763905574780 0.39701008796691895 169
1763905574871 0.20156441628932953 170
1763905574964 0.1366879642009735 171
1763905575056 0.08477430045604706 172
1763905575149 0.09189824014902115 173
1763905575242 0.0364299975335598 174
1763905575335 0.1450573056936264 175
1763905575427 0.1498650163412094 176
1763905575520 0.043759096413850784 177
1763905575614 0.23140253126621246 178
1763905575705 0.12684299051761627 179
1763905575798 0.12495704740285873 180
1763905575892 0.04965422302484512 181
1763905575985 0.13572902977466583 182
1763905576078 0.0857415720820427 183
1763905576172 0.1273154467344284 184
1763905576265 0.24311892688274384 185
1763905576360 0.10501880943775177 186
1763905576453 0.23150575160980225 187
1763905576548 0.12384041398763657 188
1763905576640 0.41146907210350037 189
1763905576733 0.08358828723430634 190
1763905576826 0.11791206896305084 191
1763905576919 0.2081870436668396 192
1763905577014 0.05352313816547394 193
1763905577109 0.1999357044696808 194
1763905577201 0.16267366707324982 195
1763905577295 0.29708608984947205 196
1763905577387 0.732675313949585 197
1763905577480 0.10259825736284256 198
1763905577572 0.1625318080186844 199
1763905577665 0.31274914741516113 200
1763905577758 0.1510525941848755 201
1763905577852 0.17712633311748505 202
1763905577946 0.36198174953460693 203
1763905578040 0.1444394588470459 204
1763905578138 0.40496060252189636 205
1763905578232 0.0927434042096138 206
1763905578327 0.10804237425327301 207
1763905578419 0.12939955294132233 208
1763905578512 0.050694629549980164 209
1763905578603 0.19556114077568054 210
1763905578698 0.4654926359653473 211
1763905578791 0.34522613883018494 212
1763905578883 0.02672445774078369 213
1763905578976 0.28092071413993835 214
1763905579069 0.1005120500922203 215
1763905579161 0.12814271450042725 216
1763905579254 0.08218154311180115 217
1763905579347 0.23724664747714996 218
1763905579442 0.718071460723877 219
1763905579535 0.1880420744419098 220
1763905579628 0.07987622916698456 221
1763905579721 0.07108539342880249 222
1763905579816 0.11429623514413834 223
1763905579910 0.15286365151405334 224
1763905580004 0.26604652404785156 225
1763905580097 0.19793486595153809 226
1763905580189 0.2171374410390854 227
1763905580282 0.41616755723953247 228
1763905580375 0.22237864136695862 229
1763905580470 0.1171896681189537 230
1763905580562 0.15017317235469818 231
1763905580655 0.4655851721763611 232
1763905580747 0.35714906454086304 233
1763905580841 0.1248813048005104 234
1763905580935 0.2860460579395294 235
1763905581028 0.042734965682029724 236
1763905581122 0.06214478984475136 237
1763905581216 0.07836100459098816 238
1763905581310 0.15256813168525696 239
1763905581404 0.1527046412229538 240
1763905581498 0.07207080721855164 241
1763905581593 0.10787935554981232 242
1763905581686 0.11881624907255173 243
1763905581780 0.04410359263420105 244
1763905581872 0.05474621430039406 245
1763905581965 0.06218385323882103 246
1763905582060 0.15119701623916626 247
1763905582160 0.04556833580136299 248
1763905582254 0.03568074479699135 249
1763905582348 0.3202938437461853 250
1763905582442 0.08448664098978043 251
1763905582537 0.20376890897750854 252
1763905582629 0.05373629182577133 253
1763905582722 0.17851626873016357 254
1763905582817 0.15090984106063843 255
1763905582910 0.15213291347026825 256
1763905583002 0.2759031653404236 257
1763905583093 0.11850391328334808 258
1763905583185 0.2167985886335373 259
1763905583278 0.18942508101463318 260
1763905583373 0.07717930525541306 261
1763905583469 0.14573074877262115 262
1763905583562 0.5189228057861328 263
1763905583656 0.15323956310749054 264
1763905583750 0.027298223227262497 265
1763905583844 0.3966214656829834 266
1763905583938 0.19841772317886353 267
1763905584031 0.2873549461364746 268
1763905584125 0.2565274238586426 269
1763905584218 0.1977565586566925 270
1763905584311 0.15257763862609863 271
1763905584405 0.24156413972377777 272
1763905584499 0.04274797812104225 273
1763905584592 0.22196167707443237 274
1763905584686 0.025680741295218468 275
1763905584781 0.34971246123313904 276
1763905584873 0.06767832487821579 277
1763905584967 0.05880985036492348 278
1763905585063 0.08643395453691483 279
1763905585161 0.06468939036130905 280
1763905585256 0.02163589559495449 281
1763905585350 0.3640182614326477 282
1763905585445 0.17895708978176117 283
1763905585543 0.04370695352554321 284
1763905585643 0.4433152675628662 285
1763905585738 0.38705986738204956 286
1763905585836 0.1946229785680771 287
1763905585933 0.05814391002058983 288
1763905586030 0.4041655957698822 289
1763905586125 0.4575191140174866 290
1763905586217 0.18714529275894165 291
1763905586310 0.018545445054769516 292
1763905586405 0.11151311546564102 293
1763905586498 0.31003451347351074 294
1763905586593 0.28917261958122253 295
1763905586688 0.2682234048843384 296
1763905586786 0.3449304699897766 297
1763905586883 0.22160682082176208 298
1763905586979 0.053299225866794586 299
1763905587077 0.11601244658231735 300
1763905587172 0.37447425723075867 301
1763905587270 0.13822396099567413 302
1763905587364 0.04985911771655083 303
1763905587457 0.06541615724563599 304
1763905587552 0.2882233262062073 305
1763905587646 0.22332872450351715 306
1763905587738 0.5658702850341797 307
1763905587835 0.25322550535202026 308
1763905587931 0.08807113021612167 309
1763905588025 0.10165809094905853 310
1763905588125 0.17355158925056458 311
1763905588223 0.1139441430568695 312
1763905588319 0.25615519285202026 313
1763905588414 0.06730129569768906 314
1763905588510 0.22783054411411285 315
1763905588604 0.09327119588851929 316
1763905588697 0.1866849958896637 317
1763905588791 0.02070821076631546 318
1763905588884 0.12848564982414246 319
1763905588978 0.06106605380773544 320
1763905589072 0.12990115582942963 321
1763905589166 0.28682973980903625 322
1763905589259 0.07908987253904343 323
1763905589353 0.2499011904001236 324
1763905589448 0.17815157771110535 325
1763905589547 0.46866902709007263 326
1763905589642 0.5407309532165527 327
1763905589737 0.12017550319433212 328
1763905589836 0.14103356003761292 329
1763905589935 0.34989258646965027 330
1763905590031 0.16641642153263092 331
1763905590129 0.16854365170001984 332
1763905590225 0.22593794763088226 333
1763905590320 0.10400766879320145 334
1763905590416 0.06932663917541504 335
1763905590510 0.11971507221460342 336
1763905590606 0.16494637727737427 337
1763905590702 0.3030776381492615 338
1763905590797 0.09038563817739487 339
1763905590891 0.15759752690792084 340
1763905590984 0.1681900918483734 341
1763905591080 0.11179576069116592 342
1763905591175 0.1355775147676468 343
1763905591270 0.09285542368888855 344
1763905591364 0.05815175175666809 345
1763905591460 0.05857781693339348 346
1763905591558 0.14289222657680511 347
1763905591653 0.10682150721549988 348
1763905591748 0.12568609416484833 349
1763905591844 0.22372876107692719 350
1763905591940 0.166859969496727 351
1763905592035 0.10538919270038605 352
1763905592131 0.1040460392832756 353
1763905592226 0.2376546412706375 354
1763905592321 0.32225245237350464 355
1763905592417 0.21942763030529022 356
1763905592512 0.17377853393554688 357
1763905592609 0.0590270534157753 358
1763905592704 0.309093713760376 359
1763905592800 0.04754466190934181 360
1763905592894 0.08379480242729187 361
1763905592989 0.2845862805843353 362
1763905593083 0.20741569995880127 363
1763905593177 0.05597396939992905 364
1763905593271 0.24805127084255219 365
1763905593366 0.6466702222824097 366
1763905593461 0.7482004165649414 367
1763905593555 0.20600976049900055 368
1763905593650 0.051656726747751236 369
1763905593744 0.39816367626190186 370
1763905593842 0.19115935266017914 371
1763905593938 0.22151589393615723 372
1763905594036 0.5442026853561401 373
1763905594135 0.06386139988899231 374
1763905594232 0.250243604183197 375
1763905594329 0.6305129528045654 376
1763905594427 0.15453870594501495 377
1763905594522 0.055014073848724365 378
1763905594617 0.07095412164926529 379
1763905594713 0.05247882381081581 380
1763905594808 0.42654353380203247 381
1763905594902 0.03971840813755989 382
1763905594997 0.09430450946092606 383
1763905595091 0.058159757405519485 384
1763905595185 0.22014538943767548 385
1763905595282 0.14653129875659943 386
1763905595377 0.14215338230133057 387
1763905595473 0.13711227476596832 388
1763905595566 0.18915218114852905 389
1763905595662 0.2729265093803406 390
1763905595758 0.25475063920021057 391
1763905595854 0.049002353101968765 392
1763905595950 0.1545029878616333 393
1763905596044 0.6203165650367737 394
1763905596142 0.34365350008010864 395
1763905596238 0.03692467510700226 396
1763905596338 0.7047656178474426 397
1763905596432 0.09725690633058548 398
1763905596530 0.15680798888206482 399
1763905596626 0.14654101431369781 400
