1763904952898 1.769687294960022 0
1763904952991 1.517796516418457 1
1763904953078 1.393269419670105 2
1763904953168 1.3118220567703247 3
1763904953256 1.2353711128234863 4
1763904953348 1.1764754056930542 5
1763904953439 1.1346579790115356 6
1763904953530 1.1001296043395996 7
1763904953622 1.063228964805603 8
1763904953711 1.0278359651565552 9
1763904953802 1.002380132675171 10
1763904953893 0.9749411940574646 11
1763904953984 0.9509801268577576 12
1763904954076 0.9263309836387634 13
1763904954168 0.9026228189468384 14
1763904954259 0.8879773020744324 15
1763904954351 0.8709770441055298 16
1763904954442 0.8549642562866211 17
1763904954533 0.8385101556777954 18
1763904954624 0.8228520750999451 19
1763904954715 0.8088185787200928 20
1763904954808 0.7949773669242859 21
1763904954898 0.784889280796051 22
1763904954990 0.7707982063293457 23
1763904955082 0.758078932762146 24
1763904955172 0.7476516366004944 25
1763904955304 0.7371439933776855 26
1763904955396 0.7282107472419739 27
