1763904952898 1.2611902952194214 0
1763904952991 1.6676181554794312 1
1763904953078 1.0862820148468018 2
1763904953168 1.5453438758850098 3
1763904953256 1.5567131042480469 4
1763904953348 0.36786386370658875 5
1763904953439 1.0566095113754272 6
1763904953530 0.7333872318267822 7
1763904953622 0.4484183192253113 8
1763904953711 0.665641188621521 9
1763904953802 0.74616938829422 10
1763904953893 0.6456903219223022 11
1763904953984 0.9476277232170105 12
1763904954076 0.6849879026412964 13
1763904954168 0.34778541326522827 14
1763904954259 1.1096402406692505 15
1763904954351 0.7163481712341309 16
1763904954442 0.35113370418548584 17
1763904954533 0.604500949382782 18
1763904954624 0.5017666816711426 19
1763904954715 0.8246071934700012 20
1763904954808 0.6746168732643127 21
1763904954898 0.6331152319908142 22
1763904954990 0.5902805924415588 23
1763904955082 0.4179671108722687 24
1763904955172 0.38442376255989075 25
1763904955304 0.27788877487182617 26
1763904955396 0.7696061730384827 27
