1761837757810 1.6408110857009888 0
1761837757828 1.3210495710372925 1
1761837757845 1.134238839149475 2
1761837757862 1.0021194219589233 3
1761837757879 0.9051439762115479 4
1761837757895 0.8280895948410034 5
1761837757911 0.7609670758247375 6
1761837757927 0.703769862651825 7
1761837757942 0.6535972356796265 8
1761837757958 0.6111690998077393 9
1761837757975 0.5731891393661499 10
1761837757995 0.5388452410697937 11
1761837758012 0.5104780793190002 12
1761837758030 0.48358649015426636 13
1761837758048 0.4598790109157562 14
1761837758069 0.43584221601486206 15
1761837758086 0.4137389361858368 16
1761837758104 0.39332374930381775 17
1761837758121 0.37469542026519775 18
