1761837757810 2.055839776992798 0
1761837757828 0.6538918614387512 1
1761837757845 0.45200327038764954 2
1761837757862 0.9274450540542603 3
1761837757879 1.0287024974822998 4
1761837757895 0.1869295835494995 5
1761837757911 0.3563990294933319 6
1761837757927 0.36451104283332825 7
1761837757942 0.34281206130981445 8
1761837757958 0.12707851827144623 9
1761837757975 0.1688699573278427 10
1761837757995 0.07381467521190643 11
1761837758012 0.2847782075405121 12
1761837758030 0.0662100613117218 13
1761837758048 0.13485907018184662 14
1761837758069 0.036644287407398224 15
1761837758086 0.10435613989830017 16
1761837758104 0.03472737967967987 17
1761837758121 0.0886915922164917 18
