1762798782431 1.735323190689087 0
1762798782533 1.5150580406188965 1
1762798782631 1.391912579536438 2
1762798782728 1.3338406085968018 3
1762798782831 1.2546643018722534 4
1762798782932 1.1948604583740234 5
1762798783034 1.1471346616744995 6
1762798783128 1.1110849380493164 7
1762798783227 1.075829029083252 8
1762798783331 1.0412333011627197 9
1762798783432 1.0112652778625488 10
1762798783534 0.9841750860214233 11
1762798783631 0.9545893669128418 12
1762798783737 0.9329627156257629 13
1762798783844 0.9133843779563904 14
1762798783948 0.8938281536102295 15
1762798784050 0.8746039867401123 16
1762798784164 0.8566014170646667 17
1762798784261 0.840709924697876 18
1762798784360 0.8282978534698486 19
1762798784455 0.8177709579467773 20
1762798784552 0.8070419430732727 21
1762798784654 0.7927156090736389 22
1762798784787 0.7807934284210205 23
1762798784886 0.7707061767578125 24
1762798784979 0.7601428031921387 25
1762798785075 0.7491215467453003 26
1762798785170 0.7389223575592041 27
1762798785264 0.727622389793396 28
1762798785358 0.7196014523506165 29
