1762798782431 1.4783378839492798 0
1762798782533 1.1611473560333252 1
1762798782631 1.0366380214691162 2
1762798782728 1.1726433038711548 3
1762798782831 1.3613556623458862 4
1762798782932 0.52862948179245 5
1762798783034 0.6895027756690979 6
1762798783128 1.0742459297180176 7
1762798783227 0.7829269170761108 8
1762798783331 0.6852229833602905 9
1762798783432 0.9533765316009521 10
1762798783534 0.8862060904502869 11
1762798783631 0.42342498898506165 12
1762798783737 0.4548857510089874 13
1762798783844 1.1477328538894653 14
1762798783948 0.8085469007492065 15
1762798784050 0.5154423713684082 16
1762798784164 0.8313314914703369 17
1762798784261 0.5303668975830078 18
1762798784360 0.36748433113098145 19
1762798784455 0.5950855016708374 20
1762798784552 0.40565428137779236 21
1762798784654 0.43728482723236084 22
1762798784787 0.2467714101076126 23
1762798784886 0.8244398236274719 24
1762798784979 0.6115419864654541 25
1762798785075 0.3797384798526764 26
1762798785170 0.3348831534385681 27
1762798785264 0.5374789834022522 28
1762798785358 0.32269787788391113 29
