1762792455709 1.7768867015838623 0
1762792455804 1.5410919189453125 1
1762792455899 1.427869439125061 2
1762792455992 1.3547863960266113 3
1762792456084 1.2943569421768188 4
1762792456178 1.2292073965072632 5
1762792456271 1.1803535223007202 6
1762792456364 1.1415199041366577 7
1762792456457 1.0951992273330688 8
1762792456547 1.0594438314437866 9
1762792456638 1.0292553901672363 10
1762792456728 1.0070905685424805 11
1762792456818 0.9811149835586548 12
1762792456904 0.9573092460632324 13
1762792456996 0.9372652173042297 14
1762792457086 0.9152657389640808 15
1762792457176 0.8975992202758789 16
1762792457266 0.8817646503448486 17
1762792457357 0.8677737712860107 18
1762792457447 0.8519476056098938 19
1762792457538 0.837343156337738 20
1762792457628 0.8226696848869324 21
