1762792455709 1.4593415260314941 0
1762792455804 1.2209792137145996 1
1762792455899 1.4381318092346191 2
1762792455992 1.0424160957336426 3
1762792456084 0.5956845879554749 4
1762792456178 1.1449579000473022 5
1762792456271 1.311783790588379 6
1762792456364 1.0736459493637085 7
1762792456457 0.6119290590286255 8
1762792456547 1.4394078254699707 9
1762792456638 1.2709431648254395 10
1762792456728 1.2794198989868164 11
1762792456818 0.8334178924560547 12
1762792456904 0.9180427193641663 13
1762792456996 0.6610876321792603 14
1762792457086 0.33779045939445496 15
1762792457176 0.9734163284301758 16
1762792457266 0.36820679903030396 17
1762792457357 0.5383488535881042 18
1762792457447 0.932011067867279 19
1762792457538 0.6418590545654297 20
1762792457628 0.7844012975692749 21
