1761837703090 1.5581706762313843 0
1761837703111 1.2523783445358276 1
1761837703130 1.0715285539627075 2
1761837703149 0.9394924640655518 3
1761837703173 0.8341615200042725 4
1761837703194 0.7514576315879822 5
1761837703212 0.6806514263153076 6
1761837703231 0.6266081929206848 7
1761837703249 0.5739988088607788 8
1761837703269 0.5309483408927917 9
1761837703287 0.49107712507247925 10
1761837703306 0.45557084679603577 11
1761837703325 0.42630258202552795 12
1761837703342 0.39997732639312744 13
1761837703360 0.37525004148483276 14
