1761837703090 0.9437840580940247 0
1761837703111 0.7785068154335022 1
1761837703130 0.8348166346549988 2
1761837703149 0.3501836657524109 3
1761837703173 0.545332133769989 4
1761837703194 0.47676190733909607 5
1761837703212 0.3972318172454834 6
1761837703231 0.4904431402683258 7
1761837703249 0.02899562567472458 8
1761837703269 0.08009722828865051 9
1761837703287 0.05577518418431282 10
1761837703306 0.26684391498565674 11
1761837703325 0.379739910364151 12
1761837703342 0.01843838579952717 13
1761837703360 0.025526883080601692 14
