1761839914675 1.8750513792037964 0
1761839914753 1.6804924011230469 1
1761839914831 1.526665210723877 2
1761839914908 1.423087477684021 3
1761839914987 1.3584105968475342 4
1761839915062 1.3045120239257812 5
1761839915141 1.2642543315887451 6
1761839915217 1.2182952165603638 7
1761839915294 1.1760852336883545 8
1761839915371 1.135373592376709 9
1761839915447 1.101500391960144 10
1761839915523 1.0744967460632324 11
1761839915596 1.0506395101547241 12
1761839915671 1.022975206375122 13
1761839915745 1.0015573501586914 14
1761839915816 0.975128173828125 15
1761839915889 0.9579735994338989 16
1761839915959 0.9383718967437744 17
1761839916031 0.9180605411529541 18
1761839916102 0.9023606181144714 19
1761839916177 0.8870086073875427 20
1761839916250 0.8712610006332397 21
1761839916323 0.8555903434753418 22
1761839916397 0.841417670249939 23
1761839916469 0.8257307410240173 24
1761839916545 0.8113341331481934 25
1761839916620 0.7970459461212158 26
1761839916695 0.7841199040412903 27
1761839916768 0.772023618221283 28
1761839916842 0.760063886642456 29
1761839916914 0.7467851638793945 30
1761839916995 0.7352567911148071 31
1761839917069 0.7257955074310303 32
1761839917150 0.7140594720840454 33
1761839917228 0.7041625380516052 34
1761839917306 0.6945855021476746 35
1761839917380 0.6852757930755615 36
1761839917471 0.677217423915863 37
1761839917546 0.6689584255218506 38
1761839917620 0.6598254442214966 39
1761839917695 0.6517446637153625 40
1761839917769 0.6439505219459534 41
1761839917847 0.6367096900939941 42
1761839917922 0.6293303370475769 43
1761839917996 0.6220613718032837 44
1761839918069 0.6164585947990417 45
1761839918143 0.6093986630439758 46
1761839918218 0.6038838624954224 47
1761839918289 0.5980808138847351 48
1761839918363 0.592934787273407 49
1761839918434 0.5874895453453064 50
1761839918509 0.5820543169975281 51
1761839918587 0.5767107009887695 52
1761839918662 0.5722178220748901 53
1761839918737 0.5677175521850586 54
1761839918814 0.5638887286186218 55
1761839918890 0.5598294734954834 56
1761839918963 0.5574631094932556 57
1761839919037 0.554364025592804 58
1761839919111 0.5509506464004517 59
1761839919185 0.5468874573707581 60
1761839919260 0.5442795157432556 61
1761839919333 0.5405999422073364 62
1761839919408 0.537649929523468 63
1761839919484 0.5351297855377197 64
1761839919558 0.5321725606918335 65
1761839919631 0.5294702649116516 66
1761839919705 0.5264047980308533 67
1761839919779 0.5234352946281433 68
1761839919855 0.5202440023422241 69
1761839919930 0.5179226398468018 70
1761839920003 0.5155506134033203 71
1761839920078 0.5132546424865723 72
1761839920153 0.511507511138916 73
1761839920227 0.5095093846321106 74
1761839920301 0.5073577761650085 75
1761839920377 0.504840075969696 76
1761839920450 0.5028553605079651 77
1761839920523 0.500350296497345 78
1761839920599 0.49806180596351624 79
1761839920674 0.4956521987915039 80
1761839920749 0.494071900844574 81
1761839920822 0.49230870604515076 82
1761839920895 0.49077603220939636 83
1761839920971 0.4884536564350128 84
1761839921048 0.48612067103385925 85
1761839921123 0.48398348689079285 86
1761839921198 0.48197221755981445 87
1761839921274 0.48031049966812134 88
1761839921350 0.4789450168609619 89
1761839921427 0.47803789377212524 90
1761839921501 0.47695639729499817 91
1761839921575 0.4756844937801361 92
1761839921648 0.47406843304634094 93
1761839921722 0.47187960147857666 94
1761839921798 0.470054566860199 95
1761839921874 0.468185693025589 96
1761839921945 0.4669598340988159 97
1761839922019 0.4653983414173126 98
1761839922092 0.46394050121307373 99
1761839922164 0.462568074464798 100
1761839922238 0.46104204654693604 101
1761839922312 0.46003618836402893 102
1761839922388 0.45933350920677185 103
1761839922467 0.45804959535598755 104
1761839922544 0.45657286047935486 105
1761839922619 0.4550805985927582 106
1761839922693 0.45319774746894836 107
1761839922766 0.452212393283844 108
1761839922841 0.45057177543640137 109
1761839922915 0.44939351081848145 110
1761839922988 0.4483371078968048 111
1761839923059 0.4473533630371094 112
1761839923133 0.4465589225292206 113
1761839923207 0.44549933075904846 114
1761839923281 0.44419586658477783 115
1761839923353 0.4429216980934143 116
1761839923427 0.4421812891960144 117
1761839923501 0.4409312903881073 118
1761839923574 0.4402477741241455 119
1761839923647 0.4395970106124878 120
1761839923722 0.4386567175388336 121
1761839923794 0.4380588233470917 122
1761839923867 0.4371158480644226 123
1761839923942 0.4356573820114136 124
1761839924015 0.43480002880096436 125
1761839924090 0.43392494320869446 126
1761839924165 0.43291664123535156 127
1761839924238 0.4326154887676239 128
1761839924311 0.43172869086265564 129
1761839924384 0.43076813220977783 130
1761839924455 0.4295741021633148 131
1761839924527 0.42869389057159424 132
1761839924601 0.427971214056015 133
1761839924675 0.42700082063674927 134
1761839924747 0.42624109983444214 135
1761839924821 0.42549294233322144 136
1761839924895 0.4249262511730194 137
1761839924968 0.42390790581703186 138
1761839925042 0.4229014813899994 139
1761839925115 0.42204877734184265 140
1761839925189 0.42150285840034485 141
1761839925263 0.42088890075683594 142
1761839925336 0.4202916622161865 143
1761839925410 0.4194386899471283 144
1761839925483 0.4186449348926544 145
1761839925557 0.41770634055137634 146
1761839925630 0.4169025123119354 147
1761839925705 0.41596826910972595 148
1761839925778 0.4155048429965973 149
1761839925851 0.41494935750961304 150
1761839925926 0.4142359793186188 151
1761839926000 0.4138142466545105 152
1761839926076 0.4134652614593506 153
1761839926150 0.4126783311367035 154
1761839926226 0.4126109182834625 155
1761839926299 0.41195857524871826 156
1761839926372 0.4115649461746216 157
1761839926447 0.41083383560180664 158
1761839926522 0.4102495610713959 159
1761839926595 0.4098857045173645 160
1761839926669 0.40948814153671265 161
1761839926744 0.4091078042984009 162
1761839926819 0.40849587321281433 163
1761839926891 0.4077839255332947 164
1761839926965 0.4073110520839691 165
1761839927040 0.4065926671028137 166
1761839927112 0.40597760677337646 167
1761839927186 0.40559616684913635 168
1761839927259 0.4051065444946289 169
1761839927332 0.4046315550804138 170
1761839927407 0.40400978922843933 171
1761839927482 0.40378206968307495 172
1761839927556 0.40341824293136597 173
1761839927629 0.4029431939125061 174
1761839927703 0.4025475084781647 175
1761839927777 0.40220463275909424 176
1761839927854 0.4018592834472656 177
1761839927931 0.4013214111328125 178
1761839928005 0.40095365047454834 179
1761839928079 0.4006809592247009 180
1761839928153 0.400395929813385 181
1761839928228 0.4000721871852875 182
1761839928301 0.39968180656433105 183
1761839928376 0.39931967854499817 184
1761839928449 0.3990594446659088 185
1761839928524 0.39876630902290344 186
1761839928599 0.39845001697540283 187
1761839928673 0.3978796601295471 188
1761839928747 0.39763933420181274 189
1761839928822 0.39695584774017334 190
1761839928897 0.39650487899780273 191
1761839928970 0.3960370123386383 192
1761839929045 0.3958260416984558 193
1761839929120 0.3959350883960724 194
1761839929193 0.3956197500228882 195
1761839929270 0.3953211009502411 196
1761839929343 0.39512160420417786 197
1761839929417 0.394609272480011 198
1761839929492 0.3944706618785858 199
1761839929567 0.39406049251556396 200
1761839929643 0.3935902416706085 201
1761839929716 0.393210768699646 202
1761839929793 0.3932079076766968 203
1761839929873 0.3926261365413666 204
1761839929954 0.3922826051712036 205
1761839930038 0.3918346166610718 206
1761839930118 0.3916928172111511 207
1761839930194 0.3912871181964874 208
1761839930273 0.3910086452960968 209
1761839930350 0.39055484533309937 210
1761839930426 0.3903805911540985 211
1761839930509 0.3901160657405853 212
1761839930590 0.3899295926094055 213
1761839930667 0.3897104859352112 214
1761839930763 0.3893245756626129 215
1761839930845 0.38909560441970825 216
1761839930921 0.3887074589729309 217
1761839931000 0.38843226432800293 218
1761839931084 0.38816067576408386 219
1761839931166 0.388018935918808 220
1761839931259 0.3875778317451477 221
1761839931342 0.38752949237823486 222
1761839931420 0.38733452558517456 223
1761839931497 0.386948823928833 224
1761839931572 0.3868328928947449 225
1761839931646 0.3865908086299896 226
1761839931722 0.38670846819877625 227
1761839931799 0.3865440785884857 228
1761839931877 0.3863062858581543 229
1761839931952 0.3858473300933838 230
1761839932034 0.3854946792125702 231
1761839932117 0.3853274881839752 232
1761839932194 0.3849329352378845 233
1761839932275 0.38471680879592896 234
1761839932351 0.38464969396591187 235
1761839932427 0.3846387565135956 236
1761839932503 0.3846418261528015 237
1761839932580 0.3844742178916931 238
1761839932654 0.3841709792613983 239
1761839932728 0.38392868638038635 240
1761839932803 0.38367682695388794 241
1761839932879 0.3833339810371399 242
1761839932955 0.382968932390213 243
1761839933031 0.3828272223472595 244
1761839933107 0.3828830122947693 245
1761839933182 0.382761687040329 246
1761839933257 0.38244420289993286 247
1761839933335 0.3820521831512451 248
1761839933412 0.38175490498542786 249
1761839933489 0.3815954029560089 250
1761839933564 0.3814639747142792 251
1761839933638 0.3810800313949585 252
1761839933713 0.3808903992176056 253
1761839933789 0.38062742352485657 254
1761839933862 0.38025006651878357 255
1761839933936 0.38005924224853516 256
1761839934011 0.3800062835216522 257
1761839934086 0.3797926604747772 258
1761839934162 0.3794883191585541 259
1761839934242 0.37950313091278076 260
1761839934319 0.37930354475975037 261
1761839934395 0.3792019486427307 262
1761839934473 0.3790128231048584 263
1761839934549 0.3786675035953522 264
1761839934626 0.37863555550575256 265
1761839934702 0.378593385219574 266
1761839934779 0.3784436285495758 267
1761839934854 0.3781341016292572 268
1761839934927 0.3782883286476135 269
1761839935004 0.37797242403030396 270
1761839935083 0.3778350055217743 271
1761839935161 0.3776087462902069 272
1761839935244 0.3774203360080719 273
1761839935325 0.3772886097431183 274
1761839935403 0.37734219431877136 275
1761839935479 0.3771260976791382 276
1761839935552 0.376909464597702 277
1761839935626 0.37695175409317017 278
1761839935702 0.37675538659095764 279
1761839935778 0.37658166885375977 280
1761839935853 0.37630495429039 281
1761839935929 0.3759727478027344 282
1761839936007 0.37580832839012146 283
1761839936086 0.3757193982601166 284
1761839936163 0.3755232095718384 285
1761839936241 0.37533289194107056 286
1761839936318 0.37507376074790955 287
1761839936391 0.37494829297065735 288
1761839936466 0.37482187151908875 289
1761839936548 0.3747422993183136 290
1761839936628 0.3747153878211975 291
1761839936705 0.3745729327201843 292
1761839936780 0.37452220916748047 293
1761839936857 0.37431880831718445 294
1761839936935 0.374148428440094 295
1761839937010 0.3740628957748413 296
1761839937086 0.3739610016345978 297
1761839937162 0.3738884925842285 298
1761839937237 0.3737733066082001 299
1761839937312 0.37383073568344116 300
1761839937392 0.3737736940383911 301
1761839937480 0.3737741708755493 302
1761839937561 0.37359315156936646 303
1761839937642 0.3733661472797394 304
1761839937721 0.3731394112110138 305
1761839937798 0.3728819787502289 306
1761839937874 0.37272951006889343 307
1761839937950 0.37264442443847656 308
1761839938026 0.3725716173648834 309
1761839938103 0.37245506048202515 310
1761839938180 0.37230002880096436 311
1761839938260 0.37214788794517517 312
1761839938336 0.3720491826534271 313
1761839938425 0.37193116545677185 314
1761839938505 0.3719393014907837 315
1761839938588 0.3718874156475067 316
1761839938667 0.37169548869132996 317
1761839938744 0.37181633710861206 318
1761839938820 0.37179309129714966 319
1761839938899 0.3716322183609009 320
1761839938976 0.3714759647846222 321
1761839939050 0.37136512994766235 322
1761839939127 0.37120240926742554 323
1761839939203 0.37111666798591614 324
1761839939280 0.37094220519065857 325
1761839939357 0.3707331120967865 326
1761839939435 0.3706261217594147 327
1761839939512 0.3706369996070862 328
1761839939588 0.37046921253204346 329
1761839939680 0.37030306458473206 330
1761839939758 0.3701275885105133 331
1761839939839 0.36993834376335144 332
1761839939918 0.36996471881866455 333
1761839939995 0.3698906898498535 334
1761839940073 0.3697579801082611 335
1761839940150 0.3697551488876343 336
1761839940226 0.36961978673934937 337
1761839940301 0.3696107268333435 338
1761839940376 0.36956265568733215 339
1761839940454 0.3694738745689392 340
1761839940530 0.36935722827911377 341
1761839940607 0.3692699074745178 342
1761839940683 0.369263231754303 343
1761839940756 0.36903998255729675 344
1761839940832 0.3689563274383545 345
1761839940908 0.36878255009651184 346
1761839940983 0.36860987544059753 347
1761839941060 0.36843255162239075 348
1761839941135 0.36834535002708435 349
1761839941210 0.3682790994644165 350
1761839941285 0.368155300617218 351
1761839941363 0.36811643838882446 352
1761839941439 0.3680937886238098 353
1761839941515 0.3680681884288788 354
1761839941592 0.367998331785202 355
1761839941668 0.36797279119491577 356
1761839941745 0.36779066920280457 357
1761839941820 0.36784490942955017 358
1761839941896 0.3676995635032654 359
1761839941974 0.3677562177181244 360
1761839942051 0.3676435947418213 361
1761839942130 0.36752915382385254 362
1761839942207 0.3673417866230011 363
1761839942283 0.3672874867916107 364
1761839942360 0.3672700524330139 365
1761839942435 0.3671342730522156 366
1761839942510 0.3671656548976898 367
1761839942587 0.36720120906829834 368
1761839942665 0.36696043610572815 369
1761839942743 0.3668217658996582 370
1761839942820 0.36668699979782104 371
1761839942897 0.36653685569763184 372
1761839942975 0.3663674592971802 373
1761839943054 0.3663346469402313 374
1761839943131 0.3662639856338501 375
1761839943229 0.3662199378013611 376
1761839943313 0.366218626499176 377
1761839943395 0.36612895131111145 378
1761839943478 0.3659898042678833 379
1761839943557 0.3659253418445587 380
1761839943636 0.3658945560455322 381
1761839943711 0.3658328950405121 382
1761839943789 0.36572709679603577 383
1761839943869 0.3657853603363037 384
1761839943955 0.3656482696533203 385
1761839944038 0.3655776381492615 386
1761839944117 0.36574670672416687 387
1761839944196 0.36560723185539246 388
1761839944273 0.3657451868057251 389
1761839944348 0.3656946122646332 390
1761839944425 0.3655473589897156 391
1761839944502 0.36544525623321533 392
1761839944579 0.36524131894111633 393
1761839944669 0.3651369512081146 394
1761839944754 0.36508241295814514 395
1761839944837 0.3649643361568451 396
1761839944922 0.36499089002609253 397
1761839945005 0.3649906814098358 398
1761839945082 0.3648659884929657 399
1761839945162 0.36472418904304504 400
