1761839914675 3.0751805305480957 0
1761839914753 1.7948122024536133 1
1761839914831 1.0778635740280151 2
1761839914908 1.9588513374328613 3
1761839914987 0.8911740183830261 4
1761839915062 0.6899367570877075 5
1761839915141 1.357060194015503 6
1761839915217 1.1336426734924316 7
1761839915294 0.49303364753723145 8
1761839915371 1.6188478469848633 9
1761839915447 0.7969558835029602 10
1761839915523 0.9347653388977051 11
1761839915596 1.1201369762420654 12
1761839915671 0.6908345818519592 13
1761839915745 1.5042494535446167 14
1761839915816 0.2002667635679245 15
1761839915889 1.006462574005127 16
1761839915959 1.1094082593917847 17
1761839916031 1.868026852607727 18
1761839916102 0.43087735772132874 19
1761839916177 0.8207245469093323 20
1761839916250 0.7074069380760193 21
1761839916323 0.6500937342643738 22
1761839916397 0.25575873255729675 23
1761839916469 0.15307001769542694 24
1761839916545 0.6798581480979919 25
1761839916620 1.094814658164978 26
1761839916695 1.3715872764587402 27
1761839916768 1.244172215461731 28
1761839916842 0.24411803483963013 29
1761839916914 0.4054766297340393 30
1761839916995 0.094050332903862 31
1761839917069 0.5865318775177002 32
1761839917150 1.1192514896392822 33
1761839917228 0.7467165589332581 34
1761839917306 0.1965283304452896 35
1761839917380 0.2906618118286133 36
1761839917471 0.3830133080482483 37
1761839917546 0.2669347822666168 38
1761839917620 0.7944537401199341 39
1761839917695 1.0089662075042725 40
1761839917769 0.21145343780517578 41
1761839917847 0.13242067396640778 42
1761839917922 0.2372417151927948 43
1761839917996 0.2300252467393875 44
1761839918069 0.8609844446182251 45
1761839918143 0.16302470862865448 46
1761839918218 0.24219995737075806 47
1761839918289 0.708291232585907 48
1761839918363 1.0480966567993164 49
1761839918434 0.09553001821041107 50
1761839918509 0.341888427734375 51
1761839918587 0.25238698720932007 52
1761839918662 0.25749391317367554 53
1761839918737 0.3462122976779938 54
1761839918814 0.6904602646827698 55
1761839918890 1.2492523193359375 56
1761839918963 1.524090051651001 57
1761839919037 0.442385196685791 58
1761839919111 0.21451416611671448 59
1761839919185 0.5422641038894653 60
1761839919260 0.7171601057052612 61
1761839919333 0.6119760274887085 62
1761839919408 0.2835598587989807 63
1761839919484 0.5881307125091553 64
1761839919558 1.2068939208984375 65
1761839919631 0.9674160480499268 66
1761839919705 0.9692281484603882 67
1761839919779 0.23505258560180664 68
1761839919855 0.21202532947063446 69
1761839919930 1.55750572681427 70
1761839920003 0.739493727684021 71
1761839920078 0.5989514589309692 72
1761839920153 1.612946629524231 73
1761839920227 0.527308464050293 74
1761839920301 0.5566708445549011 75
1761839920377 0.22565318644046783 76
1761839920450 0.6218870878219604 77
1761839920523 1.1471484899520874 78
1761839920599 1.8433454036712646 79
1761839920674 0.07121507078409195 80
1761839920749 1.6172292232513428 81
1761839920822 0.6660225987434387 82
1761839920895 0.5464897751808167 83
1761839920971 0.4855565130710602 84
1761839921048 0.4115160405635834 85
1761839921123 0.5851788520812988 86
1761839921198 0.6964284777641296 87
1761839921274 0.6425197720527649 88
1761839921350 0.46356096863746643 89
1761839921427 0.658778727054596 90
1761839921501 0.10858086496591568 91
1761839921575 0.7320956587791443 92
1761839921648 0.074576735496521 93
1761839921722 0.1285356879234314 94
1761839921798 0.042317911982536316 95
1761839921874 0.06953440606594086 96
1761839921945 0.398585706949234 97
1761839922019 0.567219078540802 98
1761839922092 0.6515983939170837 99
1761839922164 0.19354422390460968 100
1761839922238 0.7196069359779358 101
1761839922312 0.5953389406204224 102
1761839922388 0.48340457677841187 103
1761839922467 0.32183384895324707 104
1761839922544 0.5735540390014648 105
1761839922619 0.21604788303375244 106
1761839922693 0.12853489816188812 107
1761839922766 1.499277949333191 108
1761839922841 0.32351061701774597 109
1761839922915 0.2660335600376129 110
1761839922988 0.7176429033279419 111
1761839923059 0.552492082118988 112
1761839923133 0.8970721364021301 113
1761839923207 0.7182227373123169 114
1761839923281 0.1451648622751236 115
1761839923353 0.31620562076568604 116
1761839923427 0.6879457235336304 117
1761839923501 0.7131083011627197 118
1761839923574 0.3747405409812927 119
1761839923647 1.241894245147705 120
1761839923722 0.5381101965904236 121
1761839923794 0.463760644197464 122
1761839923867 1.0300018787384033 123
1761839923942 0.47113507986068726 124
1761839924015 0.41090840101242065 125
1761839924090 0.2001466602087021 126
1761839924165 0.2293715626001358 127
1761839924238 1.5857398509979248 128
1761839924311 0.33166778087615967 129
1761839924384 0.5205816030502319 130
1761839924455 0.4092254042625427 131
1761839924527 0.4548768103122711 132
1761839924601 1.000296711921692 133
1761839924675 0.7424130439758301 134
1761839924747 0.4507286250591278 135
1761839924821 0.5804097652435303 136
1761839924895 1.1780803203582764 137
1761839924968 0.27063170075416565 138
1761839925042 0.8690809607505798 139
1761839925115 0.41197338700294495 140
1761839925189 0.29482701420783997 141
1761839925263 0.2724699378013611 142
1761839925336 0.42734748125076294 143
1761839925410 0.5657424926757812 144
1761839925483 0.2882298529148102 145
1761839925557 0.4414273202419281 146
1761839925630 0.1689685583114624 147
1761839925705 0.5129435062408447 148
1761839925778 0.3202248215675354 149
1761839925851 1.3940895795822144 150
1761839925926 0.8944426774978638 151
1761839926000 0.2725749909877777 152
1761839926076 0.11665018647909164 153
1761839926150 0.2634865939617157 154
1761839926226 1.368898868560791 155
1761839926299 0.7688391208648682 156
1761839926372 0.5128291845321655 157
1761839926447 0.4967612028121948 158
1761839926522 0.437516987323761 159
1761839926595 1.1086455583572388 160
1761839926669 1.3919250965118408 161
1761839926744 0.06909308582544327 162
1761839926819 0.16302305459976196 163
1761839926891 0.16065973043441772 164
1761839926965 0.45801135897636414 165
1761839927040 0.24654853343963623 166
1761839927112 0.39166679978370667 167
1761839927186 0.3100545406341553 168
1761839927259 0.3033529818058014 169
1761839927332 0.33335554599761963 170
1761839927407 0.061953555792570114 171
1761839927482 1.0604937076568604 172
1761839927556 0.6279528737068176 173
1761839927629 0.5716549754142761 174
1761839927703 0.3655606508255005 175
1761839927777 0.3357790410518646 176
1761839927854 0.5547682642936707 177
1761839927931 0.861125648021698 178
1761839928005 0.4937208294868469 179
1761839928079 0.19399313628673553 180
1761839928153 0.4325360953807831 181
1761839928228 0.12986870110034943 182
1761839928301 0.13977780938148499 183
1761839928376 0.24996474385261536 184
1761839928449 0.2816024720668793 185
1761839928524 0.7697145938873291 186
1761839928599 0.5122207403182983 187
1761839928673 0.4768454432487488 188
1761839928747 1.4581092596054077 189
1761839928822 0.09204412251710892 190
1761839928897 0.12261320650577545 191
1761839928970 0.8397843241691589 192
1761839929045 0.27656763792037964 193
1761839929120 1.4468389749526978 194
1761839929193 0.703312337398529 195
1761839929270 0.029753411188721657 196
1761839929343 0.6669106483459473 197
1761839929417 0.476108193397522 198
1761839929492 1.2349932193756104 199
1761839929567 0.337576687335968 200
1761839929643 0.28252923488616943 201
1761839929716 0.3016278147697449 202
1761839929793 0.9320362210273743 203
1761839929873 0.041858360171318054 204
1761839929954 0.1551496982574463 205
1761839930038 0.09056096524000168 206
1761839930118 0.3215661942958832 207
1761839930194 0.27512454986572266 208
1761839930273 0.7659958600997925 209
1761839930350 0.6221742630004883 210
1761839930426 0.6694720983505249 211
1761839930509 0.8180404901504517 212
1761839930590 0.5347647666931152 213
1761839930667 0.30677640438079834 214
1761839930763 0.19087933003902435 215
1761839930845 0.5132433176040649 216
1761839930921 0.030087009072303772 217
1761839931000 1.0910923480987549 218
1761839931084 0.469900906085968 219
1761839931166 0.5508063435554504 220
1761839931259 0.26784899830818176 221
1761839931342 0.5126633644104004 222
1761839931420 1.04032564163208 223
1761839931497 0.18364019691944122 224
1761839931572 0.27467384934425354 225
1761839931646 0.5162361860275269 226
1761839931722 1.077046275138855 227
1761839931799 1.145328164100647 228
1761839931877 0.17686401307582855 229
1761839931952 0.5319242477416992 230
1761839932034 0.199380561709404 231
1761839932117 0.808700680732727 232
1761839932194 0.18585841357707977 233
1761839932275 0.34136509895324707 234
1761839932351 0.3889893889427185 235
1761839932427 1.3055963516235352 236
1761839932503 1.0229346752166748 237
1761839932580 0.33661454916000366 238
1761839932654 0.7090659141540527 239
1761839932728 0.4828214645385742 240
1761839932803 0.23437954485416412 241
1761839932879 0.4556256830692291 242
1761839932955 0.20951683819293976 243
1761839933031 0.8899649977684021 244
1761839933107 0.8026031255722046 245
1761839933182 1.8179848194122314 246
1761839933257 0.40002918243408203 247
1761839933335 0.6767430901527405 248
1761839933412 0.7591134309768677 249
1761839933489 1.721248745918274 250
1761839933564 0.5695987939834595 251
1761839933638 0.3368169069290161 252
1761839933713 0.09734465926885605 253
1761839933789 0.09896333515644073 254
1761839933862 0.5772115588188171 255
1761839933936 1.0414845943450928 256
1761839934011 2.1562283039093018 257
1761839934086 0.2702189087867737 258
1761839934162 0.49338147044181824 259
1761839934242 0.1488724946975708 260
1761839934319 0.10864310711622238 261
1761839934395 0.7185660600662231 262
1761839934473 0.2686918377876282 263
1761839934549 0.22575253248214722 264
1761839934626 0.3427111506462097 265
1761839934702 0.5785849690437317 266
1761839934779 0.812957227230072 267
1761839934854 0.34134209156036377 268
1761839934927 0.6998642683029175 269
1761839935004 0.3341655731201172 270
1761839935083 0.3523961901664734 271
1761839935161 0.6424919962882996 272
1761839935244 0.5622522830963135 273
1761839935325 0.7809022068977356 274
1761839935403 0.7011748552322388 275
1761839935479 0.2853010892868042 276
1761839935552 0.4062044024467468 277
1761839935626 1.8327703475952148 278
1761839935702 0.2762807607650757 279
1761839935778 0.3012382686138153 280
1761839935853 0.14749287068843842 281
1761839935929 0.21713003516197205 282
1761839936007 1.7389144897460938 283
1761839936086 0.9588822722434998 284
1761839936163 0.6321473121643066 285
1761839936241 0.08615411818027496 286
1761839936318 0.17242632806301117 287
1761839936391 0.5025667548179626 288
1761839936466 0.073097825050354 289
1761839936548 0.38569095730781555 290
1761839936628 1.3376716375350952 291
1761839936705 0.44165900349617004 292
1761839936780 0.6141147613525391 293
1761839936857 0.09890633821487427 294
1761839936935 0.16370026767253876 295
1761839937010 0.2001301348209381 296
1761839937086 0.5878405570983887 297
1761839937162 1.6004717350006104 298
1761839937237 0.20041899383068085 299
1761839937312 0.7376590371131897 300
1761839937392 0.4641966223716736 301
1761839937480 0.23616738617420197 302
1761839937561 0.20608274638652802 303
1761839937642 0.18676215410232544 304
1761839937721 0.20765987038612366 305
1761839937798 0.025697747245430946 306
1761839937874 1.1005816459655762 307
1761839937950 0.3178977966308594 308
1761839938026 0.1804850995540619 309
1761839938103 0.4179830849170685 310
1761839938180 0.5151610970497131 311
1761839938260 0.2684957683086395 312
1761839938336 0.8323304057121277 313
1761839938425 0.44363000988960266 314
1761839938505 1.9469412565231323 315
1761839938588 1.7374937534332275 316
1761839938667 0.743963897228241 317
1761839938744 1.174288034439087 318
1761839938820 0.5181548595428467 319
1761839938899 0.2601715624332428 320
1761839938976 0.10453769564628601 321
1761839939050 1.1104074716567993 322
1761839939127 0.53169184923172 323
1761839939203 0.6002613306045532 324
1761839939280 0.6503039002418518 325
1761839939357 0.2951311469078064 326
1761839939435 0.771338164806366 327
1761839939512 0.7014573812484741 328
1761839939588 0.3203110992908478 329
1761839939680 0.7153044939041138 330
1761839939758 0.41381171345710754 331
1761839939839 0.09030482918024063 332
1761839939918 0.4857112169265747 333
1761839939995 0.7753669023513794 334
1761839940073 0.4352700114250183 335
1761839940150 0.6621745228767395 336
1761839940226 0.28280484676361084 337
1761839940301 0.6426523923873901 338
1761839940376 0.1522650271654129 339
1761839940454 0.758053183555603 340
1761839940530 0.4461801052093506 341
1761839940607 0.9970373511314392 342
1761839940683 0.4060443639755249 343
1761839940756 0.10867290198802948 344
1761839940832 0.30216002464294434 345
1761839940908 0.1405365914106369 346
1761839940983 0.07376507669687271 347
1761839941060 0.5376682281494141 348
1761839941135 0.8422413468360901 349
1761839941210 0.16537414491176605 350
1761839941285 0.2252427488565445 351
1761839941363 0.37306493520736694 352
1761839941439 0.9315837621688843 353
1761839941515 0.7131069898605347 354
1761839941592 0.850661039352417 355
1761839941668 0.6575563549995422 356
1761839941745 0.7511555552482605 357
1761839941820 0.8417682647705078 358
1761839941896 0.5055163502693176 359
1761839941974 1.3064370155334473 360
1761839942051 0.3753500282764435 361
1761839942130 0.5891013741493225 362
1761839942207 0.5191519856452942 363
1761839942283 0.29928871989250183 364
1761839942360 0.09702461212873459 365
1761839942435 0.18236975371837616 366
1761839942510 0.44374656677246094 367
1761839942587 0.061611104756593704 368
1761839942665 0.44735902547836304 369
1761839942743 0.6439846754074097 370
1761839942820 0.1961844265460968 371
1761839942897 0.4827518165111542 372
1761839942975 0.23037634789943695 373
1761839943054 0.08943550288677216 374
1761839943131 0.5319188237190247 375
1761839943229 0.4765813648700714 376
1761839943313 0.3897099196910858 377
1761839943395 0.3454788327217102 378
1761839943478 0.16675862669944763 379
1761839943557 1.6492488384246826 380
1761839943636 0.7103785276412964 381
1761839943711 0.5012787580490112 382
1761839943789 0.39580607414245605 383
1761839943869 0.45601749420166016 384
1761839943955 1.2308911085128784 385
1761839944038 0.155609130859375 386
1761839944117 1.9861782789230347 387
1761839944196 0.3840041160583496 388
1761839944273 1.5564595460891724 389
1761839944348 0.8576180934906006 390
1761839944425 0.2863579988479614 391
1761839944502 0.502166748046875 392
1761839944579 0.14886118471622467 393
1761839944669 0.2560453712940216 394
1761839944754 0.37235838174819946 395
1761839944837 0.36016613245010376 396
1761839944922 0.39168456196784973 397
1761839945005 0.42530712485313416 398
1761839945082 0.4549604654312134 399
1761839945162 0.47913995385169983 400
