1762798564015 1.7220770120620728 0
1762798564115 1.4998034238815308 1
1762798564214 1.3783565759658813 2
1762798564310 1.2913565635681152 3
1762798564406 1.230126976966858 4
1762798564502 1.1724525690078735 5
1762798564600 1.134338140487671 6
1762798564698 1.0933171510696411 7
1762798564795 1.0660417079925537 8
1762798564893 1.0316340923309326 9
1762798564992 1.0016822814941406 10
1762798565094 0.9739530682563782 11
1762798565196 0.9512864351272583 12
1762798565296 0.9277592897415161 13
1762798565395 0.9114845395088196 14
1762798565493 0.8964071869850159 15
1762798565590 0.8781823515892029 16
1762798565688 0.860248863697052 17
1762798565784 0.8470618724822998 18
1762798565881 0.8326705098152161 19
1762798565979 0.8202335238456726 20
1762798566075 0.8040006160736084 21
1762798566170 0.7935236096382141 22
1762798566265 0.7828287482261658 23
1762798566360 0.7729741334915161 24
1762798566457 0.7647281885147095 25
1762798566553 0.7551783919334412 26
1762798566652 0.7452249526977539 27
1762798566755 0.7370983362197876 28
1762798566854 0.7293584942817688 29
1762798566951 0.7211527228355408 30
1762798567048 0.7138839960098267 31
1762798567143 0.7041073441505432 32
1762798567238 0.6954062581062317 33
1762798567339 0.6866142749786377 34
1762798567454 0.6789956092834473 35
1762798567555 0.6710447669029236 36
1762798567657 0.6646217107772827 37
1762798567756 0.6581693291664124 38
1762798567865 0.6524085402488708 39
1762798567967 0.64576256275177 40
1762798568068 0.6400705575942993 41
1762798568173 0.6335173845291138 42
1762798568277 0.6263573169708252 43
