1762798564015 1.4282112121582031 0
1762798564115 1.8155765533447266 1
1762798564214 0.8322015404701233 2
1762798564310 1.1560380458831787 3
1762798564406 0.9255242347717285 4
1762798564502 0.7864088416099548 5
1762798564600 1.5976340770721436 6
1762798564698 0.7995502948760986 7
1762798564795 1.1249425411224365 8
1762798564893 0.6910039186477661 9
1762798564992 0.2402011603116989 10
1762798565094 0.7624668478965759 11
1762798565196 0.3845990002155304 12
1762798565296 0.8066527247428894 13
1762798565395 0.8780440092086792 14
1762798565493 0.5590075850486755 15
1762798565590 0.6385626196861267 16
1762798565688 0.5253733992576599 17
1762798565784 0.6081754565238953 18
1762798565881 0.31237468123435974 19
1762798565979 0.6966404318809509 20
1762798566075 0.4356653392314911 21
1762798566170 0.2547703981399536 22
1762798566265 0.3217394948005676 23
1762798566360 0.22568130493164062 24
1762798566457 0.9628846049308777 25
1762798566553 0.6455756425857544 26
1762798566652 0.2786223590373993 27
1762798566755 0.5445257425308228 28
1762798566854 0.20518101751804352 29
1762798566951 0.2880798280239105 30
1762798567048 0.4878075420856476 31
1762798567143 0.39986222982406616 32
1762798567238 0.13470223546028137 33
1762798567339 0.3447364866733551 34
1762798567454 0.8243485689163208 35
1762798567555 0.4247295558452606 36
1762798567657 0.4801977574825287 37
1762798567756 0.058326542377471924 38
1762798567865 0.1361505538225174 39
1762798567967 0.3939349353313446 40
1762798568068 0.2126597762107849 41
1762798568173 0.7771002054214478 42
1762798568277 0.2160443812608719 43
