1761840005155 1.87964928150177 0
1761840005230 1.663722038269043 1
1761840005307 1.535306692123413 2
1761840005382 1.4533872604370117 3
1761840005454 1.3767468929290771 4
1761840005525 1.3258130550384521 5
1761840005596 1.2700495719909668 6
1761840005669 1.2231907844543457 7
1761840005741 1.1773056983947754 8
1761840005813 1.1446374654769897 9
1761840005885 1.119109034538269 10
1761840005956 1.0880190134048462 11
1761840006027 1.0596067905426025 12
1761840006100 1.0350005626678467 13
1761840006171 1.0160359144210815 14
1761840006242 1.003824234008789 15
1761840006313 0.9852582216262817 16
1761840006381 0.9665592312812805 17
1761840006451 0.9489948749542236 18
1761840006523 0.9326559901237488 19
1761840006592 0.9147562384605408 20
1761840006663 0.9021959900856018 21
1761840006734 0.8875859379768372 22
1761840006804 0.8728615045547485 23
1761840006872 0.8614887595176697 24
1761840006943 0.849729061126709 25
1761840007013 0.8393172025680542 26
1761840007085 0.8257601261138916 27
1761840007154 0.8157933354377747 28
1761840007225 0.8042575716972351 29
1761840007299 0.7932717204093933 30
1761840007379 0.7830456495285034 31
1761840007453 0.7753055691719055 32
1761840007525 0.7677232027053833 33
1761840007595 0.7570099234580994 34
1761840007667 0.7473230361938477 35
1761840007754 0.7363728284835815 36
1761840007827 0.7273585200309753 37
1761840007902 0.718580961227417 38
1761840007977 0.7085621356964111 39
1761840008050 0.6988744735717773 40
1761840008122 0.6891579627990723 41
1761840008195 0.6793881058692932 42
1761840008267 0.6712595224380493 43
1761840008338 0.6636117100715637 44
1761840008409 0.6565259695053101 45
1761840008487 0.6503570079803467 46
1761840008559 0.642152726650238 47
1761840008631 0.6360248923301697 48
1761840008699 0.6291123628616333 49
1761840008768 0.6239781379699707 50
1761840008839 0.6180435419082642 51
1761840008910 0.6130154132843018 52
1761840008981 0.6078152656555176 53
1761840009052 0.6031333804130554 54
1761840009123 0.5988805890083313 55
1761840009192 0.5942481756210327 56
1761840009263 0.5892724394798279 57
1761840009334 0.584119439125061 58
1761840009406 0.5791225433349609 59
1761840009478 0.5746514201164246 60
1761840009550 0.5707533359527588 61
1761840009620 0.5678049325942993 62
1761840009696 0.5640126466751099 63
1761840009768 0.5611236095428467 64
1761840009840 0.5576204061508179 65
1761840009910 0.5541113615036011 66
1761840009982 0.5507194995880127 67
1761840010054 0.5467524528503418 68
1761840010124 0.5427713990211487 69
1761840010199 0.5389013290405273 70
1761840010273 0.5358282327651978 71
1761840010347 0.5323754549026489 72
1761840010420 0.5289783477783203 73
1761840010493 0.5264472365379333 74
1761840010565 0.5232810378074646 75
1761840010637 0.5205283164978027 76
1761840010707 0.5177235007286072 77
1761840010779 0.5147610306739807 78
1761840010849 0.5121363401412964 79
1761840010920 0.5093986988067627 80
1761840010992 0.5064444541931152 81
1761840011065 0.5036637187004089 82
1761840011138 0.5012326240539551 83
1761840011212 0.49908319115638733 84
1761840011285 0.4968806207180023 85
1761840011359 0.49481692910194397 86
1761840011432 0.4922568202018738 87
1761840011503 0.49013686180114746 88
1761840011575 0.4880055785179138 89
1761840011643 0.4855612516403198 90
1761840011716 0.48419803380966187 91
1761840011789 0.48188892006874084 92
1761840011861 0.48001423478126526 93
1761840011932 0.4785221815109253 94
1761840012003 0.476546972990036 95
1761840012075 0.47486788034439087 96
1761840012149 0.4733605682849884 97
1761840012223 0.4714777171611786 98
1761840012295 0.46973028779029846 99
1761840012367 0.4683148264884949 100
1761840012436 0.4661668837070465 101
1761840012505 0.46464574337005615 102
1761840012576 0.4634415805339813 103
1761840012650 0.46156078577041626 104
1761840012723 0.4599563479423523 105
1761840012794 0.4585617780685425 106
1761840012866 0.45731741189956665 107
1761840012937 0.45596566796302795 108
1761840013010 0.45471784472465515 109
1761840013081 0.4533481001853943 110
1761840013152 0.4524739682674408 111
1761840013229 0.45110416412353516 112
1761840013303 0.4497799277305603 113
1761840013377 0.4483203589916229 114
1761840013450 0.4469132721424103 115
1761840013523 0.4454258680343628 116
1761840013594 0.444223016500473 117
1761840013666 0.4435786306858063 118
1761840013737 0.4421840310096741 119
1761840013809 0.4408807158470154 120
1761840013880 0.43964871764183044 121
1761840013952 0.4385444223880768 122
1761840014025 0.43768399953842163 123
1761840014098 0.43697986006736755 124
1761840014170 0.4358772933483124 125
1761840014241 0.43486443161964417 126
1761840014312 0.4337705671787262 127
1761840014384 0.4331193268299103 128
1761840014457 0.43178388476371765 129
1761840014530 0.4305468499660492 130
1761840014603 0.4293712377548218 131
1761840014674 0.428523987531662 132
1761840014748 0.4275818467140198 133
1761840014819 0.42643028497695923 134
1761840014891 0.4254506230354309 135
1761840014961 0.42479249835014343 136
1761840015031 0.42405807971954346 137
1761840015104 0.4235011637210846 138
1761840015174 0.42250025272369385 139
1761840015245 0.4216919243335724 140
1761840015317 0.42064759135246277 141
1761840015388 0.4200231432914734 142
1761840015459 0.4194713532924652 143
1761840015531 0.419118732213974 144
1761840015603 0.41825178265571594 145
1761840015675 0.41784584522247314 146
1761840015746 0.41698017716407776 147
1761840015818 0.41627752780914307 148
1761840015889 0.4154140055179596 149
1761840015961 0.4149031639099121 150
1761840016035 0.41424560546875 151
1761840016107 0.4136055111885071 152
1761840016180 0.41290536522865295 153
1761840016252 0.41227278113365173 154
1761840016325 0.4116063416004181 155
1761840016397 0.41068053245544434 156
1761840016470 0.4101806879043579 157
1761840016541 0.4094788730144501 158
1761840016615 0.40868842601776123 159
1761840016686 0.40823063254356384 160
1761840016759 0.40769994258880615 161
1761840016831 0.40698930621147156 162
1761840016902 0.4063931405544281 163
1761840016975 0.40577784180641174 164
1761840017047 0.4049322307109833 165
1761840017121 0.40426236391067505 166
1761840017194 0.4034677743911743 167
1761840017266 0.40288978815078735 168
1761840017339 0.40244001150131226 169
1761840017413 0.40173470973968506 170
1761840017485 0.40140852332115173 171
1761840017557 0.4006877839565277 172
1761840017630 0.40012356638908386 173
1761840017703 0.39975711703300476 174
1761840017775 0.3993085026741028 175
1761840017848 0.39859604835510254 176
1761840017920 0.39792799949645996 177
1761840017993 0.39740318059921265 178
1761840018063 0.3968414068222046 179
1761840018135 0.3962536156177521 180
1761840018206 0.39558738470077515 181
1761840018279 0.3949449956417084 182
1761840018352 0.3942401707172394 183
1761840018424 0.3936631679534912 184
1761840018499 0.39320796728134155 185
1761840018572 0.39281657338142395 186
1761840018644 0.39247581362724304 187
1761840018715 0.39189648628234863 188
1761840018791 0.3914470374584198 189
1761840018870 0.3912646174430847 190
1761840018941 0.39076200127601624 191
1761840019013 0.3901969790458679 192
1761840019087 0.38971152901649475 193
1761840019161 0.38934823870658875 194
1761840019234 0.3889324963092804 195
1761840019306 0.3884446322917938 196
1761840019378 0.38837477564811707 197
1761840019451 0.387910932302475 198
1761840019523 0.3876780867576599 199
1761840019596 0.3872937560081482 200
1761840019670 0.3867882788181305 201
1761840019748 0.38620656728744507 202
1761840019831 0.3857751786708832 203
1761840019910 0.3853619396686554 204
1761840019988 0.38498738408088684 205
1761840020060 0.3845353126525879 206
1761840020134 0.3840855062007904 207
1761840020205 0.3836331367492676 208
1761840020279 0.38334789872169495 209
1761840020361 0.3830500543117523 210
1761840020441 0.3826639652252197 211
1761840020516 0.38257691264152527 212
1761840020590 0.38219842314720154 213
1761840020663 0.38154542446136475 214
1761840020736 0.3813226819038391 215
1761840020806 0.3810223937034607 216
1761840020879 0.3809552490711212 217
1761840020952 0.3805769979953766 218
1761840021025 0.38012266159057617 219
1761840021098 0.37973031401634216 220
1761840021171 0.3793025612831116 221
1761840021244 0.37893742322921753 222
1761840021316 0.3786047697067261 223
1761840021390 0.378284215927124 224
1761840021462 0.3779820501804352 225
1761840021534 0.37765368819236755 226
1761840021605 0.3773413300514221 227
1761840021679 0.37745213508605957 228
1761840021752 0.3773147463798523 229
1761840021824 0.377211332321167 230
1761840021896 0.37701189517974854 231
1761840021968 0.3765965402126312 232
1761840022039 0.37626913189888 233
1761840022114 0.376091867685318 234
1761840022187 0.3756774663925171 235
1761840022260 0.37537065148353577 236
1761840022333 0.3751119077205658 237
1761840022406 0.3750752806663513 238
1761840022477 0.37472108006477356 239
1761840022550 0.37450331449508667 240
1761840022622 0.3740862011909485 241
1761840022695 0.373716801404953 242
1761840022767 0.373302698135376 243
1761840022838 0.37310001254081726 244
1761840022912 0.3728693425655365 245
1761840022985 0.37288326025009155 246
1761840023057 0.37250036001205444 247
1761840023130 0.3723899722099304 248
1761840023203 0.3719118535518646 249
1761840023275 0.3715204894542694 250
1761840023348 0.3713044226169586 251
1761840023420 0.3709094822406769 252
1761840023492 0.37068477272987366 253
1761840023562 0.3704494535923004 254
1761840023636 0.37026363611221313 255
1761840023707 0.3699270486831665 256
1761840023780 0.3696913719177246 257
1761840023854 0.36930781602859497 258
1761840023928 0.3689606785774231 259
1761840024001 0.3689415752887726 260
1761840024075 0.3686947524547577 261
1761840024150 0.36834195256233215 262
1761840024223 0.3681459426879883 263
1761840024293 0.3679574728012085 264
1761840024365 0.3677560091018677 265
1761840024438 0.36758074164390564 266
1761840024512 0.36719810962677 267
1761840024585 0.3668626844882965 268
1761840024658 0.36672380566596985 269
1761840024732 0.36650514602661133 270
1761840024804 0.3661556541919708 271
1761840024877 0.36585214734077454 272
1761840024956 0.3657577335834503 273
1761840025038 0.36537402868270874 274
1761840025116 0.36515870690345764 275
1761840025192 0.3648885190486908 276
1761840025267 0.3645385503768921 277
1761840025340 0.3641180396080017 278
1761840025413 0.363995224237442 279
1761840025483 0.36375534534454346 280
1761840025554 0.36364853382110596 281
1761840025628 0.3633870482444763 282
1761840025699 0.36330896615982056 283
1761840025771 0.3631514608860016 284
1761840025846 0.3629757761955261 285
1761840025920 0.36281201243400574 286
1761840025993 0.3625572919845581 287
1761840026067 0.36240488290786743 288
1761840026142 0.36211028695106506 289
1761840026215 0.36201998591423035 290
1761840026290 0.3617359697818756 291
1761840026363 0.3615492284297943 292
1761840026437 0.36139369010925293 293
1761840026511 0.3611457049846649 294
1761840026585 0.36102014780044556 295
1761840026659 0.36091816425323486 296
1761840026731 0.36063122749328613 297
1761840026805 0.36044615507125854 298
1761840026876 0.3604463040828705 299
1761840026951 0.3602960705757141 300
1761840027024 0.3603475093841553 301
1761840027097 0.3602689206600189 302
1761840027172 0.3599473237991333 303
1761840027250 0.3596642315387726 304
1761840027324 0.35960853099823 305
1761840027399 0.35949257016181946 306
1761840027473 0.3592188060283661 307
1761840027545 0.3590518832206726 308
1761840027619 0.35899680852890015 309
1761840027692 0.3587864935398102 310
1761840027766 0.3587051033973694 311
1761840027839 0.35848772525787354 312
1761840027912 0.3583998680114746 313
1761840027985 0.3581477701663971 314
1761840028060 0.35789942741394043 315
1761840028135 0.3578045964241028 316
1761840028210 0.3576104938983917 317
1761840028285 0.3574066460132599 318
1761840028358 0.35724395513534546 319
1761840028429 0.35701850056648254 320
1761840028504 0.3569934368133545 321
1761840028580 0.35686007142066956 322
1761840028656 0.3567972481250763 323
1761840028730 0.35660094022750854 324
1761840028803 0.3564903140068054 325
1761840028876 0.3563392162322998 326
1761840028951 0.35606491565704346 327
1761840029024 0.355886846780777 328
1761840029099 0.35578858852386475 329
1761840029174 0.35564690828323364 330
1761840029248 0.35555243492126465 331
1761840029320 0.3554498553276062 332
1761840029395 0.35535067319869995 333
1761840029469 0.35530152916908264 334
1761840029543 0.3551110625267029 335
1761840029616 0.35517051815986633 336
1761840029689 0.35495489835739136 337
1761840029764 0.354782372713089 338
1761840029836 0.35484257340431213 339
1761840029911 0.35465899109840393 340
1761840029983 0.35438811779022217 341
1761840030059 0.35411161184310913 342
1761840030135 0.35391584038734436 343
1761840030209 0.35389259457588196 344
1761840030282 0.3537788689136505 345
1761840030356 0.35361671447753906 346
1761840030430 0.35338693857192993 347
1761840030504 0.35317665338516235 348
1761840030579 0.35296541452407837 349
1761840030653 0.35267457365989685 350
1761840030728 0.35253190994262695 351
1761840030802 0.3523942828178406 352
1761840030876 0.3522382378578186 353
1761840030949 0.3520777225494385 354
1761840031023 0.3519124686717987 355
1761840031099 0.3517322540283203 356
1761840031173 0.35163453221321106 357
1761840031246 0.351471871137619 358
1761840031320 0.351389616727829 359
1761840031395 0.351315438747406 360
1761840031468 0.351161390542984 361
1761840031542 0.3511224389076233 362
1761840031618 0.350864440202713 363
1761840031693 0.35079047083854675 364
1761840031766 0.35063669085502625 365
1761840031841 0.35044756531715393 366
1761840031914 0.35026445984840393 367
1761840031989 0.350157767534256 368
1761840032064 0.3500332832336426 369
1761840032138 0.3499170243740082 370
1761840032213 0.3495897650718689 371
1761840032288 0.3494220972061157 372
1761840032363 0.34926626086235046 373
1761840032438 0.34918856620788574 374
1761840032512 0.3490797281265259 375
1761840032587 0.34893152117729187 376
1761840032660 0.34885475039482117 377
1761840032735 0.34871047735214233 378
1761840032811 0.34873151779174805 379
1761840032884 0.3488025665283203 380
1761840032958 0.3485397696495056 381
1761840033035 0.3484084904193878 382
1761840033110 0.34843891859054565 383
1761840033188 0.3484026789665222 384
1761840033261 0.3482815623283386 385
1761840033337 0.34809577465057373 386
1761840033425 0.34790682792663574 387
1761840033506 0.3478674590587616 388
1761840033586 0.3476721942424774 389
1761840033664 0.347744882106781 390
1761840033740 0.3476006090641022 391
1761840033814 0.3474169671535492 392
1761840033890 0.34728193283081055 393
1761840033961 0.34713611006736755 394
1761840034039 0.34700411558151245 395
1761840034117 0.34700441360473633 396
1761840034195 0.3469374179840088 397
1761840034272 0.3467128276824951 398
1761840034345 0.3467065989971161 399
1761840034421 0.34664130210876465 400
