1761840005155 1.6185413599014282 0
1761840005230 1.9981367588043213 1
1761840005307 1.7462577819824219 2
1761840005382 0.9725641012191772 3
1761840005454 1.5483707189559937 4
1761840005525 1.9399739503860474 5
1761840005596 0.9645593166351318 6
1761840005669 1.0714232921600342 7
1761840005741 1.4091062545776367 8
1761840005813 1.2879983186721802 9
1761840005885 1.349984049797058 10
1761840005956 1.0694034099578857 11
1761840006027 0.3544232249259949 12
1761840006100 1.130787968635559 13
1761840006171 1.350775957107544 14
1761840006242 1.9560356140136719 15
1761840006313 1.537775993347168 16
1761840006381 0.7352874279022217 17
1761840006451 0.45928359031677246 18
1761840006523 0.5125380754470825 19
1761840006592 0.07461047172546387 20
1761840006663 1.2845807075500488 21
1761840006734 0.8013878464698792 22
1761840006804 0.783463716506958 23
1761840006872 1.321313500404358 24
1761840006943 0.29817476868629456 25
1761840007013 0.8841474056243896 26
1761840007085 0.5099256634712219 27
1761840007154 1.0694409608840942 28
1761840007225 1.3497707843780518 29
1761840007299 0.39784106612205505 30
1761840007379 0.42515015602111816 31
1761840007453 0.9278468489646912 32
1761840007525 1.2713168859481812 33
1761840007595 0.2839578092098236 34
1761840007667 0.5106868743896484 35
1761840007754 0.6089911460876465 36
1761840007827 0.974937915802002 37
1761840007902 1.2314091920852661 38
1761840007977 0.9147560596466064 39
1761840008050 0.4283546805381775 40
1761840008122 0.5511326193809509 41
1761840008195 0.06729068607091904 42
1761840008267 0.37412798404693604 43
1761840008338 0.3851815462112427 44
1761840008409 0.3656516969203949 45
1761840008487 0.7281908392906189 46
1761840008559 0.16521528363227844 47
1761840008631 0.04749184846878052 48
1761840008699 0.24031876027584076 49
1761840008768 1.5770097970962524 50
1761840008839 0.22410407662391663 51
1761840008910 1.9398081302642822 52
1761840008981 0.1464567929506302 53
1761840009052 0.36943337321281433 54
1761840009123 0.07452426105737686 55
1761840009192 1.3007992506027222 56
1761840009263 0.043519847095012665 57
1761840009334 0.41881319880485535 58
1761840009406 1.0029336214065552 59
1761840009478 0.7931194305419922 60
1761840009550 0.9703688621520996 61
1761840009620 2.1980628967285156 62
1761840009696 0.886383056640625 63
1761840009768 2.462557792663574 64
1761840009840 1.1053980588912964 65
1761840009910 0.5276186466217041 66
1761840009982 0.15320730209350586 67
1761840010054 0.4581061005592346 68
1761840010124 0.21407273411750793 69
1761840010199 0.5361362099647522 70
1761840010273 0.7713332772254944 71
1761840010347 0.22748851776123047 72
1761840010420 0.8158087730407715 73
1761840010493 0.10075464844703674 74
1761840010565 0.09391861408948898 75
1761840010637 0.3036740720272064 76
1761840010707 1.0413023233413696 77
1761840010779 0.04511373117566109 78
1761840010849 1.1715192794799805 79
1761840010920 0.3144221305847168 80
1761840010992 1.1032538414001465 81
1761840011065 1.6264325380325317 82
1761840011138 0.33294805884361267 83
1761840011212 1.0040231943130493 84
1761840011285 0.486103892326355 85
1761840011359 1.486373782157898 86
1761840011432 0.3100958466529846 87
1761840011503 0.1302066296339035 88
1761840011575 0.46933281421661377 89
1761840011643 0.5616134405136108 90
1761840011716 0.2944728434085846 91
1761840011789 0.3276312053203583 92
1761840011861 0.2554609179496765 93
1761840011932 1.3006259202957153 94
1761840012003 0.9292446374893188 95
1761840012075 0.45543721318244934 96
1761840012149 0.45665040612220764 97
1761840012223 0.5379279851913452 98
1761840012295 0.23448383808135986 99
1761840012367 0.0701528862118721 100
1761840012436 0.18236157298088074 101
1761840012505 1.2484865188598633 102
1761840012576 0.3172173500061035 103
1761840012650 0.21161499619483948 104
1761840012723 0.3099740147590637 105
1761840012794 0.19913870096206665 106
1761840012866 0.3900390565395355 107
1761840012937 0.035888999700546265 108
1761840013010 0.158553808927536 109
1761840013081 0.5636805891990662 110
1761840013152 0.3029383718967438 111
1761840013229 0.2597159445285797 112
1761840013303 0.11511451005935669 113
1761840013377 0.33503851294517517 114
1761840013450 0.04675164818763733 115
1761840013523 0.7518311142921448 116
1761840013594 0.6030213236808777 117
1761840013666 1.377261757850647 118
1761840013737 0.3543013334274292 119
1761840013809 0.14608776569366455 120
1761840013880 0.11155802756547928 121
1761840013952 0.9832432270050049 122
1761840014025 0.43097203969955444 123
1761840014098 0.9894670248031616 124
1761840014170 1.948638916015625 125
1761840014241 0.799379825592041 126
1761840014312 1.1950100660324097 127
1761840014384 1.0992153882980347 128
1761840014457 0.07158440351486206 129
1761840014530 0.6591179370880127 130
1761840014603 0.766736626625061 131
1761840014674 0.17263533174991608 132
1761840014748 0.5474985241889954 133
1761840014819 0.2362951934337616 134
1761840014891 0.3411361873149872 135
1761840014961 0.0672157034277916 136
1761840015031 1.5264577865600586 137
1761840015104 0.41816896200180054 138
1761840015174 0.4392368495464325 139
1761840015245 0.3522590696811676 140
1761840015317 0.15300188958644867 141
1761840015388 0.4283958673477173 142
1761840015459 0.09493724256753922 143
1761840015531 0.5105893015861511 144
1761840015603 0.9670799970626831 145
1761840015675 0.3436107039451599 146
1761840015746 0.9971426129341125 147
1761840015818 0.4397052526473999 148
1761840015889 0.07947352528572083 149
1761840015961 0.436447411775589 150
1761840016035 1.074647307395935 151
1761840016107 0.39016738533973694 152
1761840016180 0.5254412293434143 153
1761840016252 0.36568865180015564 154
1761840016325 0.3452620804309845 155
1761840016397 0.3243280053138733 156
1761840016470 1.005900502204895 157
1761840016541 0.40201786160469055 158
1761840016615 0.2916959226131439 159
1761840016686 0.4191651940345764 160
1761840016759 0.5806524753570557 161
1761840016831 0.5120625495910645 162
1761840016902 0.47076544165611267 163
1761840016975 0.7097664475440979 164
1761840017047 1.0075170993804932 165
1761840017121 0.4309183657169342 166
1761840017194 0.30976301431655884 167
1761840017266 0.9978699684143066 168
1761840017339 0.08743344992399216 169
1761840017413 0.6637516617774963 170
1761840017485 1.4294227361679077 171
1761840017557 0.7120628356933594 172
1761840017630 0.9676491022109985 173
1761840017703 0.6267962455749512 174
1761840017775 1.2351657152175903 175
1761840017848 0.7302089929580688 176
1761840017920 0.5653359293937683 177
1761840017993 0.35812312364578247 178
1761840018063 0.08097559213638306 179
1761840018135 0.03436829522252083 180
1761840018206 1.121680498123169 181
1761840018279 0.07597893476486206 182
1761840018352 0.19133010506629944 183
1761840018424 0.3633204400539398 184
1761840018499 0.7716732621192932 185
1761840018572 0.1663866639137268 186
1761840018644 0.5926965475082397 187
1761840018715 0.1356569081544876 188
1761840018791 1.3849798440933228 189
1761840018870 0.16965742409229279 190
1761840018941 0.13703298568725586 191
1761840019013 0.37421494722366333 192
1761840019087 1.64591383934021 193
1761840019161 0.6924710273742676 194
1761840019234 0.4966302812099457 195
1761840019306 0.20903587341308594 196
1761840019378 2.5352814197540283 197
1761840019451 0.47916507720947266 198
1761840019523 1.1230087280273438 199
1761840019596 0.6904608607292175 200
1761840019670 0.8121720552444458 201
1761840019748 0.3567335903644562 202
1761840019831 0.47023358941078186 203
1761840019910 0.30352649092674255 204
1761840019988 1.861793041229248 205
1761840020060 0.20404408872127533 206
1761840020134 0.7768895626068115 207
1761840020205 0.2555200457572937 208
1761840020279 0.8408117294311523 209
1761840020361 0.3560245931148529 210
1761840020441 0.11197146773338318 211
1761840020516 0.2670381963253021 212
1761840020590 0.1484721153974533 213
1761840020663 0.365499347448349 214
1761840020736 0.4905460476875305 215
1761840020806 0.17711728811264038 216
1761840020879 1.0508092641830444 217
1761840020952 0.035705726593732834 218
1761840021025 0.8640117049217224 219
1761840021098 0.0506049245595932 220
1761840021171 0.1533198058605194 221
1761840021244 0.5559701919555664 222
1761840021316 0.9560638070106506 223
1761840021390 0.17042866349220276 224
1761840021462 0.3496382534503937 225
1761840021534 0.4594666361808777 226
1761840021605 0.9675132036209106 227
1761840021679 0.9088883399963379 228
1761840021752 0.25536054372787476 229
1761840021824 0.5949361324310303 230
1761840021896 0.14662402868270874 231
1761840021968 0.10247938334941864 232
1761840022039 0.6803820133209229 233
1761840022114 0.2346644550561905 234
1761840022187 0.06565970182418823 235
1761840022260 0.36996060609817505 236
1761840022333 0.45177215337753296 237
1761840022406 0.3174455761909485 238
1761840022477 0.4277862012386322 239
1761840022550 0.5026942491531372 240
1761840022622 0.4935273230075836 241
1761840022695 1.190295696258545 242
1761840022767 0.24159418046474457 243
1761840022838 0.5426545739173889 244
1761840022912 0.3539348840713501 245
1761840022985 0.5013726949691772 246
1761840023057 0.36247432231903076 247
1761840023130 1.3211256265640259 248
1761840023203 0.259988009929657 249
1761840023275 0.15195275843143463 250
1761840023348 0.6901498436927795 251
1761840023420 0.8532384634017944 252
1761840023492 0.06887103617191315 253
1761840023562 1.3709646463394165 254
1761840023636 0.2670080065727234 255
1761840023707 0.17001430690288544 256
1761840023780 0.7136751413345337 257
1761840023854 0.5235356092453003 258
1761840023928 0.3478070795536041 259
1761840024001 0.48268526792526245 260
1761840024075 1.648961067199707 261
1761840024150 0.6444664597511292 262
1761840024223 0.474274605512619 263
1761840024293 0.8236533999443054 264
1761840024365 0.095009945333004 265
1761840024438 0.06982883810997009 266
1761840024512 0.2554098665714264 267
1761840024585 0.25130757689476013 268
1761840024658 0.4437991976737976 269
1761840024732 0.2186947613954544 270
1761840024804 0.33278363943099976 271
1761840024877 0.2159319370985031 272
1761840024956 1.2407804727554321 273
1761840025038 0.4857003688812256 274
1761840025116 0.5709151029586792 275
1761840025192 0.16842949390411377 276
1761840025267 0.09949005395174026 277
1761840025340 0.12902440130710602 278
1761840025413 1.196555733680725 279
1761840025483 0.6937302947044373 280
1761840025554 0.07502290606498718 281
1761840025628 0.538702666759491 282
1761840025699 0.16366885602474213 283
1761840025771 0.2634926438331604 284
1761840025846 1.413037657737732 285
1761840025920 0.0746384710073471 286
1761840025993 1.0875173807144165 287
1761840026067 0.8525257706642151 288
1761840026142 0.15388424694538116 289
1761840026215 0.7776935696601868 290
1761840026290 0.3392454981803894 291
1761840026363 0.24243076145648956 292
1761840026437 0.03601629287004471 293
1761840026511 1.233545184135437 294
1761840026585 0.29588693380355835 295
1761840026659 0.26637008786201477 296
1761840026731 0.17209388315677643 297
1761840026805 0.5295760035514832 298
1761840026876 0.4527318775653839 299
1761840026951 0.33447012305259705 300
1761840027024 0.9199502468109131 301
1761840027097 1.007971167564392 302
1761840027172 0.3547624945640564 303
1761840027250 0.26346537470817566 304
1761840027324 0.356808066368103 305
1761840027399 0.8489847183227539 306
1761840027473 0.4085769057273865 307
1761840027545 0.8310657739639282 308
1761840027619 0.5832021832466125 309
1761840027692 0.1855391561985016 310
1761840027766 0.9570569396018982 311
1761840027839 0.04527914151549339 312
1761840027912 0.38238704204559326 313
1761840027985 1.1972293853759766 314
1761840028060 0.2494543343782425 315
1761840028135 0.208168625831604 316
1761840028210 0.8746451139450073 317
1761840028285 0.9406599402427673 318
1761840028358 0.5813436508178711 319
1761840028429 0.05825788527727127 320
1761840028504 0.3626815676689148 321
1761840028580 0.3298857510089874 322
1761840028656 0.8209081888198853 323
1761840028730 0.27232226729393005 324
1761840028803 0.3575460910797119 325
1761840028876 0.38038140535354614 326
1761840028951 0.3833538293838501 327
1761840029024 0.33790257573127747 328
1761840029099 0.9463691115379333 329
1761840029174 0.36411717534065247 330
1761840029248 1.4194622039794922 331
1761840029320 0.20410192012786865 332
1761840029395 0.3590906858444214 333
1761840029469 0.40979817509651184 334
1761840029543 0.35679543018341064 335
1761840029616 1.488154411315918 336
1761840029689 0.6556728482246399 337
1761840029764 1.171766757965088 338
1761840029836 0.9812507629394531 339
1761840029911 0.20386508107185364 340
1761840029983 0.12495338916778564 341
1761840030059 0.7915040254592896 342
1761840030135 0.3961303234100342 343
1761840030209 1.4623959064483643 344
1761840030282 0.6185449361801147 345
1761840030356 0.1654941439628601 346
1761840030430 0.40064290165901184 347
1761840030504 0.5792498588562012 348
1761840030579 0.7431231737136841 349
1761840030653 0.5199424028396606 350
1761840030728 0.9777131676673889 351
1761840030802 0.044652584940195084 352
1761840030876 0.3471766710281372 353
1761840030949 0.21097919344902039 354
1761840031023 0.09665858745574951 355
1761840031099 0.1559784710407257 356
1761840031173 0.12617473304271698 357
1761840031246 0.49636125564575195 358
1761840031320 0.9218741655349731 359
1761840031395 0.8155848979949951 360
1761840031468 0.47156158089637756 361
1761840031542 0.400030255317688 362
1761840031618 0.7490115761756897 363
1761840031693 0.8662518262863159 364
1761840031766 0.4025155305862427 365
1761840031841 0.83574378490448 366
1761840031914 0.6415892839431763 367
1761840031989 0.1337350606918335 368
1761840032064 0.5325700044631958 369
1761840032138 0.4749327301979065 370
1761840032213 0.04352915659546852 371
1761840032288 0.36579084396362305 372
1761840032363 0.42560631036758423 373
1761840032438 0.46790391206741333 374
1761840032512 0.2414451241493225 375
1761840032587 0.6137488484382629 376
1761840032660 0.18612512946128845 377
1761840032735 0.6381997466087341 378
1761840032811 1.234175682067871 379
1761840032884 0.4818889796733856 380
1761840032958 0.14640557765960693 381
1761840033035 0.3824651539325714 382
1761840033110 0.33123961091041565 383
1761840033188 0.22686825692653656 384
1761840033261 0.8167497515678406 385
1761840033337 0.09460058808326721 386
1761840033425 0.1432289481163025 387
1761840033506 0.5567280650138855 388
1761840033586 0.13849210739135742 389
1761840033664 1.8386622667312622 390
1761840033740 0.14503391087055206 391
1761840033814 0.040191762149333954 392
1761840033890 0.39830002188682556 393
1761840033961 0.2335250973701477 394
1761840034039 2.0272297859191895 395
1761840034117 1.0700799226760864 396
1761840034195 0.41103237867355347 397
1761840034272 0.4094999134540558 398
1761840034345 1.440316915512085 399
1761840034421 0.17351330816745758 400
