1762792798430 1.688193917274475 0
1762792798521 1.4839116334915161 1
1762792798616 1.39866304397583 2
1762792798709 1.3096328973770142 3
1762792798800 1.2499078512191772 4
1762792798891 1.1891356706619263 5
1762792798984 1.14915132522583 6
1762792799078 1.1025768518447876 7
1762792799170 1.0635406970977783 8
1762792799265 1.033864140510559 9
1762792799360 1.0014946460723877 10
1762792799453 0.9711259007453918 11
1762792799544 0.9515526294708252 12
1762792799636 0.9317640662193298 13
1762792799729 0.9080813527107239 14
1762792799822 0.8928117156028748 15
1762792799913 0.8765054941177368 16
1762792800004 0.8604506254196167 17
1762792800097 0.8432402014732361 18
1762792800188 0.8257333636283875 19
1762792800286 0.8119136095046997 20
1762792800390 0.8022142648696899 21
1762792800492 0.791337788105011 22
1762792800607 0.7769547700881958 23
