1762792798430 1.3442726135253906 0
1762792798521 1.1034890413284302 1
1762792798616 1.796476125717163 2
1762792798709 1.7761571407318115 3
1762792798800 1.2754344940185547 4
1762792798891 1.1874207258224487 5
1762792798984 0.8954171538352966 6
1762792799078 0.5957257151603699 7
1762792799170 0.4522382318973541 8
1762792799265 0.7508262395858765 9
1762792799360 0.7919127941131592 10
1762792799453 0.8787051439285278 11
1762792799544 0.44918835163116455 12
1762792799636 0.44258981943130493 13
1762792799729 0.8190299868583679 14
1762792799822 1.59085214138031 15
1762792799913 0.33959537744522095 16
1762792800004 0.8888397812843323 17
1762792800097 0.2679159939289093 18
1762792800188 0.9080843329429626 19
1762792800286 0.49916642904281616 20
1762792800390 0.7443186640739441 21
1762792800492 0.3730441629886627 22
1762792800607 0.7206058502197266 23
