1762793223866 1.762925624847412 0
1762793223962 1.5497925281524658 1
1762793224057 1.4128741025924683 2
1762793224149 1.3461761474609375 3
1762793224242 1.2851918935775757 4
1762793224336 1.2243744134902954 5
1762793224429 1.1809329986572266 6
1762793224522 1.1339534521102905 7
1762793224613 1.0959676504135132 8
1762793224704 1.0603371858596802 9
1762793224794 1.0352048873901367 10
1762793224886 1.00634765625 11
1762793224977 0.976589560508728 12
1762793225074 0.956751823425293 13
1762793225162 0.9393635988235474 14
1762793225253 0.9188296794891357 15
1762793225344 0.899153470993042 16
1762793225435 0.8861958980560303 17
1762793225525 0.869347095489502 18
1762793225621 0.8535938858985901 19
1762793225712 0.837885856628418 20
1762793225803 0.8244925141334534 21
1762793225896 0.8119305372238159 22
1762793225991 0.7999316453933716 23
1762793226082 0.7876337766647339 24
1762793226174 0.7775259017944336 25
1762793226265 0.7686968445777893 26
1762793226355 0.757554292678833 27
