1762793223866 1.3392966985702515 0
1762793223962 1.7416155338287354 1
1762793224057 1.2899640798568726 2
1762793224149 0.8598870635032654 3
1762793224242 0.9832575917243958 4
1762793224336 1.2969496250152588 5
1762793224429 0.9646914601325989 6
1762793224522 0.501612663269043 7
1762793224613 0.9662653207778931 8
1762793224704 1.2020061016082764 9
1762793224794 0.5352969169616699 10
1762793224886 0.7790133357048035 11
1762793224977 0.4453626871109009 12
1762793225074 0.7717609405517578 13
1762793225162 1.1550043821334839 14
1762793225253 0.6246547102928162 15
1762793225344 0.3380923271179199 16
1762793225435 0.3611012399196625 17
1762793225525 0.3946879804134369 18
1762793225621 0.3056832253932953 19
1762793225712 0.23773112893104553 20
1762793225803 0.6097956895828247 21
1762793225896 0.4313478469848633 22
1762793225991 0.3026520013809204 23
1762793226082 0.5720760226249695 24
1762793226174 0.14134560525417328 25
1762793226265 0.6282467842102051 26
1762793226355 0.5103582143783569 27
