1762792736138 2.0980072021484375 0
1762792736230 1.9103233814239502 1
1762792736323 1.7764780521392822 2
1762792736415 1.6739888191223145 3
1762792736506 1.5978838205337524 4
1762792736597 1.531551718711853 5
1762792736688 1.4779635667800903 6
1762792736778 1.4333361387252808 7
1762792736869 1.3893764019012451 8
1762792736960 1.348883032798767 9
1762792737052 1.3119306564331055 10
1762792737152 1.2803674936294556 11
1762792737245 1.2467896938323975 12
1762792737339 1.2190191745758057 13
1762792737432 1.1910831928253174 14
1762792737527 1.1654855012893677 15
1762792737619 1.1404943466186523 16
1762792737710 1.1205754280090332 17
1762792737801 1.099650502204895 18
1762792737892 1.0779677629470825 19
1762792737982 1.0577865839004517 20
1762792738077 1.0401115417480469 21
1762792738173 1.0225424766540527 22
1762792738265 1.0022300481796265 23
1762792738358 0.9857006072998047 24
1762792738451 0.969584047794342 25
1762792738548 0.9551394581794739 26
1762792738647 0.9413080811500549 27
1762792738740 0.9275171160697937 28
1762792738831 0.9133138060569763 29
1762792738924 0.9002075791358948 30
1762792739017 0.8865504264831543 31
1762792739111 0.8749862313270569 32
1762792739206 0.8627439141273499 33
1762792739297 0.8531516194343567 34
1762792739388 0.8407835364341736 35
1762792739479 0.8287832736968994 36
1762792739570 0.8184550404548645 37
1762792739663 0.8083722591400146 38
1762792739754 0.7982112169265747 39
1762792739846 0.788314938545227 40
1762792739938 0.7794278860092163 41
1762792740031 0.7693745493888855 42
1762792740122 0.7601771354675293 43
1762792740213 0.7510036826133728 44
1762792740303 0.7429322004318237 45
1762792740394 0.7352851033210754 46
1762792740485 0.7269691228866577 47
1762792740576 0.7189739346504211 48
1762792740667 0.7103928923606873 49
1762792740757 0.7024453282356262 50
1762792740849 0.6945930123329163 51
1762792740941 0.6875274777412415 52
1762792741030 0.6810154318809509 53
1762792741123 0.6745858192443848 54
1762792741214 0.668052077293396 55
1762792741305 0.6614758372306824 56
