1762792736138 1.7875972986221313 0
1762792736230 1.7712894678115845 1
1762792736323 1.3643993139266968 2
1762792736415 1.618388056755066 3
1762792736506 1.1887298822402954 4
1762792736597 0.8383951187133789 5
1762792736688 0.9088807106018066 6
1762792736778 0.9680041670799255 7
1762792736869 1.0025726556777954 8
1762792736960 1.0659714937210083 9
1762792737052 0.9364328980445862 10
1762792737152 0.9218067526817322 11
1762792737245 0.8235953450202942 12
1762792737339 0.8042545318603516 13
1762792737432 0.7702195048332214 14
1762792737527 0.7738825678825378 15
1762792737619 0.9711042642593384 16
1762792737710 0.599105715751648 17
1762792737801 0.8303462862968445 18
1762792737892 1.1857411861419678 19
1762792737982 0.9076418280601501 20
1762792738077 1.107711672782898 21
1762792738173 0.3835829198360443 22
1762792738265 0.24909460544586182 23
1762792738358 0.2679319381713867 24
1762792738451 0.27642932534217834 25
1762792738548 0.43111246824264526 26
1762792738647 0.7490819692611694 27
1762792738740 0.5016893148422241 28
1762792738831 0.8134845495223999 29
1762792738924 1.2638394832611084 30
1762792739017 1.145543098449707 31
1762792739111 0.21917596459388733 32
1762792739206 0.576357901096344 33
1762792739297 0.31233516335487366 34
1762792739388 1.0524119138717651 35
1762792739479 0.3798312544822693 36
1762792739570 0.8596287369728088 37
1762792739663 0.7408766150474548 38
1762792739754 0.3246029019355774 39
1762792739846 0.22489385306835175 40
1762792739938 0.5170554518699646 41
1762792740031 0.1087765321135521 42
1762792740122 0.07934215664863586 43
1762792740213 0.1892118752002716 44
1762792740303 0.22233262658119202 45
1762792740394 0.6210300922393799 46
1762792740485 0.1870093196630478 47
1762792740576 0.11220218986272812 48
1762792740667 0.36461398005485535 49
1762792740757 0.21824592351913452 50
1762792740849 0.09734193980693817 51
1762792740941 0.11108673363924026 52
1762792741030 0.4213978350162506 53
1762792741123 0.19481296837329865 54
1762792741214 0.7563285827636719 55
1762792741305 0.4904160499572754 56
