1761839820682 1.6722408533096313 0
1761839820736 1.426908254623413 1
1761839820803 1.2885593175888062 2
1761839820861 1.1795778274536133 3
1761839820919 1.0938338041305542 4
1761839820974 1.036706805229187 5
1761839821026 0.990251898765564 6
1761839821080 0.9451320171356201 7
1761839821131 0.9042354226112366 8
1761839821181 0.8704158067703247 9
1761839821234 0.8356153964996338 10
1761839821286 0.8090522885322571 11
1761839821337 0.7801516056060791 12
1761839821387 0.754258930683136 13
1761839821439 0.7315773963928223 14
1761839821490 0.7116999626159668 15
1761839821541 0.6929124593734741 16
1761839821594 0.6736419796943665 17
1761839821647 0.6592414975166321 18
1761839821698 0.6414417624473572 19
1761839821749 0.6259096264839172 20
1761839821799 0.6133074760437012 21
1761839821849 0.5993602275848389 22
1761839821902 0.586235523223877 23
1761839821953 0.5744355320930481 24
1761839822004 0.5643661022186279 25
1761839822056 0.5527220964431763 26
1761839822110 0.5454181432723999 27
1761839822161 0.537588894367218 28
1761839822212 0.5275977253913879 29
