1761839820682 1.8451623916625977 0
1761839820736 1.2986018657684326 1
1761839820803 1.2034729719161987 2
1761839820861 0.9483960866928101 3
1761839820919 2.421809673309326 4
1761839820974 0.20640766620635986 5
1761839821026 0.8859304189682007 6
1761839821080 0.9255074262619019 7
1761839821131 1.318550705909729 8
1761839821181 0.5696842670440674 9
1761839821234 0.46274369955062866 10
1761839821286 0.5621656775474548 11
1761839821337 0.5066274404525757 12
1761839821387 1.4494880437850952 13
1761839821439 0.7086132168769836 14
1761839821490 0.23494181036949158 15
1761839821541 0.6602988243103027 16
1761839821594 0.3287653625011444 17
1761839821647 0.3951106071472168 18
1761839821698 0.9682961702346802 19
1761839821749 1.2675325870513916 20
1761839821799 1.3402727842330933 21
1761839821849 0.096859410405159 22
1761839821902 0.18364617228507996 23
1761839821953 0.8139086961746216 24
1761839822004 0.3796680271625519 25
1761839822056 0.26689109206199646 26
1761839822110 0.5098506212234497 27
1761839822161 0.2599237859249115 28
1761839822212 1.1380363702774048 29
