1763904567911 1.7931948900222778 0
1763904567994 1.581152081489563 1
1763904568078 1.464642882347107 2
1763904568164 1.3696364164352417 3
1763904568249 1.302676796913147 4
1763904568335 1.2497297525405884 5
1763904568419 1.20497465133667 6
1763904568502 1.1565228700637817 7
1763904568586 1.116711974143982 8
1763904568671 1.0844985246658325 9
1763904568755 1.0621293783187866 10
1763904568841 1.0326648950576782 11
1763904568930 1.0098321437835693 12
1763904569014 0.9826864004135132 13
1763904569095 0.9659311175346375 14
1763904569178 0.9430129528045654 15
1763904569262 0.9216721653938293 16
1763904569347 0.9031088352203369 17
1763904569431 0.8837261199951172 18
1763904569515 0.8677587509155273 19
1763904569600 0.8483412265777588 20
1763904569685 0.8360635042190552 21
1763904569773 0.8251519799232483 22
1763904569859 0.8128585815429688 23
1763904569946 0.8019413352012634 24
1763904570030 0.7907520532608032 25
1763904570115 0.7827820181846619 26
1763904570198 0.7717540860176086 27
1763904570283 0.7625885605812073 28
1763904570367 0.7543207406997681 29
1763904570452 0.7460336685180664 30
1763904570536 0.736554741859436 31
1763904570618 0.728530764579773 32
1763904570700 0.7203545570373535 33
1763904570785 0.7105220556259155 34
1763904570869 0.7021673917770386 35
1763904570954 0.694517970085144 36
1763904571041 0.6860461831092834 37
1763904571125 0.6793249845504761 38
1763904571208 0.6732110977172852 39
1763904571291 0.6668396592140198 40
1763904571375 0.658781111240387 41
1763904571461 0.652300238609314 42
1763904571545 0.6439526081085205 43
1763904571630 0.6370314359664917 44
1763904571714 0.6301020383834839 45
1763904571797 0.6230108141899109 46
1763904571882 0.6159632205963135 47
1763904571967 0.6092011332511902 48
1763904572051 0.6015981435775757 49
1763904572134 0.5956246256828308 50
1763904572221 0.5893434882164001 51
1763904572304 0.5833497643470764 52
1763904572389 0.5775362253189087 53
1763904572471 0.5718207955360413 54
1763904572554 0.5661637187004089 55
1763904572638 0.561703085899353 56
1763904572721 0.5561447143554688 57
1763904572805 0.5510589480400085 58
1763904572891 0.5464435815811157 59
1763904572975 0.5412774682044983 60
1763904573059 0.5363582372665405 61
1763904573143 0.531934380531311 62
1763904573227 0.5275328159332275 63
1763904573312 0.5230477452278137 64
1763904573397 0.5192951560020447 65
1763904573481 0.515475869178772 66
1763904573564 0.5117402672767639 67
1763904573648 0.5075974464416504 68
1763904573733 0.5039639472961426 69
1763904573820 0.5007724165916443 70
1763904573914 0.49753567576408386 71
1763904574006 0.4949285686016083 72
1763904574098 0.49166661500930786 73
1763904574185 0.4885050356388092 74
1763904574270 0.48578178882598877 75
1763904574357 0.48326003551483154 76
1763904574445 0.48034462332725525 77
1763904574534 0.47699177265167236 78
1763904574623 0.4743087887763977 79
1763904574707 0.47154876589775085 80
1763904574794 0.4690932333469391 81
1763904574880 0.4666889011859894 82
1763904574964 0.46434640884399414 83
1763904575049 0.4617956578731537 84
1763904575133 0.4593938887119293 85
1763904575218 0.4570908844470978 86
1763904575303 0.4544287323951721 87
1763904575390 0.45209985971450806 88
1763904575477 0.4499207139015198 89
1763904575562 0.4480028748512268 90
1763904575647 0.44605836272239685 91
1763904575733 0.4443315267562866 92
1763904575817 0.44255372881889343 93
1763904575901 0.440601110458374 94
1763904575985 0.43885859847068787 95
1763904576070 0.43757832050323486 96
1763904576156 0.43573930859565735 97
1763904576240 0.43388429284095764 98
1763904576325 0.4317331612110138 99
1763904576411 0.4297785758972168 100
1763904576496 0.42781737446784973 101
1763904576581 0.4261435866355896 102
1763904576668 0.4248216450214386 103
1763904576754 0.4237425625324249 104
1763904576841 0.42180564999580383 105
1763904576926 0.42024290561676025 106
1763904577009 0.41889920830726624 107
1763904577095 0.4174808859825134 108
1763904577181 0.41571786999702454 109
1763904577267 0.4141904413700104 110
1763904577352 0.41286471486091614 111
1763904577437 0.4114987850189209 112
1763904577522 0.4099879264831543 113
1763904577606 0.4087879955768585 114
1763904577690 0.4075576663017273 115
1763904577776 0.4065498113632202 116
1763904577862 0.4051278531551361 117
1763904577946 0.4042360782623291 118
1763904578030 0.40275445580482483 119
1763904578114 0.401461660861969 120
1763904578199 0.40057089924812317 121
1763904578285 0.399294376373291 122
1763904578370 0.3986417353153229 123
1763904578455 0.3973962664604187 124
1763904578541 0.3965926170349121 125
1763904578627 0.3952845633029938 126
1763904578712 0.39402836561203003 127
1763904578798 0.3929104804992676 128
1763904578885 0.39194968342781067 129
1763904578974 0.3906625807285309 130
1763904579060 0.3894415497779846 131
1763904579144 0.3883912265300751 132
1763904579228 0.38729414343833923 133
1763904579316 0.38633841276168823 134
1763904579402 0.3853031396865845 135
1763904579489 0.3844038248062134 136
1763904579575 0.38324159383773804 137
1763904579662 0.3823865056037903 138
1763904579746 0.3814983665943146 139
1763904579831 0.38063111901283264 140
1763904579916 0.37961912155151367 141
1763904580001 0.37886643409729004 142
1763904580088 0.37791669368743896 143
1763904580172 0.3770856559276581 144
1763904580258 0.3764941692352295 145
1763904580344 0.3754575252532959 146
1763904580427 0.3749699592590332 147
1763904580514 0.3740865886211395 148
1763904580600 0.37353482842445374 149
1763904580685 0.3728694021701813 150
1763904580772 0.3722149729728699 151
1763904580859 0.37167254090309143 152
1763904580945 0.37097030878067017 153
1763904581030 0.3704467713832855 154
1763904581116 0.3697296380996704 155
1763904581200 0.36882340908050537 156
1763904581286 0.3680064082145691 157
1763904581370 0.36723098158836365 158
1763904581457 0.36630192399024963 159
1763904581542 0.36576753854751587 160
1763904581628 0.3649636507034302 161
1763904581713 0.36440566182136536 162
1763904581800 0.36353006958961487 163
1763904581886 0.36291489005088806 164
1763904581972 0.3622901141643524 165
1763904582057 0.3617403209209442 166
1763904582143 0.3609270453453064 167
1763904582228 0.360300749540329 168
1763904582316 0.35949283838272095 169
1763904582402 0.35867658257484436 170
1763904582489 0.35781222581863403 171
1763904582575 0.35720106959342957 172
1763904582660 0.35673215985298157 173
1763904582746 0.3561338782310486 174
1763904582831 0.3555428981781006 175
1763904582916 0.35490304231643677 176
1763904583002 0.35440894961357117 177
1763904583089 0.353839248418808 178
1763904583175 0.35346829891204834 179
1763904583260 0.3529971241950989 180
1763904583346 0.35226523876190186 181
1763904583433 0.35189175605773926 182
1763904583518 0.35146260261535645 183
1763904583604 0.35100188851356506 184
1763904583689 0.35041922330856323 185
1763904583776 0.34987542033195496 186
1763904583862 0.3492422103881836 187
1763904583949 0.3488018810749054 188
1763904584036 0.3484679162502289 189
1763904584122 0.34783390164375305 190
1763904584207 0.3475891649723053 191
1763904584294 0.3470897972583771 192
1763904584381 0.34645459055900574 193
1763904584466 0.34603041410446167 194
1763904584554 0.3455570638179779 195
1763904584641 0.3451184928417206 196
1763904584726 0.3445753753185272 197
1763904584813 0.3441999852657318 198
1763904584901 0.3437681198120117 199
1763904584986 0.34320059418678284 200
1763904585073 0.342952698469162 201
1763904585160 0.34267497062683105 202
1763904585250 0.3423304557800293 203
1763904585338 0.34187591075897217 204
1763904585425 0.3415265679359436 205
1763904585513 0.3410852551460266 206
1763904585597 0.34083443880081177 207
1763904585684 0.340496689081192 208
1763904585768 0.34018221497535706 209
1763904585856 0.339852899312973 210
1763904585943 0.33947819471359253 211
1763904586029 0.3390810489654541 212
1763904586115 0.33885207772254944 213
1763904586201 0.33857813477516174 214
1763904586288 0.33816856145858765 215
1763904586373 0.3378521203994751 216
1763904586460 0.3374426066875458 217
1763904586548 0.33726954460144043 218
1763904586634 0.3369562327861786 219
1763904586720 0.33653706312179565 220
1763904586806 0.336051344871521 221
1763904586893 0.33552780747413635 222
1763904586981 0.3351433575153351 223
1763904587066 0.334764301776886 224
1763904587153 0.33452293276786804 225
1763904587241 0.33410534262657166 226
1763904587330 0.33376070857048035 227
1763904587418 0.3334115743637085 228
1763904587503 0.3332124948501587 229
1763904587589 0.33290308713912964 230
1763904587676 0.3325677812099457 231
1763904587762 0.33227604627609253 232
1763904587850 0.33192259073257446 233
1763904587937 0.33168965578079224 234
1763904588024 0.33118104934692383 235
1763904588111 0.3310292065143585 236
1763904588198 0.33079537749290466 237
1763904588285 0.3303808271884918 238
1763904588372 0.3300122320652008 239
1763904588459 0.3295994699001312 240
1763904588548 0.32936203479766846 241
1763904588635 0.32918521761894226 242
1763904588722 0.3289298415184021 243
1763904588807 0.32865896821022034 244
1763904588895 0.3283997178077698 245
1763904588983 0.32806652784347534 246
1763904589073 0.32768532633781433 247
1763904589161 0.32729342579841614 248
1763904589248 0.3271121382713318 249
1763904589335 0.3266908526420593 250
1763904589423 0.32641419768333435 251
1763904589510 0.3261954188346863 252
1763904589597 0.32598820328712463 253
1763904589684 0.32553234696388245 254
1763904589772 0.32527387142181396 255
1763904589859 0.3251357078552246 256
1763904589947 0.32483935356140137 257
1763904590034 0.3245646059513092 258
1763904590123 0.3243045508861542 259
1763904590210 0.32407671213150024 260
1763904590299 0.32371458411216736 261
1763904590386 0.3235553503036499 262
1763904590474 0.3233041763305664 263
1763904590561 0.32315537333488464 264
1763904590650 0.32304278016090393 265
1763904590736 0.3227398097515106 266
1763904590822 0.32261762022972107 267
1763904590908 0.3224261999130249 268
1763904590998 0.32205989956855774 269
1763904591090 0.32175230979919434 270
1763904591180 0.3215073049068451 271
1763904591271 0.32133662700653076 272
1763904591359 0.3211546540260315 273
1763904591451 0.32096067070961 274
1763904591541 0.3208157420158386 275
1763904591633 0.32060879468917847 276
1763904591723 0.3203958570957184 277
1763904591812 0.3202072083950043 278
1763904591902 0.31998714804649353 279
1763904591993 0.3196203410625458 280
1763904592084 0.3194034993648529 281
1763904592175 0.31920620799064636 282
1763904592263 0.3190690279006958 283
1763904592353 0.31894567608833313 284
1763904592444 0.3185548484325409 285
1763904592532 0.3183472156524658 286
1763904592619 0.31808510422706604 287
1763904592708 0.3177606463432312 288
1763904592793 0.31765398383140564 289
1763904592880 0.31737953424453735 290
1763904592972 0.3170764446258545 291
1763904593058 0.31696826219558716 292
1763904593144 0.316575288772583 293
1763904593230 0.31627631187438965 294
1763904593316 0.31608524918556213 295
1763904593405 0.31596770882606506 296
1763904593494 0.31569716334342957 297
1763904593587 0.3155341148376465 298
1763904593677 0.3154667019844055 299
1763904593764 0.3151743412017822 300
1763904593851 0.31486615538597107 301
1763904593938 0.31462541222572327 302
1763904594037 0.31451380252838135 303
1763904594128 0.31417325139045715 304
1763904594218 0.31398263573646545 305
1763904594306 0.31374484300613403 306
1763904594395 0.3136374056339264 307
1763904594482 0.31336528062820435 308
1763904594570 0.31316325068473816 309
1763904594657 0.31307080388069153 310
1763904594745 0.31277430057525635 311
1763904594834 0.31264057755470276 312
1763904594923 0.3123585879802704 313
1763904595011 0.312145859003067 314
1763904595099 0.31193235516548157 315
1763904595187 0.311763733625412 316
1763904595275 0.31166791915893555 317
1763904595363 0.31141379475593567 318
1763904595451 0.3111788332462311 319
1763904595540 0.3110054135322571 320
1763904595627 0.31094247102737427 321
1763904595713 0.3107379078865051 322
1763904595802 0.31050172448158264 323
1763904595889 0.3103312849998474 324
1763904595976 0.31019076704978943 325
1763904596064 0.3100898861885071 326
1763904596151 0.3098372220993042 327
1763904596238 0.3097366392612457 328
1763904596327 0.3095494508743286 329
1763904596415 0.30935344099998474 330
1763904596503 0.3091042935848236 331
1763904596591 0.30900701880455017 332
1763904596678 0.30879953503608704 333
1763904596766 0.30860766768455505 334
1763904596853 0.30839845538139343 335
1763904596940 0.30822262167930603 336
1763904597031 0.30811771750450134 337
1763904597120 0.30786070227622986 338
1763904597209 0.30761823058128357 339
1763904597301 0.3075340986251831 340
1763904597390 0.3072919249534607 341
1763904597478 0.307137131690979 342
1763904597567 0.30700844526290894 343
1763904597654 0.30674856901168823 344
1763904597742 0.3066258728504181 345
1763904597830 0.3064251244068146 346
1763904597917 0.30624133348464966 347
1763904598006 0.3061203062534332 348
1763904598096 0.30602481961250305 349
1763904598184 0.30586889386177063 350
1763904598272 0.30571070313453674 351
1763904598360 0.3055756092071533 352
1763904598448 0.30527740716934204 353
1763904598536 0.3051411509513855 354
1763904598625 0.30510109663009644 355
1763904598711 0.3050919473171234 356
1763904598800 0.30494797229766846 357
1763904598887 0.3048635423183441 358
1763904598974 0.3047371804714203 359
1763904599063 0.30459800362586975 360
1763904599159 0.3045634925365448 361
1763904599248 0.3043856918811798 362
1763904599337 0.3042978048324585 363
1763904599424 0.3041127324104309 364
1763904599512 0.3039337694644928 365
1763904599599 0.3037271201610565 366
1763904599687 0.30367395281791687 367
1763904599775 0.3034745156764984 368
1763904599863 0.30324819684028625 369
1763904599950 0.3030475378036499 370
1763904600039 0.30296966433525085 371
1763904600126 0.30293163657188416 372
1763904600214 0.3026964068412781 373
1763904600304 0.3025892376899719 374
1763904600393 0.30242761969566345 375
1763904600482 0.3022850751876831 376
1763904600571 0.3021129369735718 377
1763904600660 0.30198782682418823 378
1763904600747 0.30182722210884094 379
1763904600836 0.3016382157802582 380
1763904600924 0.3015384078025818 381
1763904601012 0.3013462424278259 382
1763904601101 0.3012027144432068 383
1763904601191 0.301069438457489 384
1763904601280 0.30090928077697754 385
1763904601368 0.3007868826389313 386
1763904601455 0.30069488286972046 387
1763904601543 0.30062493681907654 388
1763904601635 0.3005235493183136 389
1763904601726 0.30036523938179016 390
1763904601816 0.30035752058029175 391
1763904601904 0.30028802156448364 392
1763904601992 0.3001508414745331 393
1763904602084 0.30006563663482666 394
1763904602173 0.30000224709510803 395
1763904602261 0.3000389039516449 396
1763904602348 0.29999712109565735 397
1763904602437 0.2999825179576874 398
1763904602525 0.2998347878456116 399
1763904602615 0.29975563287734985 400
