1763904567911 1.3662610054016113 0
1763904567994 1.1630417108535767 1
1763904568078 1.8615797758102417 2
1763904568164 0.968010425567627 3
1763904568249 0.8068621158599854 4
1763904568335 1.2177073955535889 5
1763904568419 1.3145688772201538 6
1763904568502 1.2554064989089966 7
1763904568586 1.0087710618972778 8
1763904568671 0.5572201609611511 9
1763904568755 0.8842400908470154 10
1763904568841 0.6141048669815063 11
1763904568930 0.516049325466156 12
1763904569014 0.5845533609390259 13
1763904569095 0.8064661026000977 14
1763904569178 0.5470169186592102 15
1763904569262 0.8374325633049011 16
1763904569347 0.688898503780365 17
1763904569431 0.12244415283203125 18
1763904569515 0.700087308883667 19
1763904569600 0.15617194771766663 20
1763904569685 0.6928818821907043 21
1763904569773 0.9592127799987793 22
1763904569859 0.18619747459888458 23
1763904569946 0.05750845745205879 24
1763904570030 0.5640536546707153 25
1763904570115 1.0408390760421753 26
1763904570198 0.5762133002281189 27
1763904570283 0.41817769408226013 28
1763904570367 0.6764742732048035 29
1763904570452 0.09974426031112671 30
1763904570536 0.8998090624809265 31
1763904570618 1.219220519065857 32
1763904570700 0.7628400325775146 33
1763904570785 0.5597876310348511 34
1763904570869 0.09591429680585861 35
1763904570954 0.3602096140384674 36
1763904571041 0.14142468571662903 37
1763904571125 1.0472489595413208 38
1763904571208 1.0793508291244507 39
1763904571291 0.4934311807155609 40
1763904571375 1.055270791053772 41
1763904571461 0.5952994227409363 42
1763904571545 0.11138314008712769 43
1763904571630 0.18853040039539337 44
1763904571714 0.4755798578262329 45
1763904571797 0.22392906248569489 46
1763904571882 0.3365371525287628 47
1763904571967 0.5352618098258972 48
1763904572051 0.22142086923122406 49
1763904572134 0.327129989862442 50
1763904572221 0.22663231194019318 51
1763904572304 0.05841297283768654 52
1763904572389 0.10586237907409668 53
1763904572471 0.6835379004478455 54
1763904572554 0.3980771005153656 55
1763904572638 0.37367716431617737 56
1763904572721 0.3204006552696228 57
1763904572805 0.32335165143013 58
1763904572891 0.03958810865879059 59
1763904572975 0.24036842584609985 60
1763904573059 0.20045685768127441 61
1763904573143 0.47734689712524414 62
1763904573227 0.019184088334441185 63
1763904573312 0.16970352828502655 64
1763904573397 0.12108392268419266 65
1763904573481 0.19976806640625 66
1763904573564 0.438137412071228 67
1763904573648 0.4461440145969391 68
1763904573733 0.1330634504556656 69
1763904573820 0.10365760326385498 70
1763904573914 0.12006097286939621 71
1763904574006 0.5560943484306335 72
1763904574098 0.16201378405094147 73
1763904574185 0.2916931211948395 74
1763904574270 0.6799767017364502 75
1763904574357 0.23076647520065308 76
1763904574445 0.22657166421413422 77
1763904574534 0.04811996594071388 78
1763904574623 0.19906584918498993 79
1763904574707 0.6106709837913513 80
1763904574794 0.8292412161827087 81
1763904574880 0.05588054656982422 82
1763904574964 0.16422498226165771 83
1763904575049 0.14955459535121918 84
1763904575133 0.6237978339195251 85
1763904575218 0.17320013046264648 86
1763904575303 0.07062744349241257 87
1763904575390 0.14181120693683624 88
1763904575477 0.15427811443805695 89
1763904575562 0.08441105484962463 90
1763904575647 0.7138512134552002 91
1763904575733 0.13886719942092896 92
1763904575817 0.14472995698451996 93
1763904575901 0.1550263613462448 94
1763904575985 0.147685706615448 95
1763904576070 0.2393156737089157 96
1763904576156 0.3785516321659088 97
1763904576240 0.08474572747945786 98
1763904576325 0.11915823817253113 99
1763904576411 0.6057540774345398 100
1763904576496 0.547564685344696 101
1763904576581 0.23827999830245972 102
1763904576668 0.16915981471538544 103
1763904576754 0.4844626486301422 104
1763904576841 0.22769422829151154 105
1763904576926 0.4495384395122528 106
1763904577009 0.4623936712741852 107
1763904577095 0.2623148262500763 108
1763904577181 0.2233743667602539 109
1763904577267 0.19987718760967255 110
1763904577352 0.3579760491847992 111
1763904577437 0.2961214482784271 112
1763904577522 0.17163245379924774 113
1763904577606 0.5140052437782288 114
1763904577690 0.20736314356327057 115
1763904577776 0.3121219575405121 116
1763904577862 0.49273648858070374 117
1763904577946 0.6579524874687195 118
1763904578030 0.7496488690376282 119
1763904578114 0.0803036168217659 120
1763904578199 1.215344786643982 121
1763904578285 0.1990024298429489 122
1763904578370 1.1443232297897339 123
1763904578455 0.05298002436757088 124
1763904578541 0.0748276337981224 125
1763904578627 0.35854002833366394 126
1763904578712 0.17828373610973358 127
1763904578798 0.3493442237377167 128
1763904578885 0.7908325791358948 129
1763904578974 0.4367692470550537 130
1763904579060 0.1008547767996788 131
1763904579144 0.5047807693481445 132
1763904579228 0.24319683015346527 133
1763904579316 0.6122657656669617 134
1763904579402 0.2596503794193268 135
1763904579489 0.43133631348609924 136
1763904579575 0.3411881625652313 137
1763904579662 0.251384973526001 138
1763904579746 0.1568479984998703 139
1763904579831 0.35821250081062317 140
1763904579916 0.16475974023342133 141
1763904580001 0.181741401553154 142
1763904580088 0.08245547115802765 143
1763904580172 0.4157269299030304 144
1763904580258 0.6236472725868225 145
1763904580344 0.14831089973449707 146
1763904580427 0.15965980291366577 147
1763904580514 0.5145539045333862 148
1763904580600 0.16014613211154938 149
1763904580685 0.42115673422813416 150
1763904580772 0.17314153909683228 151
1763904580859 0.8765983581542969 152
1763904580945 0.4826822280883789 153
1763904581030 0.7598409652709961 154
1763904581116 0.30979064106941223 155
1763904581200 0.2618478238582611 156
1763904581286 0.20533736050128937 157
1763904581370 0.29780253767967224 158
1763904581457 0.07626700401306152 159
1763904581542 0.39539670944213867 160
1763904581628 0.22701430320739746 161
1763904581713 0.40384840965270996 162
1763904581800 0.11878439038991928 163
1763904581886 0.319320410490036 164
1763904581972 0.136638343334198 165
1763904582057 0.07863768190145493 166
1763904582143 0.3665686845779419 167
1763904582228 0.19033028185367584 168
1763904582316 0.3457184135913849 169
1763904582402 0.23844075202941895 170
1763904582489 0.38023605942726135 171
1763904582575 0.19042740762233734 172
1763904582660 0.3545094430446625 173
1763904582746 0.38752660155296326 174
1763904582831 0.15658046305179596 175
1763904582916 0.26520416140556335 176
1763904583002 0.34479978680610657 177
1763904583089 0.6554637551307678 178
1763904583175 1.005999207496643 179
1763904583260 0.22812871634960175 180
1763904583346 0.09250909835100174 181
1763904583433 0.31593942642211914 182
1763904583518 0.04824799671769142 183
1763904583604 0.21719889342784882 184
1763904583689 0.06352607160806656 185
1763904583776 0.06480532884597778 186
1763904583862 0.38032588362693787 187
1763904583949 0.0977221354842186 188
1763904584036 0.789165198802948 189
1763904584122 0.052892427891492844 190
1763904584207 0.07440058887004852 191
1763904584294 0.36898887157440186 192
1763904584381 0.13531146943569183 193
1763904584466 0.6700987815856934 194
1763904584554 0.10049838572740555 195
1763904584641 0.2560754716396332 196
1763904584726 0.46668729186058044 197
1763904584813 0.11711030453443527 198
1763904584901 0.13072459399700165 199
1763904584986 0.05864250659942627 200
1763904585073 0.9671997427940369 201
1763904585160 0.7139356732368469 202
1763904585250 0.9655129313468933 203
1763904585338 0.16864919662475586 204
1763904585425 0.03051203303039074 205
1763904585513 0.32091471552848816 206
1763904585597 0.0418386347591877 207
1763904585684 0.6118181943893433 208
1763904585768 0.07159659266471863 209
1763904585856 0.1520695835351944 210
1763904585943 0.27694466710090637 211
1763904586029 0.44248366355895996 212
1763904586115 0.24620302021503448 213
1763904586201 0.07456186413764954 214
1763904586288 0.29799550771713257 215
1763904586373 0.16062390804290771 216
1763904586460 0.4689861834049225 217
1763904586548 0.5708954930305481 218
1763904586634 0.2920472323894501 219
1763904586720 0.1444966346025467 220
1763904586806 0.3373940885066986 221
1763904586893 0.4385547637939453 222
1763904586981 0.6298180222511292 223
1763904587066 0.5148546099662781 224
1763904587153 0.46009352803230286 225
1763904587241 0.7027614712715149 226
1763904587330 1.0670777559280396 227
1763904587418 0.6440719962120056 228
1763904587503 0.29744401574134827 229
1763904587589 0.24775351583957672 230
1763904587676 0.2539733946323395 231
1763904587762 0.33738812804222107 232
1763904587850 0.38057687878608704 233
1763904587937 0.6570464968681335 234
1763904588024 0.13460345566272736 235
1763904588111 0.4080077111721039 236
1763904588198 0.07748601585626602 237
1763904588285 0.11703449487686157 238
1763904588372 0.1111377477645874 239
1763904588459 0.10515820235013962 240
1763904588548 0.47309133410453796 241
1763904588635 0.6465484499931335 242
1763904588722 0.21962948143482208 243
1763904588807 0.48580583930015564 244
1763904588895 0.3806993067264557 245
1763904588983 0.052566926926374435 246
1763904589073 0.08682030439376831 247
1763904589161 0.29213836789131165 248
1763904589248 0.17565977573394775 249
1763904589335 0.19876812398433685 250
1763904589423 0.8847088813781738 251
1763904589510 0.2917807996273041 252
1763904589597 0.31286171078681946 253
1763904589684 0.31325164437294006 254
1763904589772 0.11662593483924866 255
1763904589859 0.07222907990217209 256
1763904589947 0.14058713614940643 257
1763904590034 1.1220016479492188 258
1763904590123 0.4417116940021515 259
1763904590210 0.12103626132011414 260
1763904590299 0.15815921127796173 261
1763904590386 0.2538406550884247 262
1763904590474 0.06543419510126114 263
1763904590561 0.5061438679695129 264
1763904590650 0.3704681694507599 265
1763904590736 0.16958360373973846 266
1763904590822 0.09286991506814957 267
1763904590908 0.4185338318347931 268
1763904590998 0.6559126973152161 269
1763904591090 0.2526535391807556 270
1763904591180 0.2970849573612213 271
1763904591271 0.15635138750076294 272
1763904591359 0.25521376729011536 273
1763904591451 0.15151101350784302 274
1763904591541 0.5368719696998596 275
1763904591633 0.5304326415061951 276
1763904591723 0.5956984162330627 277
1763904591812 0.10085136443376541 278
1763904591902 0.09260023385286331 279
1763904591993 0.37873831391334534 280
1763904592084 0.19917474687099457 281
1763904592175 0.7387831807136536 282
1763904592263 0.08688753843307495 283
1763904592353 0.5544306039810181 284
1763904592444 0.4563749134540558 285
1763904592532 0.29739150404930115 286
1763904592619 0.2553032338619232 287
1763904592708 0.1854190081357956 288
1763904592793 0.397609144449234 289
1763904592880 0.04620477557182312 290
1763904592972 0.20433706045150757 291
1763904593058 0.6063379645347595 292
1763904593144 0.5578823685646057 293
1763904593230 0.22338785231113434 294
1763904593316 0.431865930557251 295
1763904593405 0.41408464312553406 296
1763904593494 0.2736964821815491 297
1763904593587 0.3282741606235504 298
1763904593677 0.174028679728508 299
1763904593764 0.23645074665546417 300
1763904593851 0.0788067951798439 301
1763904593938 0.2482951134443283 302
1763904594037 0.7750651240348816 303
1763904594128 0.5284865498542786 304
1763904594218 0.07443104684352875 305
1763904594306 0.370444655418396 306
1763904594395 0.13535813987255096 307
1763904594482 0.3653820753097534 308
1763904594570 0.18788905441761017 309
1763904594657 0.7061459422111511 310
1763904594745 0.29188403487205505 311
1763904594834 0.6716563701629639 312
1763904594923 0.2378828525543213 313
1763904595011 0.8060626983642578 314
1763904595099 0.023903863504529 315
1763904595187 0.1255049854516983 316
1763904595275 0.5246691107749939 317
1763904595363 0.11890838295221329 318
1763904595451 0.5457746982574463 319
1763904595540 0.0783955454826355 320
1763904595627 0.0652604028582573 321
1763904595713 0.4951794147491455 322
1763904595802 0.4126690626144409 323
1763904595889 0.8145464062690735 324
1763904595976 0.2680223882198334 325
1763904596064 0.6654415726661682 326
1763904596151 0.04666798934340477 327
1763904596238 0.5342482924461365 328
1763904596327 0.2273189276456833 329
1763904596415 0.7486984729766846 330
1763904596503 0.3473678529262543 331
1763904596591 0.33437618613243103 332
1763904596678 0.18423080444335938 333
1763904596766 0.19082967936992645 334
1763904596853 0.6224727034568787 335
1763904596940 0.17466290295124054 336
1763904597031 0.04302508011460304 337
1763904597120 0.20142962038516998 338
1763904597209 0.2822708785533905 339
1763904597301 0.8426323533058167 340
1763904597390 0.04195823147892952 341
1763904597478 0.17382286489009857 342
1763904597567 0.31152844429016113 343
1763904597654 0.20100007951259613 344
1763904597742 0.40172913670539856 345
1763904597830 0.32030999660491943 346
1763904597917 0.07689177244901657 347
1763904598006 0.10562492161989212 348
1763904598096 0.04958965256810188 349
1763904598184 0.06744977831840515 350
1763904598272 0.08047265559434891 351
1763904598360 0.18956245481967926 352
1763904598448 0.27480122447013855 353
1763904598536 0.24721360206604004 354
1763904598625 0.21029667556285858 355
1763904598711 0.33287960290908813 356
1763904598800 0.23623967170715332 357
1763904598887 0.16565607488155365 358
1763904598974 0.16247135400772095 359
1763904599063 0.0656748041510582 360
1763904599159 0.05035634711384773 361
1763904599248 0.2661071717739105 362
1763904599337 0.08220105618238449 363
1763904599424 0.3056112825870514 364
1763904599512 0.10627678781747818 365
1763904599599 0.2794487476348877 366
1763904599687 0.4837225377559662 367
1763904599775 0.12333676218986511 368
1763904599863 0.498618483543396 369
1763904599950 0.3771813213825226 370
1763904600039 0.14649146795272827 371
1763904600126 1.1083754301071167 372
1763904600214 0.16789092123508453 373
1763904600304 0.4327855408191681 374
1763904600393 0.2660755217075348 375
1763904600482 0.199997678399086 376
1763904600571 0.24579733610153198 377
1763904600660 0.6336250901222229 378
1763904600747 0.49953964352607727 379
1763904600836 0.20966976881027222 380
1763904600924 0.558695375919342 381
1763904601012 0.36233484745025635 382
1763904601101 0.3984220027923584 383
1763904601191 0.13608135282993317 384
1763904601280 0.7662518620491028 385
1763904601368 0.07545395940542221 386
1763904601455 0.08567670732736588 387
1763904601543 0.6032660603523254 388
1763904601635 0.278960645198822 389
1763904601726 0.11239593476057053 390
1763904601816 1.107172966003418 391
1763904601904 0.7522209286689758 392
1763904601992 0.10091341286897659 393
1763904602084 0.1291051208972931 394
1763904602173 0.21737314760684967 395
1763904602261 0.3460690975189209 396
1763904602348 0.5538759827613831 397
1763904602437 0.2389705628156662 398
1763904602525 0.40134283900260925 399
1763904602615 0.09437619894742966 400
