1761836881706 2.002319812774658 0
1761836881869 1.836270809173584 1
1761836882035 1.74149751663208 2
1761836882199 1.6716092824935913 3
1761836882362 1.6025612354278564 4
1761836882518 1.5791730880737305 5
1761836882686 1.5487089157104492 6
1761836882849 1.5227018594741821 7
1761836883011 1.4976458549499512 8
1761836883176 1.4775570631027222 9
1761836883343 1.4566233158111572 10
1761836883508 1.425674319267273 11
1761836883671 1.4061181545257568 12
1761836883839 1.3848412036895752 13
1761836884006 1.3679859638214111 14
1761836884171 1.3418967723846436 15
1761836884333 1.3195246458053589 16
1761836884494 1.2995033264160156 17
1761836884657 1.2839417457580566 18
1761836884817 1.2674704790115356 19
1761836884979 1.251968264579773 20
1761836885144 1.2339982986450195 21
1761836885307 1.223583459854126 22
1761836885469 1.2101571559906006 23
1761836885648 1.198381781578064 24
1761836885812 1.1849128007888794 25
1761836885973 1.1728464365005493 26
1761836886139 1.1606673002243042 27
1761836886305 1.1511629819869995 28
1761836886477 1.1410589218139648 29
1761836886643 1.1312544345855713 30
1761836886805 1.1202020645141602 31
1761836886966 1.1113626956939697 32
1761836887128 1.1003178358078003 33
1761836887291 1.0877482891082764 34
1761836887460 1.0742939710617065 35
1761836887625 1.0642728805541992 36
1761836887786 1.0518648624420166 37
1761836887947 1.0421152114868164 38
1761836888110 1.0305019617080688 39
1761836888274 1.0212199687957764 40
1761836888436 1.0119272470474243 41
1761836888599 1.0019818544387817 42
1761836888764 0.9919641017913818 43
1761836888925 0.9823333024978638 44
1761836889091 0.9735466241836548 45
1761836889253 0.9641783237457275 46
1761836889415 0.9550120234489441 47
1761836889576 0.9454538226127625 48
1761836889737 0.9380894303321838 49
1761836889898 0.9305667877197266 50
1761836890076 0.9229094982147217 51
1761836890245 0.9150763750076294 52
1761836890411 0.9084821343421936 53
1761836890575 0.9014281630516052 54
1761836890746 0.895546019077301 55
1761836890926 0.8895659446716309 56
1761836891098 0.8848015069961548 57
1761836891260 0.87965989112854 58
1761836891425 0.874069333076477 59
1761836891586 0.8694536685943604 60
1761836891752 0.8638042211532593 61
1761836891918 0.8585308194160461 62
1761836892081 0.8531225919723511 63
1761836892246 0.8492535352706909 64
1761836892408 0.8443893790245056 65
1761836892572 0.8398664593696594 66
1761836892739 0.8362029790878296 67
1761836892903 0.8319522738456726 68
1761836893069 0.8276088237762451 69
1761836893235 0.8236631155014038 70
1761836893397 0.8199177980422974 71
1761836893559 0.8161489963531494 72
1761836893723 0.8115479350090027 73
1761836893888 0.8088803887367249 74
1761836894059 0.8059254288673401 75
1761836894221 0.8027899265289307 76
1761836894386 0.8002433180809021 77
1761836894552 0.7975980639457703 78
1761836894713 0.7945852875709534 79
1761836894875 0.7921696901321411 80
1761836895040 0.7891669273376465 81
1761836895205 0.7859153151512146 82
1761836895368 0.783462405204773 83
1761836895546 0.7797077298164368 84
1761836895710 0.7777140140533447 85
1761836895873 0.7755135297775269 86
1761836896037 0.7739697098731995 87
1761836896200 0.7714033722877502 88
1761836896365 0.7687813639640808 89
1761836896530 0.7667325735092163 90
1761836896694 0.763861894607544 91
1761836896858 0.762215793132782 92
1761836897023 0.760197103023529 93
1761836897186 0.7572727799415588 94
1761836897352 0.755927562713623 95
1761836897517 0.7545687556266785 96
1761836897682 0.752257227897644 97
1761836897848 0.7503510117530823 98
1761836898013 0.7481958866119385 99
1761836898179 0.7455140948295593 100
1761836898343 0.7436232566833496 101
1761836898508 0.7416374683380127 102
1761836898672 0.7397335767745972 103
1761836898837 0.7375875115394592 104
1761836899002 0.7358192205429077 105
1761836899168 0.7339704632759094 106
1761836899335 0.7321807146072388 107
1761836899500 0.7303203344345093 108
1761836899665 0.72873455286026 109
1761836899830 0.7276812195777893 110
1761836899991 0.725753903388977 111
1761836900154 0.7237146496772766 112
1761836900321 0.7224566340446472 113
1761836900496 0.7206725478172302 114
1761836900660 0.7186188697814941 115
1761836900826 0.7168647646903992 116
1761836900990 0.7155711650848389 117
1761836901156 0.7151501774787903 118
1761836901321 0.714309811592102 119
1761836901485 0.7130899429321289 120
1761836901653 0.7113650441169739 121
1761836901828 0.709710419178009 122
1761836901991 0.7085551619529724 123
1761836902156 0.7075686454772949 124
1761836902318 0.7064052224159241 125
1761836902494 0.7057650685310364 126
1761836902658 0.705193042755127 127
1761836902821 0.7038548588752747 128
1761836902989 0.702924370765686 129
1761836903157 0.7018162608146667 130
1761836903322 0.7006711959838867 131
1761836903488 0.6998652219772339 132
1761836903653 0.6982552409172058 133
1761836903820 0.6976732015609741 134
1761836903984 0.6962533593177795 135
1761836904150 0.6953824162483215 136
1761836904318 0.6944296360015869 137
1761836904481 0.6935562491416931 138
1761836904645 0.6924129724502563 139
1761836904809 0.6918745040893555 140
1761836904974 0.6909704804420471 141
1761836905139 0.6898936629295349 142
1761836905304 0.6890427470207214 143
1761836905465 0.6880044341087341 144
1761836905626 0.6867204308509827 145
1761836905789 0.68599534034729 146
1761836905955 0.6852604150772095 147
1761836906121 0.6847129464149475 148
1761836906287 0.6837437748908997 149
1761836906452 0.6832260489463806 150
1761836906618 0.6824022531509399 151
1761836906783 0.6817499995231628 152
1761836906947 0.68071448802948 153
1761836907111 0.6797467470169067 154
1761836907278 0.6789801120758057 155
1761836907443 0.6784735918045044 156
1761836907604 0.6778072714805603 157
1761836907770 0.6774126291275024 158
1761836907934 0.6764241456985474 159
1761836908101 0.6758462190628052 160
1761836908266 0.6750535368919373 161
1761836908432 0.6742863059043884 162
1761836908596 0.6734751462936401 163
1761836908764 0.6726168394088745 164
1761836908929 0.6717469692230225 165
1761836909095 0.6710576415061951 166
1761836909260 0.6703186631202698 167
1761836909426 0.669549822807312 168
1761836909590 0.6687522530555725 169
1761836909755 0.6680048704147339 170
1761836909920 0.667424738407135 171
1761836910086 0.6667231917381287 172
1761836910250 0.6656655669212341 173
1761836910416 0.6649501323699951 174
1761836910581 0.6646319627761841 175
1761836910746 0.6642708778381348 176
1761836910909 0.6635028719902039 177
1761836911075 0.6626381278038025 178
1761836911240 0.6621662974357605 179
1761836911405 0.661580502986908 180
1761836911570 0.6609118580818176 181
1761836911736 0.6601086854934692 182
1761836911902 0.6596235632896423 183
1761836912067 0.6590262651443481 184
1761836912240 0.6584892868995667 185
1761836912411 0.6579904556274414 186
1761836912577 0.6575046181678772 187
1761836912762 0.6572306156158447 188
1761836912932 0.6564001441001892 189
1761836913106 0.6562618017196655 190
1761836913275 0.655835747718811 191
1761836913438 0.6551185846328735 192
1761836913607 0.6543036699295044 193
1761836913775 0.6534594893455505 194
1761836913938 0.6530002355575562 195
1761836914104 0.652242124080658 196
1761836914273 0.6517558097839355 197
1761836914442 0.650921642780304 198
1761836914611 0.6505818367004395 199
1761836914776 0.6497883200645447 200
1761836914944 0.6493613719940186 201
1761836915117 0.6493054628372192 202
1761836915283 0.6489019989967346 203
1761836915449 0.6486536264419556 204
1761836915618 0.6481950879096985 205
1761836915784 0.6476937532424927 206
1761836915950 0.6472672820091248 207
1761836916118 0.6463989615440369 208
1761836916292 0.6456397175788879 209
1761836916463 0.6451664566993713 210
1761836916629 0.6445760130882263 211
1761836916809 0.6441411972045898 212
1761836916974 0.6438425183296204 213
1761836917153 0.6435201168060303 214
1761836917323 0.6433715224266052 215
1761836917486 0.6430063843727112 216
1761836917652 0.6428504586219788 217
1761836917819 0.642568826675415 218
1761836917984 0.6416171193122864 219
1761836918150 0.6414958834648132 220
1761836918319 0.640946090221405 221
1761836918485 0.6404334306716919 222
1761836918655 0.6404116153717041 223
1761836918830 0.640108585357666 224
1761836918999 0.6401032209396362 225
1761836919168 0.6396999359130859 226
1761836919338 0.6396023035049438 227
1761836919501 0.6394325494766235 228
1761836919667 0.6390144228935242 229
1761836919838 0.6384296417236328 230
1761836920008 0.6380327939987183 231
1761836920182 0.6374589204788208 232
1761836920348 0.6369409561157227 233
1761836920517 0.6366793513298035 234
1761836920682 0.6363135576248169 235
1761836920847 0.6358366012573242 236
1761836921018 0.6354461312294006 237
1761836921185 0.6348928213119507 238
1761836921352 0.6345959305763245 239
1761836921518 0.6343913078308105 240
1761836921684 0.634152352809906 241
1761836921849 0.6337816715240479 242
1761836922015 0.6333843469619751 243
1761836922181 0.6332336664199829 244
1761836922350 0.6332047581672668 245
1761836922514 0.6329838633537292 246
1761836922681 0.6326659917831421 247
1761836922847 0.6324597597122192 248
1761836923027 0.6321739554405212 249
1761836923199 0.6318541765213013 250
1761836923364 0.6316707730293274 251
1761836923531 0.631496787071228 252
1761836923694 0.6312108039855957 253
1761836923859 0.6308665871620178 254
1761836924031 0.6305898427963257 255
1761836924198 0.6303098201751709 256
1761836924365 0.6300652027130127 257
1761836924533 0.6300498843193054 258
1761836924701 0.6297910213470459 259
1761836924866 0.629393458366394 260
1761836925032 0.6291481256484985 261
1761836925198 0.6289575695991516 262
1761836925359 0.6288354992866516 263
1761836925524 0.628405749797821 264
1761836925690 0.6281725764274597 265
1761836925856 0.6278161406517029 266
1761836926021 0.6273548603057861 267
1761836926187 0.627082884311676 268
1761836926353 0.6269583702087402 269
1761836926519 0.6266797780990601 270
1761836926684 0.6265680193901062 271
1761836926849 0.6261966228485107 272
1761836927015 0.625688374042511 273
1761836927191 0.6253869533538818 274
1761836927357 0.6248465776443481 275
1761836927524 0.6244471669197083 276
1761836927693 0.6242398619651794 277
1761836927864 0.62376868724823 278
1761836928031 0.6235463619232178 279
1761836928198 0.6233959197998047 280
1761836928358 0.623384952545166 281
1761836928527 0.6230272650718689 282
1761836928694 0.6228471994400024 283
1761836928869 0.6224489808082581 284
1761836929038 0.6220386028289795 285
1761836929204 0.6217073202133179 286
1761836929369 0.6214165687561035 287
1761836929533 0.6212000250816345 288
1761836929700 0.6212047934532166 289
1761836929870 0.6208049058914185 290
1761836930035 0.6203821897506714 291
1761836930202 0.6200598478317261 292
1761836930367 0.6198411583900452 293
1761836930533 0.6194194555282593 294
1761836930694 0.6191226243972778 295
1761836930860 0.6189658641815186 296
1761836931027 0.618526816368103 297
1761836931192 0.6183937788009644 298
1761836931358 0.61866295337677 299
1761836931523 0.6185218691825867 300
1761836931692 0.6185779571533203 301
1761836931862 0.6182345747947693 302
1761836932028 0.6179764270782471 303
1761836932193 0.6177558898925781 304
1761836932359 0.617660641670227 305
1761836932525 0.6175392270088196 306
1761836932685 0.617527961730957 307
1761836932851 0.6173837780952454 308
1761836933019 0.6171688437461853 309
1761836933205 0.6169100403785706 310
1761836933383 0.6167539358139038 311
1761836933549 0.6167038083076477 312
1761836933725 0.6163429617881775 313
1761836933912 0.6159911751747131 314
1761836934085 0.6159056425094604 315
1761836934261 0.6155078411102295 316
1761836934440 0.6152421236038208 317
1761836934614 0.6150462627410889 318
1761836934789 0.6147010326385498 319
1761836934964 0.6145672798156738 320
1761836935128 0.6144819259643555 321
1761836935315 0.6141851544380188 322
1761836935542 0.6140148043632507 323
1761836935727 0.6140666007995605 324
1761836935896 0.613935649394989 325
1761836936065 0.6137571930885315 326
1761836936244 0.6135321259498596 327
1761836936414 0.6132776737213135 328
1761836936586 0.613045871257782 329
1761836936752 0.6128748655319214 330
1761836936918 0.6126901507377625 331
1761836937078 0.612572431564331 332
1761836937245 0.612520158290863 333
1761836937411 0.612277090549469 334
1761836937579 0.6121957898139954 335
1761836937744 0.6120560169219971 336
1761836937910 0.6117756962776184 337
1761836938083 0.6116575002670288 338
1761836938272 0.6113735437393188 339
1761836938442 0.6111990809440613 340
1761836938611 0.6110051870346069 341
1761836938777 0.6107204556465149 342
1761836938943 0.6105340123176575 343
1761836939108 0.6102679967880249 344
1761836939274 0.6101064682006836 345
1761836939439 0.6099105477333069 346
1761836939609 0.6096832752227783 347
1761836939795 0.6096046566963196 348
1761836939973 0.6094700694084167 349
1761836940144 0.6094121336936951 350
1761836940312 0.6092422604560852 351
1761836940482 0.6092491149902344 352
1761836940651 0.609116792678833 353
1761836940819 0.6090072989463806 354
1761836940985 0.608829915523529 355
1761836941153 0.6085488796234131 356
1761836941329 0.608238160610199 357
1761836941510 0.607983410358429 358
1761836941689 0.6078694462776184 359
1761836941872 0.6076464056968689 360
1761836942044 0.6073419451713562 361
1761836942212 0.6072684526443481 362
1761836942392 0.6071552634239197 363
1761836942580 0.6068562269210815 364
1761836942772 0.6067554354667664 365
1761836942947 0.6067861318588257 366
1761836943118 0.6065875887870789 367
1761836943295 0.6063830256462097 368
1761836943472 0.6059857606887817 369
1761836943644 0.6059821248054504 370
1761836943815 0.605725884437561 371
1761836943985 0.605665922164917 372
1761836944154 0.6057121753692627 373
1761836944333 0.6055750250816345 374
1761836944505 0.6053239107131958 375
1761836944671 0.6051630973815918 376
1761836944840 0.6051757335662842 377
1761836945013 0.6051105856895447 378
1761836945186 0.6048804521560669 379
1761836945355 0.6047200560569763 380
1761836945521 0.6046329140663147 381
1761836945688 0.6046450138092041 382
1761836945855 0.604583203792572 383
1761836946032 0.6043760180473328 384
1761836946211 0.6042845845222473 385
1761836946378 0.6041483879089355 386
1761836946549 0.6041221618652344 387
1761836946719 0.6038568019866943 388
1761836946884 0.603823721408844 389
1761836947055 0.603707492351532 390
1761836947236 0.6033981442451477 391
1761836947409 0.6032747626304626 392
1761836947580 0.6033130884170532 393
1761836947759 0.6031874418258667 394
1761836947946 0.6031122207641602 395
1761836948143 0.6029829978942871 396
1761836948361 0.6027907729148865 397
1761836948543 0.6027785539627075 398
1761836948727 0.6025658249855042 399
1761836948900 0.6024568676948547 400
