1761836881706 1.6090223789215088 0
1761836881869 2.121840476989746 1
1761836882035 1.7861603498458862 2
1761836882199 1.234347939491272 3
1761836882362 1.5521998405456543 4
1761836882518 1.2531609535217285 5
1761836882686 1.5172016620635986 6
1761836882849 1.4007441997528076 7
1761836883011 1.839119553565979 8
1761836883176 1.8428621292114258 9
1761836883343 2.0373270511627197 10
1761836883508 1.0492427349090576 11
1761836883671 1.7509472370147705 12
1761836883839 0.8325379490852356 13
1761836884006 2.328291177749634 14
1761836884171 0.7270078063011169 15
1761836884333 0.49547091126441956 16
1761836884494 1.1861622333526611 17
1761836884657 0.8552501201629639 18
1761836884817 1.4909380674362183 19
1761836884979 1.3997200727462769 20
1761836885144 1.104123830795288 21
1761836885307 1.502281904220581 22
1761836885469 2.051522731781006 23
1761836885648 1.489180088043213 24
1761836885812 1.3327763080596924 25
1761836885973 1.3592265844345093 26
1761836886139 1.202467918395996 27
1761836886305 1.0424412488937378 28
1761836886477 1.3664499521255493 29
1761836886643 1.513093113899231 30
1761836886805 1.1485991477966309 31
1761836886966 1.6775100231170654 32
1761836887128 0.6379623413085938 33
1761836887291 0.6068906188011169 34
1761836887460 0.3304254412651062 35
1761836887625 1.1237620115280151 36
1761836887786 0.7667018175125122 37
1761836887947 1.2004660367965698 38
1761836888110 0.3913995623588562 39
1761836888274 0.5705568194389343 40
1761836888436 0.6287214756011963 41
1761836888599 1.4406808614730835 42
1761836888764 1.5064622163772583 43
1761836888925 1.1430021524429321 44
1761836889091 0.8048076033592224 45
1761836889253 0.5182615518569946 46
1761836889415 0.32612764835357666 47
1761836889576 0.22364389896392822 48
1761836889737 1.0613744258880615 49
1761836889898 1.4296759366989136 50
1761836890076 1.8205502033233643 51
1761836890245 0.369346022605896 52
1761836890411 1.1662461757659912 53
1761836890575 0.5173075199127197 54
1761836890746 1.3562968969345093 55
1761836890926 0.232694610953331 56
1761836891098 0.5455206036567688 57
1761836891260 0.7695225477218628 58
1761836891425 0.38218072056770325 59
1761836891586 0.9562205076217651 60
1761836891752 1.072016716003418 61
1761836891918 0.4707651436328888 62
1761836892081 1.0117250680923462 63
1761836892246 0.44320303201675415 64
1761836892408 0.6111874580383301 65
1761836892572 0.37976598739624023 66
1761836892739 0.3033318519592285 67
1761836892903 1.2555935382843018 68
1761836893069 0.6838003396987915 69
1761836893235 0.9259105324745178 70
1761836893397 0.4676404595375061 71
1761836893559 0.8197318315505981 72
1761836893723 0.2436499297618866 73
1761836893888 2.2137303352355957 74
1761836894059 0.2683050334453583 75
1761836894221 1.164300799369812 76
1761836894386 1.423388123512268 77
1761836894552 1.469186544418335 78
1761836894713 0.9301251173019409 79
1761836894875 0.5886462330818176 80
1761836895040 0.9189877510070801 81
1761836895205 0.7959222197532654 82
1761836895368 1.3435924053192139 83
1761836895546 0.9901376366615295 84
1761836895710 1.2369134426116943 85
1761836895873 1.4928683042526245 86
1761836896037 0.17016321420669556 87
1761836896200 0.9417184591293335 88
1761836896365 0.9416059255599976 89
1761836896530 1.6348930597305298 90
1761836896694 1.6346765756607056 91
1761836896858 1.0630521774291992 92
1761836897023 1.7236710786819458 93
1761836897186 0.5092459917068481 94
1761836897352 1.0437182188034058 95
1761836897517 0.9550392031669617 96
1761836897682 0.49709516763687134 97
1761836897848 0.5824006795883179 98
1761836898013 1.0490297079086304 99
1761836898179 0.41737502813339233 100
1761836898343 0.37767088413238525 101
1761836898508 0.8945682048797607 102
1761836898672 1.5486729145050049 103
1761836898837 0.5312069058418274 104
1761836899002 0.5821232795715332 105
1761836899168 1.3740873336791992 106
1761836899335 0.8420950174331665 107
1761836899500 0.6728353500366211 108
1761836899665 0.8622949719429016 109
1761836899830 0.664145290851593 110
1761836899991 0.5319440364837646 111
1761836900154 0.1732000708580017 112
1761836900321 2.005417823791504 113
1761836900496 0.6224036812782288 114
1761836900660 0.6258471608161926 115
1761836900826 0.21436496078968048 116
1761836900990 0.9313722848892212 117
1761836901156 1.306099534034729 118
1761836901321 1.1034789085388184 119
1761836901485 0.6666775941848755 120
1761836901653 0.4965389668941498 121
1761836901828 0.9684534072875977 122
1761836901991 0.9886763095855713 123
1761836902156 0.45037761330604553 124
1761836902318 0.8497211933135986 125
1761836902494 1.6511354446411133 126
1761836902658 0.8360757231712341 127
1761836902821 0.7867643237113953 128
1761836902989 2.2777047157287598 129
1761836903157 0.40596073865890503 130
1761836903322 0.4771784543991089 131
1761836903488 1.0548248291015625 132
1761836903653 0.5874077081680298 133
1761836903820 0.5728490352630615 134
1761836903984 0.32568359375 135
1761836904150 0.8214497566223145 136
1761836904318 0.8930894136428833 137
1761836904481 1.140146255493164 138
1761836904645 0.17497730255126953 139
1761836904809 0.30316129326820374 140
1761836904974 1.1936161518096924 141
1761836905139 0.7200966477394104 142
1761836905304 0.8180451393127441 143
1761836905465 0.9118890762329102 144
1761836905626 0.8338722586631775 145
1761836905789 0.2923510670661926 146
1761836905955 0.9287522435188293 147
1761836906121 0.7392467260360718 148
1761836906287 0.5920255780220032 149
1761836906452 1.6809688806533813 150
1761836906618 1.7852823734283447 151
1761836906783 1.2176154851913452 152
1761836906947 0.22715944051742554 153
1761836907111 1.098371148109436 154
1761836907278 0.4407478868961334 155
1761836907443 0.4734218716621399 156
1761836907604 0.6482870578765869 157
1761836907770 1.2218648195266724 158
1761836907934 0.8506144881248474 159
1761836908101 1.0419137477874756 160
1761836908266 0.2838926315307617 161
1761836908432 1.4437822103500366 162
1761836908596 0.24557729065418243 163
1761836908764 0.2604309022426605 164
1761836908929 0.09224234521389008 165
1761836909095 1.4747363328933716 166
1761836909260 0.39954203367233276 167
1761836909426 0.9061713814735413 168
1761836909590 0.4486723244190216 169
1761836909755 1.416900634765625 170
1761836909920 0.33497312664985657 171
1761836910086 0.3736654222011566 172
1761836910250 0.26080623269081116 173
1761836910416 0.32943296432495117 174
1761836910581 0.2583829164505005 175
1761836910746 0.2174798846244812 176
1761836910909 0.9995217323303223 177
1761836911075 0.9475191831588745 178
1761836911240 2.073108196258545 179
1761836911405 0.3743521571159363 180
1761836911570 0.292423814535141 181
1761836911736 1.5769333839416504 182
1761836911902 1.2510780096054077 183
1761836912067 0.6539067625999451 184
1761836912240 1.6896209716796875 185
1761836912411 0.3989495038986206 186
1761836912577 1.241401195526123 187
1761836912762 1.4869757890701294 188
1761836912932 0.3019416332244873 189
1761836913106 0.9932313561439514 190
1761836913275 0.6313226819038391 191
1761836913438 1.1933207511901855 192
1761836913607 1.2409801483154297 193
1761836913775 0.8156198263168335 194
1761836913938 0.5343478918075562 195
1761836914104 0.5368126034736633 196
1761836914273 0.9863102436065674 197
1761836914442 0.6461573839187622 198
1761836914611 0.9521015882492065 199
1761836914776 0.23874831199645996 200
1761836914944 0.9588199257850647 201
1761836915117 1.7630947828292847 202
1761836915283 0.8122535347938538 203
1761836915449 1.0601935386657715 204
1761836915618 1.586525321006775 205
1761836915784 0.4905039966106415 206
1761836915950 0.290756493806839 207
1761836916118 0.24359595775604248 208
1761836916292 0.4517480432987213 209
1761836916463 1.0122654438018799 210
1761836916629 0.8522366285324097 211
1761836916809 0.7627364993095398 212
1761836916974 1.2484456300735474 213
1761836917153 0.4035971462726593 214
1761836917323 1.5937771797180176 215
1761836917486 0.8287224173545837 216
1761836917652 1.1708911657333374 217
1761836917819 1.156835675239563 218
1761836917984 0.19760775566101074 219
1761836918150 1.0190801620483398 220
1761836918319 0.3281680643558502 221
1761836918485 0.4327625632286072 222
1761836918655 0.5567679405212402 223
1761836918830 1.0456494092941284 224
1761836918999 1.2827128171920776 225
1761836919168 0.5482794642448425 226
1761836919338 0.7279707789421082 227
1761836919501 0.8337649703025818 228
1761836919667 1.2965526580810547 229
1761836919838 0.5014984607696533 230
1761836920008 0.6562862396240234 231
1761836920182 0.7341170310974121 232
1761836920348 0.8136677145957947 233
1761836920517 1.1144787073135376 234
1761836920682 0.8132967948913574 235
1761836920847 0.67657470703125 236
1761836921018 1.8245718479156494 237
1761836921185 0.7131228446960449 238
1761836921352 1.4631329774856567 239
1761836921518 1.603946328163147 240
1761836921684 0.49171772599220276 241
1761836921849 1.9786672592163086 242
1761836922015 1.1355419158935547 243
1761836922181 1.1951663494110107 244
1761836922350 0.6577420234680176 245
1761836922514 1.2706594467163086 246
1761836922681 0.5924897789955139 247
1761836922847 1.2825292348861694 248
1761836923027 0.6692950129508972 249
1761836923199 1.011898159980774 250
1761836923364 2.333667039871216 251
1761836923531 1.5939692258834839 252
1761836923694 2.3436670303344727 253
1761836923859 0.8646489381790161 254
1761836924031 0.3720082640647888 255
1761836924198 0.3985321521759033 256
1761836924365 0.32265469431877136 257
1761836924533 2.340820789337158 258
1761836924701 0.918986976146698 259
1761836924866 0.5052485466003418 260
1761836925032 0.7577110528945923 261
1761836925198 0.36071091890335083 262
1761836925359 0.8937450647354126 263
1761836925524 0.6327284574508667 264
1761836925690 0.35586410760879517 265
1761836925856 0.3942563533782959 266
1761836926021 0.29732999205589294 267
1761836926187 0.9096755385398865 268
1761836926353 0.940937876701355 269
1761836926519 1.257631778717041 270
1761836926684 2.2985587120056152 271
1761836926849 0.4606705904006958 272
1761836927015 0.337693989276886 273
1761836927191 0.448241263628006 274
1761836927357 0.5858633518218994 275
1761836927524 0.1898505687713623 276
1761836927693 1.148771047592163 277
1761836927864 0.48852992057800293 278
1761836928031 1.2004120349884033 279
1761836928198 0.9482650756835938 280
1761836928358 0.8409337997436523 281
1761836928527 1.2291394472122192 282
1761836928694 0.9359179139137268 283
1761836928869 1.072690725326538 284
1761836929038 0.9701111316680908 285
1761836929204 1.0354856252670288 286
1761836929369 0.3465230464935303 287
1761836929533 0.8051946759223938 288
1761836929700 2.1909966468811035 289
1761836929870 0.9509029388427734 290
1761836930035 1.3310508728027344 291
1761836930202 0.8611168265342712 292
1761836930367 1.132083535194397 293
1761836930533 0.9782356023788452 294
1761836930694 0.8248976469039917 295
1761836930860 0.1708260178565979 296
1761836931027 0.24712759256362915 297
1761836931192 1.453176736831665 298
1761836931358 2.968021869659424 299
1761836931523 0.8921697735786438 300
1761836931692 0.264683336019516 301
1761836931862 1.2588624954223633 302
1761836932028 0.41194742918014526 303
1761836932193 0.6805052161216736 304
1761836932359 0.5346306562423706 305
1761836932525 0.3597657382488251 306
1761836932685 1.932844877243042 307
1761836932851 0.8524538278579712 308
1761836933019 1.0511679649353027 309
1761836933205 0.8111903667449951 310
1761836933383 3.009263753890991 311
1761836933549 0.968940019607544 312
1761836933725 0.9378547668457031 313
1761836933912 0.2373303472995758 314
1761836934085 0.9543386697769165 315
1761836934261 0.32303833961486816 316
1761836934440 0.46014413237571716 317
1761836934614 1.0423723459243774 318
1761836934789 0.46552085876464844 319
1761836934964 1.3542015552520752 320
1761836935128 1.6977087259292603 321
1761836935315 0.6261584758758545 322
1761836935542 1.3752919435501099 323
1761836935727 0.6740414500236511 324
1761836935896 1.520829200744629 325
1761836936065 0.43435370922088623 326
1761836936244 1.8441731929779053 327
1761836936414 0.6335511207580566 328
1761836936586 0.6110507249832153 329
1761836936752 1.4769279956817627 330
1761836936918 0.868868350982666 331
1761836937078 0.784545361995697 332
1761836937245 0.43887028098106384 333
1761836937411 1.3868461847305298 334
1761836937579 0.8071580529212952 335
1761836937744 0.23505140841007233 336
1761836937910 1.1672083139419556 337
1761836938083 0.986243724822998 338
1761836938272 0.6786447167396545 339
1761836938442 1.5545337200164795 340
1761836938611 0.13209550082683563 341
1761836938777 0.8935330510139465 342
1761836938943 0.9002795815467834 343
1761836939108 0.42439788579940796 344
1761836939274 0.7554960250854492 345
1761836939439 1.1997711658477783 346
1761836939609 0.7462510466575623 347
1761836939795 0.7235588431358337 348
1761836939973 0.5053786039352417 349
1761836940144 1.2171491384506226 350
1761836940312 0.2632165551185608 351
1761836940482 0.18076083064079285 352
1761836940651 0.3347548246383667 353
1761836940819 1.5383214950561523 354
1761836940985 0.31713664531707764 355
1761836941153 0.19085755944252014 356
1761836941329 0.5100008845329285 357
1761836941510 0.274066299200058 358
1761836941689 0.9873684644699097 359
1761836941872 0.479907751083374 360
1761836942044 0.45783868432044983 361
1761836942212 0.9371947050094604 362
1761836942392 0.28328582644462585 363
1761836942580 0.7955463528633118 364
1761836942772 0.8335046768188477 365
1761836942947 0.4975040555000305 366
1761836943118 1.512030005455017 367
1761836943295 1.0271751880645752 368
1761836943472 1.1814144849777222 369
1761836943644 0.2739322781562805 370
1761836943815 0.07795779407024384 371
1761836943985 0.6206182837486267 372
1761836944154 1.856142520904541 373
1761836944333 1.2518113851547241 374
1761836944505 1.5606549978256226 375
1761836944671 0.4478001594543457 376
1761836944840 3.051628351211548 377
1761836945013 1.286590576171875 378
1761836945186 0.8304849863052368 379
1761836945355 0.3114430010318756 380
1761836945521 1.475519061088562 381
1761836945688 1.178185224533081 382
1761836945855 0.756193220615387 383
1761836946032 1.2876874208450317 384
1761836946211 1.1113405227661133 385
1761836946378 1.1651424169540405 386
1761836946549 1.030516266822815 387
1761836946719 0.203558549284935 388
1761836946884 0.7664229273796082 389
1761836947055 0.29339370131492615 390
1761836947236 1.1164491176605225 391
1761836947409 1.4054960012435913 392
1761836947580 0.3248170018196106 393
1761836947759 0.39521241188049316 394
1761836947946 0.3996698558330536 395
1761836948143 2.4934322834014893 396
1761836948361 0.5360552668571472 397
1761836948543 1.5576446056365967 398
1761836948727 0.7733606696128845 399
1761836948900 0.9192479848861694 400
