1761838237977 1.685163140296936 0
1761838238036 1.48139226436615 1
1761838238090 1.3367117643356323 2
1761838238143 1.240443229675293 3
1761838238205 1.185132622718811 4
1761838238262 1.1494742631912231 5
1761838238316 1.106335997581482 6
1761838238369 1.0586308240890503 7
1761838238428 1.0120232105255127 8
1761838238487 0.9874834418296814 9
1761838238541 0.9573640823364258 10
1761838238596 0.9305786490440369 11
1761838238649 0.9055792093276978 12
1761838238700 0.8831831812858582 13
1761838238754 0.8619281053543091 14
1761838238808 0.8390105366706848 15
1761838238863 0.8231182098388672 16
1761838238917 0.8041055202484131 17
1761838238969 0.783075213432312 18
1761838239022 0.7686148285865784 19
1761838239075 0.7547659277915955 20
1761838239131 0.7388409376144409 21
1761838239186 0.7252853512763977 22
1761838239239 0.7128856778144836 23
1761838239291 0.7016323804855347 24
1761838239342 0.6919115781784058 25
1761838239397 0.6814477443695068 26
1761838239448 0.6732704043388367 27
1761838239502 0.6617465019226074 28
1761838239554 0.6536783576011658 29
1761838239606 0.6444597840309143 30
1761838239661 0.6354848146438599 31
1761838239715 0.6293144226074219 32
1761838239768 0.6225792765617371 33
1761838239821 0.6151878833770752 34
1761838239873 0.6059949994087219 35
1761838239923 0.5980607271194458 36
1761838239975 0.5896916389465332 37
1761838240028 0.5846719741821289 38
1761838240079 0.5773047804832458 39
1761838240130 0.5704322457313538 40
1761838240185 0.5621177554130554 41
1761838240247 0.5538655519485474 42
1761838240305 0.5453804135322571 43
1761838240360 0.5379141569137573 44
1761838240414 0.5301596522331238 45
1761838240469 0.5228805541992188 46
1761838240521 0.5158120393753052 47
1761838240575 0.5084352493286133 48
1761838240628 0.5025415420532227 49
1761838240681 0.4967697858810425 50
1761838240732 0.49053800106048584 51
1761838240784 0.48483631014823914 52
1761838240836 0.4787123203277588 53
1761838240888 0.47313183546066284 54
1761838240941 0.46815282106399536 55
1761838240995 0.4635044038295746 56
1761838241049 0.45833343267440796 57
1761838241102 0.4535951316356659 58
1761838241154 0.44859275221824646 59
1761838241207 0.44348686933517456 60
1761838241260 0.43881309032440186 61
1761838241310 0.4342931807041168 62
1761838241363 0.429808109998703 63
1761838241415 0.4254283905029297 64
1761838241465 0.42117050290107727 65
1761838241517 0.417743444442749 66
1761838241571 0.41402286291122437 67
1761838241625 0.41000261902809143 68
1761838241679 0.40649524331092834 69
1761838241731 0.40321001410484314 70
1761838241785 0.3997991383075714 71
1761838241836 0.3962177336215973 72
1761838241888 0.3932049870491028 73
1761838241941 0.3897703289985657 74
1761838241994 0.38652312755584717 75
1761838242046 0.3834969401359558 76
1761838242100 0.38068702816963196 77
1761838242150 0.3784928023815155 78
1761838242205 0.37593382596969604 79
1761838242258 0.37353813648223877 80
1761838242310 0.370741069316864 81
1761838242363 0.36821460723876953 82
1761838242416 0.3656674027442932 83
1761838242468 0.3640080690383911 84
1761838242523 0.36145126819610596 85
1761838242584 0.3595627248287201 86
1761838242643 0.3573264181613922 87
1761838242702 0.3552420139312744 88
1761838242758 0.35312536358833313 89
1761838242814 0.3507661521434784 90
1761838242867 0.3489057123661041 91
1761838242920 0.3472045063972473 92
1761838242980 0.345120906829834 93
1761838243043 0.3434687852859497 94
1761838243102 0.341408908367157 95
1761838243162 0.33954641222953796 96
1761838243222 0.3377068340778351 97
1761838243279 0.33592575788497925 98
1761838243338 0.33396899700164795 99
1761838243394 0.3323509693145752 100
1761838243449 0.3310912847518921 101
1761838243504 0.32951197028160095 102
1761838243557 0.3279225826263428 103
1761838243612 0.32632532715797424 104
1761838243667 0.32492581009864807 105
1761838243719 0.32366177439689636 106
1761838243771 0.3218831717967987 107
1761838243834 0.32071471214294434 108
1761838243900 0.31889963150024414 109
1761838243960 0.31753018498420715 110
1761838244017 0.3161845803260803 111
1761838244075 0.31514325737953186 112
1761838244132 0.3137972354888916 113
1761838244190 0.3129996657371521 114
1761838244259 0.31177380681037903 115
1761838244353 0.310623437166214 116
1761838244415 0.30924010276794434 117
1761838244478 0.3082609474658966 118
1761838244536 0.30716586112976074 119
1761838244596 0.30581942200660706 120
1761838244653 0.30470576882362366 121
1761838244710 0.3034897744655609 122
1761838244763 0.3021031618118286 123
1761838244816 0.3008430302143097 124
1761838244872 0.2994745373725891 125
1761838244928 0.2983707785606384 126
1761838244983 0.2973097860813141 127
1761838245036 0.2960948348045349 128
1761838245088 0.29489728808403015 129
1761838245140 0.2938818633556366 130
1761838245194 0.29286813735961914 131
1761838245246 0.2920394837856293 132
1761838245299 0.2911500036716461 133
1761838245353 0.2900105118751526 134
1761838245406 0.2890677750110626 135
1761838245460 0.28813719749450684 136
1761838245514 0.28758206963539124 137
1761838245565 0.2865990102291107 138
1761838245618 0.28557586669921875 139
1761838245671 0.28470486402511597 140
1761838245724 0.2838277816772461 141
1761838245777 0.2829585671424866 142
1761838245831 0.282150000333786 143
1761838245885 0.28134578466415405 144
1761838245938 0.28049492835998535 145
1761838245991 0.27986523509025574 146
1761838246045 0.2791614830493927 147
1761838246099 0.2782561779022217 148
1761838246153 0.2777452766895294 149
1761838246209 0.2770572602748871 150
1761838246265 0.2762424945831299 151
1761838246319 0.2755057215690613 152
1761838246375 0.27483049035072327 153
1761838246430 0.27421027421951294 154
1761838246483 0.27365627884864807 155
1761838246537 0.27314022183418274 156
1761838246590 0.27266454696655273 157
1761838246641 0.27183467149734497 158
1761838246694 0.27127805352211 159
1761838246747 0.27084997296333313 160
1761838246800 0.2703671157360077 161
1761838246853 0.2697034776210785 162
1761838246908 0.2690214514732361 163
1761838246964 0.26821184158325195 164
1761838247018 0.2675865590572357 165
1761838247073 0.26695823669433594 166
