1761838237977 1.0786519050598145 0
1761838238036 1.1038709878921509 1
1761838238090 0.41456130146980286 2
1761838238143 1.6093394756317139 3
1761838238205 0.8525418043136597 4
1761838238262 1.4954310655593872 5
1761838238316 0.3063106834888458 6
1761838238369 0.5400195717811584 7
1761838238428 1.7009916305541992 8
1761838238487 1.1688843965530396 9
1761838238541 1.5919599533081055 10
1761838238596 0.8790283203125 11
1761838238649 1.3238699436187744 12
1761838238700 0.9511836767196655 13
1761838238754 0.4909863770008087 14
1761838238808 0.5909157395362854 15
1761838238863 1.7793282270431519 16
1761838238917 0.8145418763160706 17
1761838238969 0.9452219009399414 18
1761838239022 1.0296612977981567 19
1761838239075 0.7657186985015869 20
1761838239131 0.7286539077758789 21
1761838239186 0.0386044979095459 22
1761838239239 0.740755021572113 23
1761838239291 0.5805572271347046 24
1761838239342 0.6352903246879578 25
1761838239397 0.9269778728485107 26
1761838239448 1.431016206741333 27
1761838239502 0.6229820847511292 28
1761838239554 1.4133557081222534 29
1761838239606 0.27235743403434753 30
1761838239661 0.7720910906791687 31
1761838239715 0.5897169709205627 32
1761838239768 0.29501429200172424 33
1761838239821 0.4939047396183014 34
1761838239873 0.12575432658195496 35
1761838239923 1.0355637073516846 36
1761838239975 0.19839918613433838 37
1761838240028 1.8003638982772827 38
1761838240079 0.12765757739543915 39
1761838240130 0.24925318360328674 40
1761838240185 0.5627032518386841 41
1761838240247 0.019230717793107033 42
1761838240305 0.13485485315322876 43
1761838240360 0.387589693069458 44
1761838240414 0.016012974083423615 45
1761838240469 0.0378301627933979 46
1761838240521 0.054920513182878494 47
1761838240575 0.29223766922950745 48
1761838240628 0.11102139204740524 49
1761838240681 0.35862886905670166 50
1761838240732 0.0899106115102768 51
1761838240784 0.09256991744041443 52
1761838240836 0.4243706166744232 53
1761838240888 0.05690735578536987 54
1761838240941 0.8088470101356506 55
1761838240995 0.7469698190689087 56
1761838241049 0.24326744675636292 57
1761838241102 0.09564884752035141 58
1761838241154 0.05904574692249298 59
1761838241207 0.20394288003444672 60
1761838241260 0.4404078423976898 61
1761838241310 0.3068191707134247 62
1761838241363 0.2088460624217987 63
1761838241415 0.0776480957865715 64
1761838241465 0.44049474596977234 65
1761838241517 0.3230806887149811 66
1761838241571 0.028792448341846466 67
1761838241625 0.13112519681453705 68
1761838241679 0.141226127743721 69
1761838241731 1.012161135673523 70
1761838241785 0.11393465846776962 71
1761838241836 0.1633424162864685 72
1761838241888 0.4164411723613739 73
1761838241941 0.030253922566771507 74
1761838241994 0.27104195952415466 75
1761838242046 0.1580527275800705 76
1761838242100 0.05495874211192131 77
1761838242150 0.236205592751503 78
1761838242205 0.3056960701942444 79
1761838242258 0.4340573251247406 80
1761838242310 0.05430637300014496 81
1761838242363 0.06913994997739792 82
1761838242416 0.17876984179019928 83
1761838242468 2.2275004386901855 84
1761838242523 0.2617204785346985 85
1761838242584 0.5303312540054321 86
1761838242643 0.1534295231103897 87
1761838242702 0.20352615416049957 88
1761838242758 0.041958700865507126 89
1761838242814 0.1938287913799286 90
1761838242867 0.04141885042190552 91
1761838242920 1.4494074583053589 92
1761838242980 0.2972809076309204 93
1761838243043 0.8214175701141357 94
1761838243102 0.021181806921958923 95
1761838243162 0.22267615795135498 96
1761838243222 0.2319655865430832 97
1761838243279 0.24323523044586182 98
1761838243338 0.011604027822613716 99
1761838243394 0.1866765320301056 100
1761838243449 0.025476135313510895 101
1761838243504 0.5025275945663452 102
1761838243557 0.48978784680366516 103
1761838243612 0.40141379833221436 104
1761838243667 0.11700370162725449 105
1761838243719 0.022023895755410194 106
1761838243771 0.11129917949438095 107
1761838243834 0.04848187416791916 108
1761838243900 0.08498188108205795 109
1761838243960 0.1329980343580246 110
1761838244017 0.11380809545516968 111
1761838244075 0.20414668321609497 112
1761838244132 0.14122971892356873 113
1761838244190 0.9796498417854309 114
1761838244259 0.9271517395973206 115
1761838244353 0.1761723905801773 116
1761838244415 0.08314152806997299 117
1761838244478 0.8644770383834839 118
1761838244536 0.16995225846767426 119
1761838244596 0.08328796923160553 120
1761838244653 0.2367091327905655 121
1761838244710 0.1278197020292282 122
1761838244763 0.09646450728178024 123
1761838244816 0.1650962233543396 124
1761838244872 0.09758263826370239 125
1761838244928 0.09743522107601166 126
1761838244983 0.0974443256855011 127
1761838245036 0.4191263020038605 128
1761838245088 0.09961459040641785 129
1761838245140 0.24042586982250214 130
1761838245194 0.38458290696144104 131
1761838245246 0.4971528947353363 132
1761838245299 0.24512898921966553 133
1761838245353 0.21208330988883972 134
1761838245406 0.24200530350208282 135
1761838245460 0.749206006526947 136
1761838245514 0.24917811155319214 137
1761838245565 0.7261243462562561 138
1761838245618 0.08533459901809692 139
1761838245671 0.16419272124767303 140
1761838245724 0.4339204728603363 141
1761838245777 0.025011522695422173 142
1761838245831 0.08857936412096024 143
1761838245885 0.6442930698394775 144
1761838245938 0.0605645589530468 145
1761838245991 0.498823344707489 146
1761838246045 0.7662652134895325 147
1761838246099 0.7163147926330566 148
1761838246153 0.23708491027355194 149
1761838246209 0.8545534610748291 150
1761838246265 0.052175454795360565 151
1761838246319 0.03315538913011551 152
1761838246375 0.3566317558288574 153
1761838246430 0.6303088665008545 154
1761838246483 0.1073116660118103 155
1761838246537 0.11214649677276611 156
1761838246590 0.6875206828117371 157
1761838246641 0.1190798357129097 158
1761838246694 0.10879725962877274 159
1761838246747 1.5817722082138062 160
1761838246800 0.35029342770576477 161
1761838246853 0.141399547457695 162
1761838246908 0.5580579042434692 163
1761838246964 0.790288507938385 164
1761838247018 0.37503546476364136 165
1761838247073 0.11739661544561386 166
