1761838040806 1.8368078470230103 0
1761838040852 1.6539710760116577 1
1761838040897 1.4882756471633911 2
1761838040939 1.3683372735977173 3
1761838040979 1.2802520990371704 4
1761838041019 1.1946568489074707 5
1761838041060 1.1354577541351318 6
1761838041100 1.0863229036331177 7
1761838041140 1.0374252796173096 8
1761838041179 0.9948976039886475 9
1761838041219 0.9650336503982544 10
1761838041257 0.9331173896789551 11
1761838041295 0.9011785387992859 12
1761838041334 0.877583920955658 13
1761838041373 0.855908215045929 14
