1761838040806 1.5635933876037598 0
1761838040852 4.139621734619141 1
1761838040897 1.1172571182250977 2
1761838040939 0.4808296263217926 3
1761838040979 1.5573121309280396 4
1761838041019 1.9939301013946533 5
1761838041060 1.5871328115463257 6
1761838041100 0.3252851963043213 7
1761838041140 1.8265563249588013 8
1761838041179 0.6564818024635315 9
1761838041219 0.7984678149223328 10
1761838041257 0.6774958372116089 11
1761838041295 0.29986634850502014 12
1761838041334 0.222724050283432 13
1761838041373 0.24037455022335052 14
