1762792713811 1.771124243736267 0
1762792713903 1.5362765789031982 1
1762792713996 1.399535894393921 2
1762792714087 1.299715518951416 3
1762792714179 1.2253652811050415 4
1762792714269 1.170081377029419 5
1762792714360 1.116624116897583 6
1762792714451 1.0700609683990479 7
1762792714541 1.0381556749343872 8
1762792714633 1.0058884620666504 9
1762792714724 0.9716928005218506 10
1762792714814 0.9423781037330627 11
1762792714904 0.9207344651222229 12
1762792714995 0.9045656323432922 13
1762792715086 0.8839389681816101 14
1762792715177 0.8626918196678162 15
1762792715269 0.8463448286056519 16
1762792715359 0.828027069568634 17
1762792715449 0.8098258972167969 18
1762792715538 0.7934510111808777 19
1762792715628 0.7784326076507568 20
1762792715719 0.7682161927223206 21
1762792715812 0.755993127822876 22
1762792715904 0.7429764866828918 23
1762792715996 0.7319362759590149 24
1762792716090 0.7224422097206116 25
1762792716183 0.7131018042564392 26
1762792716274 0.7027791738510132 27
1762792716366 0.6928443908691406 28
1762792716457 0.6851008534431458 29
1762792716548 0.6780270338058472 30
1762792716639 0.6700069904327393 31
1762792716730 0.6600721478462219 32
1762792716826 0.65155029296875 33
1762792716927 0.6436742544174194 34
1762792717020 0.6379231214523315 35
1762792717114 0.6305949091911316 36
1762792717206 0.6227105855941772 37
1762792717297 0.6167674660682678 38
1762792717389 0.6101237535476685 39
1762792717480 0.603100597858429 40
1762792717570 0.5966466069221497 41
1762792717662 0.5902777314186096 42
1762792717753 0.5846060514450073 43
1762792717843 0.5796906352043152 44
1762792717935 0.5744240880012512 45
