1762792713811 2.298781156539917 0
1762792713903 1.39153254032135 1
1762792713996 1.578506350517273 2
1762792714087 1.1230645179748535 3
1762792714179 0.6098290085792542 4
1762792714269 1.371811032295227 5
1762792714360 1.0120964050292969 6
1762792714451 1.136238694190979 7
1762792714541 0.8685615062713623 8
1762792714633 0.5865514874458313 9
1762792714724 0.777971088886261 10
1762792714814 0.26879552006721497 11
1762792714904 0.6836463809013367 12
1762792714995 0.29840242862701416 13
1762792715086 0.5625913143157959 14
1762792715177 1.0828888416290283 15
1762792715269 1.0475882291793823 16
1762792715359 0.7288938164710999 17
1762792715449 0.6582802534103394 18
1762792715538 0.24589067697525024 19
1762792715628 1.0151045322418213 20
1762792715719 0.22545230388641357 21
1762792715812 0.5433158278465271 22
1762792715904 0.48351234197616577 23
1762792715996 0.5541672706604004 24
1762792716090 0.37006595730781555 25
1762792716183 0.8483856916427612 26
1762792716274 0.31272223591804504 27
1762792716366 0.6213243007659912 28
1762792716457 0.10301201045513153 29
1762792716548 0.2009914219379425 30
1762792716639 0.3687175214290619 31
1762792716730 0.8244156241416931 32
1762792716826 0.5311739444732666 33
1762792716927 0.6019778847694397 34
1762792717020 0.3203684985637665 35
1762792717114 0.375383585691452 36
1762792717206 0.43813833594322205 37
1762792717297 0.7040424942970276 38
1762792717389 0.500818133354187 39
1762792717480 0.42096516489982605 40
1762792717570 0.428180992603302 41
1762792717662 0.12089582532644272 42
1762792717753 0.16118255257606506 43
1762792717843 0.1277751922607422 44
1762792717935 0.09804540872573853 45
