1761838702131 1.8541653156280518 0
1761838702205 1.6450008153915405 1
1761838702278 1.514586091041565 2
1761838702351 1.428544521331787 3
1761838702425 1.3674814701080322 4
1761838702497 1.2979661226272583 5
1761838702571 1.263037085533142 6
1761838702645 1.2282708883285522 7
1761838702718 1.1800216436386108 8
1761838702791 1.139870524406433 9
1761838702862 1.110082983970642 10
1761838702933 1.0833028554916382 11
1761838703003 1.0531425476074219 12
1761838703076 1.0318132638931274 13
1761838703147 1.0070264339447021 14
1761838703218 0.9849831461906433 15
1761838703286 0.9625207185745239 16
1761838703353 0.9439569711685181 17
1761838703424 0.9243914484977722 18
1761838703494 0.9030313491821289 19
1761838703566 0.8855059146881104 20
1761838703637 0.864323079586029 21
1761838703709 0.8467459082603455 22
1761838703779 0.832450270652771 23
1761838703851 0.817016065120697 24
1761838703922 0.8022162914276123 25
1761838703993 0.7879887819290161 26
1761838704068 0.7744457125663757 27
1761838704142 0.760671079158783 28
1761838704212 0.7501519918441772 29
1761838704283 0.7390705943107605 30
1761838704354 0.728893518447876 31
1761838704424 0.7193038463592529 32
1761838704495 0.7117525935173035 33
1761838704567 0.7030479311943054 34
1761838704639 0.695334792137146 35
1761838704711 0.6880462765693665 36
1761838704782 0.6799463629722595 37
1761838704853 0.6742441058158875 38
1761838704924 0.6683264374732971 39
1761838704995 0.6613951921463013 40
1761838705066 0.6562477350234985 41
1761838705137 0.6517888307571411 42
1761838705207 0.6455621123313904 43
1761838705279 0.640794038772583 44
1761838705348 0.6366826891899109 45
1761838705420 0.6320285201072693 46
1761838705488 0.627305269241333 47
1761838705554 0.6232109665870667 48
1761838705625 0.6193655729293823 49
1761838705701 0.6166983246803284 50
1761838705774 0.6139233708381653 51
1761838705847 0.6103786826133728 52
1761838705919 0.6075807213783264 53
1761838705991 0.6051026582717896 54
1761838706063 0.6014626026153564 55
1761838706136 0.5986765623092651 56
1761838706208 0.5960118174552917 57
1761838706283 0.5929542779922485 58
1761838706357 0.5899455547332764 59
1761838706431 0.5868719220161438 60
1761838706506 0.5851153135299683 61
1761838706582 0.582624077796936 62
1761838706657 0.5799890756607056 63
1761838706730 0.578533411026001 64
1761838706801 0.5759788751602173 65
1761838706873 0.5741297006607056 66
1761838706945 0.5720025300979614 67
1761838707014 0.5697023272514343 68
1761838707086 0.5670585632324219 69
1761838707158 0.5647798180580139 70
1761838707232 0.5635333061218262 71
1761838707305 0.5611628890037537 72
1761838707379 0.559017539024353 73
1761838707452 0.5569865703582764 74
1761838707524 0.5560101270675659 75
1761838707593 0.5541660189628601 76
1761838707664 0.5525830388069153 77
1761838707736 0.5515199899673462 78
1761838707805 0.5506753921508789 79
1761838707875 0.54903244972229 80
1761838707947 0.5467202067375183 81
1761838708018 0.5450681447982788 82
1761838708089 0.5433697700500488 83
1761838708161 0.5413459539413452 84
1761838708232 0.5398409962654114 85
1761838708303 0.5386367440223694 86
1761838708375 0.5371511578559875 87
1761838708447 0.5356267690658569 88
1761838708518 0.5341970920562744 89
1761838708587 0.5323554277420044 90
1761838708656 0.5313001275062561 91
1761838708726 0.5301187038421631 92
1761838708797 0.529242753982544 93
1761838708870 0.5283539295196533 94
1761838708942 0.5274035930633545 95
1761838709013 0.5265719890594482 96
1761838709088 0.5249802470207214 97
1761838709161 0.5240291357040405 98
1761838709233 0.5229788422584534 99
1761838709304 0.5216143727302551 100
1761838709374 0.5208463072776794 101
1761838709446 0.5198971033096313 102
1761838709518 0.5190273523330688 103
1761838709593 0.5184741616249084 104
1761838709666 0.5171732902526855 105
1761838709735 0.5166777968406677 106
1761838709806 0.515589714050293 107
1761838709879 0.5145063996315002 108
1761838709951 0.5135474801063538 109
1761838710024 0.513242781162262 110
1761838710096 0.5124498009681702 111
1761838710165 0.5111913681030273 112
1761838710235 0.51060551404953 113
1761838710308 0.5098545551300049 114
1761838710380 0.5092238783836365 115
1761838710451 0.5084981918334961 116
1761838710524 0.5078866481781006 117
1761838710596 0.507419228553772 118
1761838710667 0.5064252018928528 119
1761838710740 0.506092369556427 120
1761838710813 0.5056877732276917 121
1761838710885 0.5052230358123779 122
1761838710958 0.5044759511947632 123
1761838711035 0.5043508410453796 124
1761838711111 0.5037362575531006 125
1761838711186 0.5029241442680359 126
1761838711265 0.5020995736122131 127
1761838711342 0.5014294385910034 128
1761838711423 0.5009136199951172 129
1761838711500 0.5004114508628845 130
1761838711570 0.499878466129303 131
1761838711640 0.49924618005752563 132
1761838711713 0.4986061155796051 133
1761838711784 0.4981552064418793 134
1761838711856 0.4973107576370239 135
1761838711932 0.49635180830955505 136
1761838712004 0.4959436058998108 137
1761838712076 0.49556249380111694 138
1761838712149 0.4951440393924713 139
1761838712225 0.49490630626678467 140
1761838712308 0.49426984786987305 141
1761838712385 0.4935365617275238 142
1761838712458 0.49310892820358276 143
1761838712531 0.4928818941116333 144
1761838712604 0.49247273802757263 145
1761838712676 0.4916931092739105 146
1761838712748 0.4911496341228485 147
1761838712819 0.4905321002006531 148
1761838712891 0.49032577872276306 149
1761838712966 0.48956942558288574 150
1761838713042 0.48959875106811523 151
1761838713117 0.489481121301651 152
1761838713189 0.48880115151405334 153
1761838713262 0.4882943630218506 154
1761838713335 0.48807817697525024 155
1761838713408 0.487460196018219 156
1761838713480 0.4877830147743225 157
1761838713552 0.4876636266708374 158
1761838713625 0.4874425530433655 159
1761838713696 0.48711130023002625 160
1761838713768 0.4866412281990051 161
1761838713841 0.48650455474853516 162
1761838713915 0.48639094829559326 163
1761838713987 0.4860254228115082 164
1761838714059 0.485495388507843 165
1761838714132 0.485137015581131 166
1761838714204 0.4845151901245117 167
1761838714276 0.4839930236339569 168
1761838714347 0.4840236008167267 169
1761838714420 0.48375821113586426 170
1761838714493 0.4831802546977997 171
1761838714565 0.482692152261734 172
1761838714638 0.4828322231769562 173
1761838714710 0.4821423292160034 174
1761838714783 0.4815163016319275 175
1761838714856 0.48094069957733154 176
1761838714928 0.4806923568248749 177
1761838714999 0.4801970422267914 178
1761838715073 0.47973376512527466 179
1761838715147 0.4793025553226471 180
1761838715217 0.4789315462112427 181
1761838715294 0.4785960912704468 182
1761838715370 0.47821104526519775 183
1761838715447 0.4781624972820282 184
1761838715519 0.4778180420398712 185
1761838715594 0.4772244095802307 186
1761838715671 0.47693002223968506 187
1761838715749 0.47702541947364807 188
1761838715825 0.4767458438873291 189
1761838715896 0.47628289461135864 190
1761838715970 0.4757882356643677 191
1761838716044 0.47559288144111633 192
1761838716118 0.4753982424736023 193
1761838716191 0.475260853767395 194
1761838716264 0.47486427426338196 195
1761838716339 0.4743773937225342 196
1761838716413 0.473847359418869 197
1761838716486 0.47374483942985535 198
1761838716559 0.4734847843647003 199
1761838716632 0.4732638895511627 200
1761838716705 0.4731806516647339 201
1761838716779 0.4730512201786041 202
1761838716855 0.4726755619049072 203
1761838716931 0.47264549136161804 204
1761838717005 0.472375750541687 205
1761838717079 0.4721868932247162 206
1761838717153 0.4720518887042999 207
1761838717224 0.4718625545501709 208
1761838717295 0.4715607464313507 209
1761838717367 0.4713449478149414 210
1761838717436 0.4711103141307831 211
1761838717510 0.470925897359848 212
1761838717584 0.4709634780883789 213
1761838717657 0.4707909822463989 214
1761838717729 0.47051146626472473 215
1761838717801 0.47042012214660645 216
1761838717874 0.47022244334220886 217
1761838717946 0.47001415491104126 218
1761838718019 0.4697483479976654 219
1761838718093 0.46959707140922546 220
1761838718167 0.4692116677761078 221
1761838718244 0.46893343329429626 222
1761838718319 0.46882036328315735 223
1761838718393 0.46868643164634705 224
1761838718470 0.4685203433036804 225
1761838718545 0.4683283269405365 226
1761838718617 0.46812352538108826 227
1761838718691 0.4678080081939697 228
1761838718763 0.46778640151023865 229
1761838718833 0.4675407111644745 230
1761838718908 0.46716591715812683 231
1761838718983 0.4672572612762451 232
1761838719059 0.46706902980804443 233
1761838719135 0.46697425842285156 234
1761838719207 0.4670807719230652 235
1761838719279 0.46715113520622253 236
1761838719353 0.4669109582901001 237
1761838719425 0.4667375683784485 238
1761838719500 0.46647295355796814 239
1761838719578 0.4661577045917511 240
1761838719653 0.466094970703125 241
1761838719728 0.4658808708190918 242
1761838719802 0.4656091332435608 243
1761838719877 0.4654957056045532 244
1761838719950 0.46530529856681824 245
1761838720022 0.46501901745796204 246
1761838720097 0.4648960828781128 247
1761838720176 0.4648837447166443 248
1761838720253 0.4648319184780121 249
1761838720328 0.4648187756538391 250
1761838720402 0.46451571583747864 251
1761838720477 0.46444663405418396 252
1761838720550 0.46395841240882874 253
1761838720623 0.4638975262641907 254
1761838720698 0.4636380672454834 255
1761838720772 0.46347370743751526 256
1761838720847 0.463168740272522 257
1761838720922 0.4629715383052826 258
1761838720993 0.46274691820144653 259
1761838721069 0.4625832140445709 260
1761838721159 0.46257150173187256 261
1761838721234 0.4625362753868103 262
1761838721309 0.46252480149269104 263
1761838721384 0.4622346758842468 264
1761838721462 0.46222183108329773 265
1761838721538 0.4619075655937195 266
1761838721613 0.4619698226451874 267
1761838721685 0.4619651734828949 268
1761838721757 0.46195951104164124 269
1761838721833 0.4616970419883728 270
1761838721905 0.4617363512516022 271
1761838721981 0.4616965651512146 272
1761838722066 0.4615097641944885 273
1761838722148 0.4613441526889801 274
1761838722228 0.4611389935016632 275
1761838722306 0.46083155274391174 276
1761838722384 0.4605787396430969 277
1761838722459 0.46022409200668335 278
1761838722534 0.46019691228866577 279
1761838722609 0.4601660370826721 280
1761838722682 0.4602775275707245 281
1761838722756 0.45998555421829224 282
1761838722830 0.46001777052879333 283
1761838722904 0.45993146300315857 284
1761838722973 0.4597736895084381 285
1761838723046 0.45972463488578796 286
1761838723120 0.45970261096954346 287
1761838723192 0.45964035391807556 288
1761838723269 0.45948338508605957 289
1761838723346 0.45925837755203247 290
1761838723420 0.4591779112815857 291
1761838723495 0.4590508043766022 292
1761838723569 0.458798885345459 293
1761838723642 0.4584721326828003 294
1761838723715 0.45859867334365845 295
1761838723789 0.45872828364372253 296
1761838723863 0.4585629999637604 297
1761838723935 0.45849791169166565 298
1761838724009 0.4583861827850342 299
1761838724082 0.45828133821487427 300
1761838724158 0.4583491384983063 301
1761838724230 0.45823922753334045 302
1761838724302 0.4582524597644806 303
1761838724377 0.4580535292625427 304
1761838724449 0.45810142159461975 305
1761838724524 0.45801421999931335 306
1761838724596 0.45795729756355286 307
1761838724669 0.45793473720550537 308
1761838724742 0.45801088213920593 309
1761838724816 0.4578765034675598 310
1761838724890 0.45776745676994324 311
1761838724963 0.45760542154312134 312
1761838725038 0.45776376128196716 313
1761838725109 0.45754575729370117 314
1761838725181 0.4573970437049866 315
1761838725256 0.4572815001010895 316
1761838725330 0.45719873905181885 317
1761838725405 0.4569322466850281 318
1761838725480 0.4569474160671234 319
1761838725553 0.4568030834197998 320
1761838725626 0.4566783010959625 321
1761838725702 0.45680007338523865 322
1761838725777 0.4568127989768982 323
1761838725853 0.4566417336463928 324
1761838725943 0.4565136134624481 325
1761838726023 0.45651668310165405 326
1761838726102 0.456418514251709 327
1761838726180 0.45634639263153076 328
1761838726254 0.45614728331565857 329
1761838726329 0.4561460316181183 330
1761838726403 0.45595917105674744 331
1761838726476 0.4557335376739502 332
1761838726549 0.45543745160102844 333
1761838726624 0.45538437366485596 334
1761838726699 0.455312043428421 335
1761838726777 0.4552059471607208 336
1761838726854 0.45511797070503235 337
1761838726929 0.4549223780632019 338
1761838727005 0.4550350308418274 339
1761838727084 0.45507171750068665 340
1761838727160 0.4549635946750641 341
1761838727240 0.454833060503006 342
1761838727322 0.45460593700408936 343
1761838727403 0.45451468229293823 344
1761838727486 0.4543253481388092 345
1761838727570 0.4542577564716339 346
1761838727649 0.454093337059021 347
1761838727731 0.4538126289844513 348
1761838727809 0.45367419719696045 349
1761838727886 0.4534487724304199 350
1761838727960 0.4532756507396698 351
1761838728035 0.45333579182624817 352
1761838728110 0.4533872604370117 353
1761838728185 0.4532244801521301 354
1761838728262 0.45311906933784485 355
1761838728339 0.4529370069503784 356
1761838728415 0.4527645409107208 357
1761838728488 0.4528208374977112 358
1761838728563 0.4526771306991577 359
1761838728636 0.45257794857025146 360
1761838728711 0.4525355100631714 361
1761838728786 0.4526190161705017 362
1761838728862 0.452665239572525 363
1761838728941 0.45262032747268677 364
1761838729017 0.4525381624698639 365
1761838729093 0.45261844992637634 366
1761838729169 0.4526326060295105 367
1761838729243 0.45251432061195374 368
1761838729318 0.45252469182014465 369
1761838729392 0.4523144066333771 370
1761838729467 0.4522508978843689 371
1761838729543 0.45218583941459656 372
1761838729617 0.4520121216773987 373
1761838729691 0.45201563835144043 374
1761838729766 0.4518434703350067 375
1761838729842 0.45170098543167114 376
1761838729918 0.45175108313560486 377
1761838729992 0.45172715187072754 378
1761838730066 0.45154088735580444 379
1761838730139 0.45158594846725464 380
1761838730215 0.45161721110343933 381
1761838730290 0.45144423842430115 382
1761838730365 0.4514140188694 383
1761838730440 0.45133092999458313 384
1761838730515 0.4511084258556366 385
1761838730591 0.4511265158653259 386
1761838730666 0.4509575366973877 387
1761838730740 0.4509144425392151 388
1761838730816 0.4509254992008209 389
1761838730891 0.4508298933506012 390
1761838730966 0.45082709193229675 391
1761838731042 0.45074984431266785 392
1761838731117 0.4507051408290863 393
1761838731192 0.45063668489456177 394
1761838731265 0.45044851303100586 395
1761838731339 0.4504878520965576 396
1761838731413 0.450449675321579 397
1761838731487 0.45044875144958496 398
1761838731563 0.45041200518608093 399
1761838731636 0.45030224323272705 400
