1761838702131 1.3412525653839111 0
1761838702205 2.5886354446411133 1
1761838702278 1.5066224336624146 2
1761838702351 1.7475886344909668 3
1761838702425 1.0188952684402466 4
1761838702497 1.2927080392837524 5
1761838702571 1.557870626449585 6
1761838702645 0.4003324508666992 7
1761838702718 1.1640303134918213 8
1761838702791 1.004138469696045 9
1761838702862 0.9829545021057129 10
1761838702933 0.385730117559433 11
1761838703003 0.29205942153930664 12
1761838703076 1.3537863492965698 13
1761838703147 0.9948216080665588 14
1761838703218 0.3553944230079651 15
1761838703286 1.0487782955169678 16
1761838703353 0.8522792458534241 17
1761838703424 0.8005226254463196 18
1761838703494 0.2781888544559479 19
1761838703566 0.74765545129776 20
1761838703637 0.2668686807155609 21
1761838703709 0.3148534595966339 22
1761838703779 1.0670337677001953 23
1761838703851 1.1609567403793335 24
1761838703922 1.571526288986206 25
1761838703993 0.29919731616973877 26
1761838704068 1.1416480541229248 27
1761838704142 0.11531311273574829 28
1761838704212 0.9256040453910828 29
1761838704283 0.7711308002471924 30
1761838704354 1.0229461193084717 31
1761838704424 0.16488252580165863 32
1761838704495 2.1047511100769043 33
1761838704567 0.9124904870986938 34
1761838704639 1.1073565483093262 35
1761838704711 0.544312059879303 36
1761838704782 0.5083974003791809 37
1761838704853 1.8798387050628662 38
1761838704924 0.5970451235771179 39
1761838704995 0.9357185363769531 40
1761838705066 0.48573607206344604 41
1761838705137 1.9930280447006226 42
1761838705207 0.18331755697727203 43
1761838705279 0.9116967916488647 44
1761838705348 0.8608958721160889 45
1761838705420 1.1097861528396606 46
1761838705488 0.3992362916469574 47
1761838705554 0.7704309225082397 48
1761838705625 0.39458200335502625 49
1761838705701 0.9865788221359253 50
1761838705774 0.3711174726486206 51
1761838705847 1.5936665534973145 52
1761838705919 0.30064907670021057 53
1761838705991 1.4362742900848389 54
1761838706063 0.6402119994163513 55
1761838706136 0.25746122002601624 56
1761838706208 1.1409869194030762 57
1761838706283 0.8660476207733154 58
1761838706357 0.41382378339767456 59
1761838706431 0.5233005881309509 60
1761838706506 0.7359151840209961 61
1761838706582 0.5406713485717773 62
1761838706657 0.48642417788505554 63
1761838706730 0.7906966805458069 64
1761838706801 0.5776590704917908 65
1761838706873 1.8232872486114502 66
1761838706945 1.1810730695724487 67
1761838707014 0.5043221116065979 68
1761838707086 0.13108021020889282 69
1761838707158 0.5173622369766235 70
1761838707232 1.4796732664108276 71
1761838707305 0.5963134169578552 72
1761838707379 0.6963602304458618 73
1761838707452 0.1830468773841858 74
1761838707524 1.4994728565216064 75
1761838707593 0.8160159587860107 76
1761838707664 0.14073021709918976 77
1761838707736 0.9412830471992493 78
1761838707805 1.3265717029571533 79
1761838707875 0.60114985704422 80
1761838707947 0.38084959983825684 81
1761838708018 0.9294058680534363 82
1761838708089 0.846534252166748 83
1761838708161 0.3179803192615509 84
1761838708232 0.49259859323501587 85
1761838708303 1.118193507194519 86
1761838708375 0.46738001704216003 87
1761838708447 0.1780918836593628 88
1761838708518 0.7413344383239746 89
1761838708587 0.25320351123809814 90
1761838708656 1.4318020343780518 91
1761838708726 1.2071917057037354 92
1761838708797 0.4176674783229828 93
1761838708870 0.3029801547527313 94
1761838708942 0.7962764501571655 95
1761838709013 0.6722283363342285 96
1761838709088 1.3573102951049805 97
1761838709161 0.5275856852531433 98
1761838709233 0.23501810431480408 99
1761838709304 0.2663308084011078 100
1761838709374 0.3406563699245453 101
1761838709446 1.3739640712738037 102
1761838709518 0.398215115070343 103
1761838709593 2.622718572616577 104
1761838709666 0.5512430667877197 105
1761838709735 1.2302072048187256 106
1761838709806 0.44745174050331116 107
1761838709879 1.0156352519989014 108
1761838709951 0.12426640093326569 109
1761838710024 1.1029858589172363 110
1761838710096 0.45431870222091675 111
1761838710165 0.3729615807533264 112
1761838710235 0.4628896415233612 113
1761838710308 0.4666934013366699 114
1761838710380 0.8078451156616211 115
1761838710451 1.7476513385772705 116
1761838710524 0.7878360748291016 117
1761838710596 0.43736323714256287 118
1761838710667 0.3520320951938629 119
1761838710740 0.24623167514801025 120
1761838710813 0.5002986788749695 121
1761838710885 1.1338417530059814 122
1761838710958 0.6589410901069641 123
1761838711035 0.9905864596366882 124
1761838711111 0.17959198355674744 125
1761838711186 0.4637295603752136 126
1761838711265 0.23848503828048706 127
1761838711342 0.8680525422096252 128
1761838711423 0.7279013991355896 129
1761838711500 0.6361757516860962 130
1761838711570 1.298681616783142 131
1761838711640 1.5917882919311523 132
1761838711713 0.5953322649002075 133
1761838711784 0.47928962111473083 134
1761838711856 0.34878626465797424 135
1761838711932 0.7750446796417236 136
1761838712004 0.9120932817459106 137
1761838712076 1.00166916847229 138
1761838712149 0.40519213676452637 139
1761838712225 0.8877086639404297 140
1761838712308 0.6926162242889404 141
1761838712385 0.5662609934806824 142
1761838712458 0.2690543830394745 143
1761838712531 0.8024756908416748 144
1761838712604 0.6297416687011719 145
1761838712676 0.5576460957527161 146
1761838712748 0.3198327124118805 147
1761838712819 0.5287230014801025 148
1761838712891 0.18159498274326324 149
1761838712966 0.30253899097442627 150
1761838713042 0.28858035802841187 151
1761838713117 1.0549347400665283 152
1761838713189 0.31756487488746643 153
1761838713262 0.08851897716522217 154
1761838713335 0.5423073172569275 155
1761838713408 0.4417220950126648 156
1761838713480 0.9016278386116028 157
1761838713552 0.5389758944511414 158
1761838713625 0.11949963122606277 159
1761838713696 0.5499950647354126 160
1761838713768 0.40873244404792786 161
1761838713841 1.3311110734939575 162
1761838713915 0.31812557578086853 163
1761838713987 0.13850100338459015 164
1761838714059 0.9612999558448792 165
1761838714132 0.25333431363105774 166
1761838714204 0.7823340892791748 167
1761838714276 0.11237289011478424 168
1761838714347 0.7854819297790527 169
1761838714420 0.41531431674957275 170
1761838714493 0.7523949146270752 171
1761838714565 1.0318946838378906 172
1761838714638 0.43598952889442444 173
1761838714710 0.1951982080936432 174
1761838714783 0.18158051371574402 175
1761838714856 0.5637782216072083 176
1761838714928 1.5368410348892212 177
1761838714999 0.2327830046415329 178
1761838715073 0.10765116661787033 179
1761838715147 1.2080527544021606 180
1761838715217 0.47483864426612854 181
1761838715294 0.6195958256721497 182
1761838715370 1.457267165184021 183
1761838715447 1.079607367515564 184
1761838715519 0.7982676029205322 185
1761838715594 0.21155361831188202 186
1761838715671 0.7060048580169678 187
1761838715749 0.6853693127632141 188
1761838715825 0.8471009135246277 189
1761838715896 0.8767396807670593 190
1761838715970 0.6764658689498901 191
1761838716044 0.7530596256256104 192
1761838716118 0.46925944089889526 193
1761838716191 0.46823057532310486 194
1761838716264 0.3922483026981354 195
1761838716339 0.21545055508613586 196
1761838716413 0.28351637721061707 197
1761838716486 0.1940663903951645 198
1761838716559 0.25354865193367004 199
1761838716632 0.6036299467086792 200
1761838716705 0.7496433258056641 201
1761838716779 1.3309681415557861 202
1761838716855 0.3139350712299347 203
1761838716931 0.25809624791145325 204
1761838717005 1.1842968463897705 205
1761838717079 0.37695935368537903 206
1761838717153 0.43271708488464355 207
1761838717224 0.4825601875782013 208
1761838717295 1.0677802562713623 209
1761838717367 0.6183472871780396 210
1761838717436 0.567510187625885 211
1761838717510 0.9737855792045593 212
1761838717584 0.5096029043197632 213
1761838717657 0.28658363223075867 214
1761838717729 0.5491034984588623 215
1761838717801 0.1800464689731598 216
1761838717874 1.6914253234863281 217
1761838717946 0.5448644757270813 218
1761838718019 0.4908704161643982 219
1761838718093 0.3313046097755432 220
1761838718167 0.6774977445602417 221
1761838718244 0.9267836809158325 222
1761838718319 0.36353033781051636 223
1761838718393 0.6889806985855103 224
1761838718470 0.3868221044540405 225
1761838718545 1.1557155847549438 226
1761838718617 1.6890140771865845 227
1761838718691 0.9109315872192383 228
1761838718763 0.27207130193710327 229
1761838718833 0.607477605342865 230
1761838718908 0.24671299755573273 231
1761838718983 0.07394091784954071 232
1761838719059 0.4245090186595917 233
1761838719135 0.28363049030303955 234
1761838719207 0.319643497467041 235
1761838719279 0.46587347984313965 236
1761838719353 0.5169841647148132 237
1761838719425 0.5018708109855652 238
1761838719500 0.4819117486476898 239
1761838719578 0.061627645045518875 240
1761838719653 0.8542035818099976 241
1761838719728 0.7155570387840271 242
1761838719802 0.10855516791343689 243
1761838719877 0.46861398220062256 244
1761838719950 0.2726380527019501 245
1761838720022 1.012507677078247 246
1761838720097 0.7967454195022583 247
1761838720176 0.49111199378967285 248
1761838720253 0.5228796601295471 249
1761838720328 0.4381024241447449 250
1761838720402 0.34257954359054565 251
1761838720477 0.13369454443454742 252
1761838720550 0.464839905500412 253
1761838720623 0.7155859470367432 254
1761838720698 0.8258820176124573 255
1761838720772 0.7337275743484497 256
1761838720847 1.2193193435668945 257
1761838720922 1.5114538669586182 258
1761838720993 0.4186762869358063 259
1761838721069 0.6393043398857117 260
1761838721159 0.4811411201953888 261
1761838721234 1.0120418071746826 262
1761838721309 0.44314298033714294 263
1761838721384 0.37144869565963745 264
1761838721462 0.6841122508049011 265
1761838721538 0.48635807633399963 266
1761838721613 1.5633156299591064 267
1761838721685 1.3566113710403442 268
1761838721757 0.4620761573314667 269
1761838721833 0.967113196849823 270
1761838721905 0.36272993683815 271
1761838721981 1.1794397830963135 272
1761838722066 0.6993043422698975 273
1761838722148 0.7262985706329346 274
1761838722228 0.8146708011627197 275
1761838722306 0.2007942795753479 276
1761838722384 0.9222128987312317 277
1761838722459 1.019219994544983 278
1761838722534 0.619928777217865 279
1761838722609 1.2958154678344727 280
1761838722682 0.6915314793586731 281
1761838722756 0.18587811291217804 282
1761838722830 2.016623020172119 283
1761838722904 0.773818850517273 284
1761838722973 0.2984537184238434 285
1761838723046 0.9679256081581116 286
1761838723120 0.06641076505184174 287
1761838723192 0.3888908624649048 288
1761838723269 0.22946995496749878 289
1761838723346 0.47033384442329407 290
1761838723420 0.8276808261871338 291
1761838723495 0.43066057562828064 292
1761838723569 0.3034992516040802 293
1761838723642 0.5141353011131287 294
1761838723715 1.3440994024276733 295
1761838723789 1.6648313999176025 296
1761838723863 0.38524654507637024 297
1761838723935 0.2604964077472687 298
1761838724009 0.78900146484375 299
1761838724082 0.6035053730010986 300
1761838724158 1.009347677230835 301
1761838724230 1.0904138088226318 302
1761838724302 1.9239816665649414 303
1761838724377 0.6351650357246399 304
1761838724449 0.6040634512901306 305
1761838724524 1.642844319343567 306
1761838724596 1.0582729578018188 307
1761838724669 0.9357225894927979 308
1761838724742 0.5905617475509644 309
1761838724816 1.0355256795883179 310
1761838724890 0.8385998606681824 311
1761838724963 0.2603967487812042 312
1761838725038 0.905744731426239 313
1761838725109 0.24652308225631714 314
1761838725181 0.26838913559913635 315
1761838725256 0.6211510300636292 316
1761838725330 0.6547710299491882 317
1761838725405 0.3292025923728943 318
1761838725480 1.4171000719070435 319
1761838725553 0.08823592960834503 320
1761838725626 0.5392343401908875 321
1761838725702 0.4519517123699188 322
1761838725777 1.3101109266281128 323
1761838725853 0.16793960332870483 324
1761838725943 0.38205021619796753 325
1761838726023 0.9411881566047668 326
1761838726102 1.2249728441238403 327
1761838726180 2.9347853660583496 328
1761838726254 0.20915819704532623 329
1761838726329 1.3423949480056763 330
1761838726403 0.22994351387023926 331
1761838726476 0.25179240107536316 332
1761838726549 0.3585573434829712 333
1761838726624 1.1587882041931152 334
1761838726699 1.0831975936889648 335
1761838726777 0.5831198692321777 336
1761838726854 1.0007487535476685 337
1761838726929 0.43961912393569946 338
1761838727005 0.3526778817176819 339
1761838727084 0.4429646134376526 340
1761838727160 1.140236258506775 341
1761838727240 0.933262825012207 342
1761838727322 0.52006596326828 343
1761838727403 0.2815493643283844 344
1761838727486 1.5278903245925903 345
1761838727570 0.6897138953208923 346
1761838727649 1.2083734273910522 347
1761838727731 0.704251766204834 348
1761838727809 0.13799290359020233 349
1761838727886 0.25497910380363464 350
1761838727960 0.3348613381385803 351
1761838728035 0.859048068523407 352
1761838728110 1.957329273223877 353
1761838728185 0.08313483744859695 354
1761838728262 0.7421773672103882 355
1761838728339 0.32146120071411133 356
1761838728415 0.4575040638446808 357
1761838728488 0.4178100526332855 358
1761838728563 0.5530356168746948 359
1761838728636 0.4285387396812439 360
1761838728711 0.6128783226013184 361
1761838728786 1.4674824476242065 362
1761838728862 0.3557819426059723 363
1761838728941 0.7914251089096069 364
1761838729017 0.8086348176002502 365
1761838729093 0.7689512968063354 366
1761838729169 0.3221701383590698 367
1761838729243 0.05287691950798035 368
1761838729318 0.547810435295105 369
1761838729392 0.19339986145496368 370
1761838729467 0.6333290338516235 371
1761838729543 1.5056602954864502 372
1761838729617 0.7140759229660034 373
1761838729691 1.0895345211029053 374
1761838729766 1.0090116262435913 375
1761838729842 0.6913644075393677 376
1761838729918 1.07011878490448 377
1761838729992 0.6492717266082764 378
1761838730066 0.262350857257843 379
1761838730139 0.802929699420929 380
1761838730215 1.0355206727981567 381
1761838730290 0.4048129916191101 382
1761838730365 0.5830281376838684 383
1761838730440 0.9034092426300049 384
1761838730515 0.4160953164100647 385
1761838730591 0.6934046149253845 386
1761838730666 0.39248284697532654 387
1761838730740 0.9992137551307678 388
1761838730816 0.19794178009033203 389
1761838730891 0.1415587216615677 390
1761838730966 0.16538043320178986 391
1761838731042 0.625765323638916 392
1761838731117 0.6449678540229797 393
1761838731192 0.6155346632003784 394
1761838731265 0.382653146982193 395
1761838731339 0.7787358164787292 396
1761838731413 0.8523619771003723 397
1761838731487 0.7805578708648682 398
1761838731563 0.6325945258140564 399
1761838731636 0.40923601388931274 400
