1763913345398 1.7333987951278687 0
1763913345497 1.5151171684265137 1
1763913345591 1.3951524496078491 2
1763913345686 1.3036731481552124 3
1763913345779 1.2329357862472534 4
1763913345874 1.185800552368164 5
1763913345967 1.141882061958313 6
1763913346059 1.107316255569458 7
1763913346152 1.0629985332489014 8
1763913346244 1.0331342220306396 9
1763913346338 1.0044748783111572 10
1763913346432 0.9795758128166199 11
1763913346525 0.956730306148529 12
1763913346618 0.9319226741790771 13
1763913346711 0.9095537662506104 14
1763913346803 0.8924536108970642 15
1763913346897 0.8764132261276245 16
1763913346988 0.8596832752227783 17
1763913347078 0.8433490991592407 18
1763913347170 0.8302297592163086 19
1763913347260 0.8165856003761292 20
1763913347351 0.8060071468353271 21
1763913347446 0.7933632135391235 22
1763913347547 0.7818484306335449 23
1763913347644 0.7686149477958679 24
1763913347739 0.7576086521148682 25
1763913347832 0.7468222379684448 26
1763913347921 0.739928126335144 27
1763913348015 0.7285979390144348 28
1763913348107 0.7212705612182617 29
1763913348203 0.7125922441482544 30
1763913348298 0.7065646648406982 31
1763913348391 0.70025634765625 32
1763913348486 0.6910272836685181 33
1763913348583 0.6829540729522705 34
1763913348683 0.6751551628112793 35
1763913348781 0.6681435704231262 36
1763913348877 0.6621000170707703 37
1763913348972 0.6555388569831848 38
1763913349064 0.6491028070449829 39
1763913349156 0.6449649930000305 40
1763913349247 0.6385362148284912 41
1763913349337 0.6332711577415466 42
1763913349434 0.6279795169830322 43
1763913349531 0.6225384473800659 44
1763913349628 0.6174914240837097 45
1763913349723 0.6139589548110962 46
1763913349818 0.6087673306465149 47
1763913349912 0.6044114828109741 48
1763913350006 0.599682629108429 49
1763913350099 0.5956526398658752 50
1763913350191 0.5920327305793762 51
1763913350283 0.587465226650238 52
1763913350375 0.5828095078468323 53
1763913350466 0.5784116387367249 54
1763913350557 0.5733020305633545 55
1763913350650 0.5684050917625427 56
1763913350741 0.5632371306419373 57
1763913350833 0.5575175285339355 58
1763913350924 0.5531309247016907 59
1763913351018 0.5479031205177307 60
1763913351111 0.5431452989578247 61
1763913351203 0.5385718941688538 62
1763913351293 0.5336753129959106 63
1763913351383 0.5292983651161194 64
1763913351479 0.5247333645820618 65
1763913351572 0.5200415849685669 66
1763913351662 0.5149612426757812 67
1763913351754 0.5102866888046265 68
1763913351846 0.5059723258018494 69
1763913351935 0.5017402172088623 70
1763913352025 0.49765411019325256 71
1763913352116 0.49330994486808777 72
1763913352206 0.48970332741737366 73
1763913352298 0.48626908659935 74
1763913352389 0.482934832572937 75
1763913352481 0.47914695739746094 76
1763913352571 0.47547754645347595 77
1763913352662 0.4718943238258362 78
1763913352753 0.46836018562316895 79
1763913352844 0.46485182642936707 80
1763913352937 0.46159863471984863 81
1763913353028 0.4585472643375397 82
1763913353120 0.4554234743118286 83
1763913353213 0.452690452337265 84
1763913353305 0.4499797821044922 85
1763913353398 0.4468804895877838 86
1763913353491 0.4438346028327942 87
1763913353583 0.44089940190315247 88
1763913353676 0.4387151598930359 89
1763913353767 0.435696542263031 90
1763913353859 0.4330006539821625 91
1763913353952 0.4302721917629242 92
1763913354042 0.4275563657283783 93
1763913354136 0.4257180690765381 94
1763913354228 0.4241490066051483 95
1763913354319 0.42170414328575134 96
1763913354410 0.4193257689476013 97
1763913354514 0.41732558608055115 98
1763913354612 0.4155742824077606 99
1763913354706 0.41365543007850647 100
1763913354801 0.4114859104156494 101
1763913354899 0.40956899523735046 102
1763913354999 0.4076445698738098 103
1763913355095 0.40582704544067383 104
1763913355187 0.4035722315311432 105
1763913355283 0.40178030729293823 106
1763913355378 0.4001314342021942 107
1763913355469 0.39859065413475037 108
1763913355570 0.3971770107746124 109
1763913355672 0.3952835500240326 110
1763913355769 0.3936896324157715 111
1763913355862 0.39196115732192993 112
1763913355954 0.39003151655197144 113
1763913356054 0.3884412348270416 114
1763913356149 0.38693493604660034 115
1763913356244 0.3857477009296417 116
1763913356343 0.38466548919677734 117
1763913356439 0.38295915722846985 118
1763913356533 0.3812909722328186 119
1763913356627 0.37990742921829224 120
1763913356722 0.37824955582618713 121
1763913356815 0.3767877519130707 122
1763913356909 0.37546300888061523 123
1763913357002 0.37388893961906433 124
1763913357096 0.37225353717803955 125
1763913357190 0.37085214257240295 126
1763913357283 0.3693980872631073 127
1763913357376 0.3681977391242981 128
1763913357468 0.367178738117218 129
1763913357562 0.36585769057273865 130
1763913357655 0.36445552110671997 131
1763913357746 0.36320069432258606 132
1763913357848 0.3619630038738251 133
1763913357950 0.3607366681098938 134
1763913358048 0.35920754075050354 135
1763913358147 0.3579861521720886 136
1763913358241 0.3568156361579895 137
1763913358332 0.3556705713272095 138
1763913358424 0.3547375202178955 139
1763913358515 0.35415327548980713 140
1763913358610 0.3532770574092865 141
1763913358705 0.35209861397743225 142
1763913358801 0.3510156273841858 143
1763913358901 0.3500906527042389 144
1763913358999 0.34923869371414185 145
1763913359104 0.34802865982055664 146
1763913359206 0.3471803665161133 147
1763913359302 0.34614554047584534 148
1763913359401 0.345088392496109 149
1763913359503 0.34411945939064026 150
1763913359632 0.3433808386325836 151
1763913359737 0.34242480993270874 152
1763913359835 0.34163960814476013 153
1763913359930 0.3408660292625427 154
1763913360024 0.3400687575340271 155
1763913360117 0.33940964937210083 156
1763913360214 0.3383403420448303 157
1763913360311 0.3374035954475403 158
1763913360406 0.3365805447101593 159
1763913360501 0.33567526936531067 160
1763913360598 0.3348456025123596 161
1763913360695 0.3341716527938843 162
1763913360789 0.33333534002304077 163
1763913360886 0.3326004445552826 164
1763913360981 0.3317226469516754 165
1763913361075 0.3307856619358063 166
1763913361167 0.3299531936645508 167
1763913361264 0.3291855752468109 168
1763913361356 0.32886481285095215 169
1763913361449 0.32805442810058594 170
1763913361541 0.3273424506187439 171
1763913361640 0.3267447352409363 172
1763913361739 0.3260371685028076 173
1763913361832 0.32531967759132385 174
1763913361926 0.324783056974411 175
1763913362019 0.32417625188827515 176
1763913362111 0.32340991497039795 177
1763913362206 0.3229537010192871 178
1763913362300 0.3224814832210541 179
1763913362393 0.3217102885246277 180
1763913362489 0.32091763615608215 181
1763913362587 0.32021746039390564 182
1763913362681 0.3195429742336273 183
1763913362772 0.31881335377693176 184
1763913362865 0.3180754482746124 185
1763913362962 0.31739091873168945 186
1763913363058 0.3167079985141754 187
1763913363152 0.3161153495311737 188
1763913363246 0.3155151307582855 189
1763913363338 0.31497570872306824 190
1763913363430 0.31446078419685364 191
1763913363524 0.31382378935813904 192
1763913363625 0.3134095370769501 193
1763913363720 0.31302642822265625 194
1763913363815 0.3124789595603943 195
1763913363909 0.3117651343345642 196
1763913364004 0.31122246384620667 197
1763913364100 0.31093481183052063 198
1763913364192 0.3103539049625397 199
1763913364286 0.3097860813140869 200
1763913364380 0.30912816524505615 201
1763913364475 0.30854108929634094 202
1763913364570 0.30794236063957214 203
1763913364663 0.3075730800628662 204
1763913364757 0.30726030468940735 205
1763913364851 0.30669501423835754 206
1763913364948 0.30627602338790894 207
1763913365047 0.30582791566848755 208
1763913365145 0.3052220642566681 209
1763913365240 0.30473077297210693 210
1763913365337 0.30423954129219055 211
1763913365435 0.30373483896255493 212
1763913365530 0.3031768500804901 213
1763913365624 0.3025098145008087 214
1763913365720 0.30204418301582336 215
1763913365816 0.3014577031135559 216
1763913365910 0.30110061168670654 217
1763913366005 0.30064988136291504 218
1763913366099 0.3001360297203064 219
1763913366194 0.2996799051761627 220
1763913366289 0.2992192208766937 221
1763913366383 0.298909455537796 222
1763913366476 0.2984001934528351 223
1763913366571 0.2980637848377228 224
1763913366664 0.2977210581302643 225
1763913366756 0.29733502864837646 226
1763913366850 0.29708388447761536 227
1763913366954 0.2967359721660614 228
1763913367055 0.29633164405822754 229
1763913367154 0.2958432734012604 230
1763913367255 0.2953994870185852 231
1763913367357 0.29498544335365295 232
1763913367461 0.2945271134376526 233
1763913367565 0.29417261481285095 234
1763913367665 0.2937341034412384 235
1763913367762 0.2931632101535797 236
1763913367980 0.29273906350135803 237
1763913368100 0.2922755479812622 238
1763913368206 0.29185450077056885 239
1763913368309 0.2915593683719635 240
1763913368409 0.2911570370197296 241
1763913368505 0.2908700108528137 242
1763913368603 0.29047664999961853 243
1763913368721 0.2901538610458374 244
1763913368824 0.2898681163787842 245
1763913368923 0.2894529104232788 246
1763913369020 0.2891557514667511 247
1763913369114 0.2888180911540985 248
1763913369208 0.28844761848449707 249
1763913369303 0.2881355881690979 250
1763913369397 0.28773102164268494 251
1763913369491 0.287305623292923 252
1763913369588 0.28694531321525574 253
1763913369682 0.2865423560142517 254
1763913369775 0.2861311733722687 255
1763913369870 0.2857705354690552 256
1763913369963 0.28553348779678345 257
1763913370058 0.28524649143218994 258
1763913370153 0.28483134508132935 259
1763913370246 0.2845674753189087 260
1763913370341 0.28423526883125305 261
1763913370437 0.2838393449783325 262
1763913370532 0.28355279564857483 263
1763913370626 0.2832315266132355 264
1763913370721 0.2828369140625 265
1763913370815 0.2828191816806793 266
1763913370910 0.2826359272003174 267
1763913371005 0.2824496030807495 268
1763913371099 0.28220322728157043 269
1763913371195 0.28182080388069153 270
1763913371292 0.28143754601478577 271
1763913371390 0.28097882866859436 272
1763913371487 0.28074121475219727 273
1763913371584 0.2804677188396454 274
1763913371679 0.28020480275154114 275
1763913371772 0.27996596693992615 276
1763913371867 0.27960866689682007 277
1763913371960 0.2792929708957672 278
1763913372052 0.27898427844047546 279
1763913372147 0.27864569425582886 280
1763913372242 0.2784205377101898 281
1763913372338 0.2781559228897095 282
1763913372434 0.2778933644294739 283
1763913372531 0.27770134806632996 284
1763913372627 0.2774325907230377 285
1763913372722 0.2771208882331848 286
1763913372819 0.2768526077270508 287
1763913372913 0.2765826880931854 288
1763913373007 0.27625101804733276 289
1763913373101 0.275993287563324 290
1763913373194 0.27575257420539856 291
1763913373288 0.2755129337310791 292
1763913373381 0.27539074420928955 293
1763913373478 0.27503058314323425 294
1763913373575 0.27488166093826294 295
1763913373671 0.27469727396965027 296
1763913373765 0.274442583322525 297
1763913373862 0.27424073219299316 298
1763913373961 0.2739940881729126 299
1763913374059 0.2738105058670044 300
1763913374157 0.2735891044139862 301
1763913374254 0.27328330278396606 302
1763913374351 0.27296575903892517 303
1763913374446 0.27271750569343567 304
1763913374542 0.2726278603076935 305
1763913374640 0.2723439931869507 306
1763913374734 0.27204233407974243 307
1763913374829 0.27184268832206726 308
1763913374925 0.2716372311115265 309
1763913375020 0.27148446440696716 310
1763913375114 0.2713526785373688 311
1763913375209 0.27119356393814087 312
1763913375304 0.27090755105018616 313
1763913375396 0.27064308524131775 314
1763913375489 0.2705188989639282 315
1763913375583 0.2704496383666992 316
1763913375676 0.27021753787994385 317
1763913375771 0.26991820335388184 318
1763913375865 0.26977887749671936 319
1763913375959 0.26963651180267334 320
1763913376052 0.26961076259613037 321
1763913376147 0.2694080173969269 322
1763913376242 0.26921048760414124 323
1763913376336 0.26899290084838867 324
1763913376430 0.2687767744064331 325
1763913376524 0.2686365842819214 326
1763913376617 0.2683759927749634 327
1763913376713 0.2680896818637848 328
1763913376806 0.2678137421607971 329
1763913376901 0.2675299644470215 330
1763913376995 0.26737555861473083 331
1763913377090 0.2672247588634491 332
1763913377186 0.26690375804901123 333
1763913377283 0.2667715549468994 334
1763913377378 0.26655855774879456 335
1763913377474 0.266467422246933 336
1763913377568 0.26635605096817017 337
1763913377664 0.26616668701171875 338
1763913377760 0.26593655347824097 339
1763913377853 0.265686959028244 340
1763913377945 0.2654552757740021 341
1763913378043 0.2652114927768707 342
1763913378138 0.2649538815021515 343
1763913378235 0.26477575302124023 344
1763913378328 0.2646324932575226 345
1763913378425 0.26447200775146484 346
1763913378520 0.2642093002796173 347
1763913378616 0.2640204131603241 348
1763913378711 0.2638317942619324 349
1763913378806 0.2635907828807831 350
1763913378900 0.2634699046611786 351
1763913378995 0.2632761299610138 352
1763913379091 0.2630569040775299 353
1763913379185 0.2627698481082916 354
1763913379280 0.26256999373435974 355
1763913379377 0.2623714506626129 356
1763913379474 0.26226115226745605 357
1763913379570 0.26203301548957825 358
1763913379665 0.26188361644744873 359
1763913379761 0.2617589235305786 360
1763913379858 0.2616084814071655 361
1763913379953 0.2614802420139313 362
1763913380048 0.2613656222820282 363
1763913380144 0.2611795663833618 364
1763913380239 0.26103082299232483 365
1763913380334 0.2608024477958679 366
1763913380430 0.2606527805328369 367
1763913380525 0.2604653239250183 368
1763913380621 0.26041096448898315 369
1763913380717 0.2602294981479645 370
1763913380812 0.26013433933258057 371
1763913380909 0.2599378526210785 372
1763913381002 0.25978660583496094 373
1763913381098 0.25961077213287354 374
1763913381192 0.25942596793174744 375
1763913381288 0.2592853605747223 376
1763913381385 0.25913166999816895 377
1763913381480 0.2589429020881653 378
1763913381574 0.25879502296447754 379
1763913381672 0.25861409306526184 380
1763913381768 0.2584701478481293 381
1763913381863 0.2582088112831116 382
1763913381958 0.2580631375312805 383
1763913382054 0.25789403915405273 384
1763913382151 0.25775399804115295 385
1763913382247 0.25759240984916687 386
1763913382344 0.25749367475509644 387
1763913382439 0.2572900652885437 388
1763913382534 0.2571340501308441 389
1763913382630 0.2569901645183563 390
1763913382725 0.2568994462490082 391
1763913382821 0.25680357217788696 392
1763913382916 0.2567236125469208 393
1763913383011 0.25654974579811096 394
1763913383106 0.2563975155353546 395
1763913383203 0.2562987804412842 396
1763913383298 0.256161630153656 397
1763913383395 0.2559676170349121 398
1763913383492 0.25576531887054443 399
1763913383587 0.2556423842906952 400
