1763913345398 1.642725944519043 0
1763913345497 0.8162639141082764 1
1763913345591 1.8107630014419556 2
1763913345686 1.4240849018096924 3
1763913345779 0.7320379018783569 4
1763913345874 0.9615508317947388 5
1763913345967 0.7375827431678772 6
1763913346059 1.0224806070327759 7
1763913346152 0.6595030426979065 8
1763913346244 0.21857798099517822 9
1763913346338 0.3430492877960205 10
1763913346432 0.7639206051826477 11
1763913346525 1.1814438104629517 12
1763913346618 0.44163548946380615 13
1763913346711 0.5587677955627441 14
1763913346803 0.8657126426696777 15
1763913346897 0.6378214359283447 16
1763913346988 0.35824450850486755 17
1763913347078 0.36066240072250366 18
1763913347170 0.32701975107192993 19
1763913347260 0.7529449462890625 20
1763913347351 0.7730427980422974 21
1763913347446 1.3407022953033447 22
1763913347547 0.834013819694519 23
1763913347644 0.18475884199142456 24
1763913347739 0.606913685798645 25
1763913347832 0.5977634191513062 26
1763913347921 0.42176756262779236 27
1763913348015 0.34200310707092285 28
1763913348107 0.9765694737434387 29
1763913348203 0.33956414461135864 30
1763913348298 0.460700660943985 31
1763913348391 0.4300999939441681 32
1763913348486 0.8868103623390198 33
1763913348583 0.6278631687164307 34
1763913348683 0.44185250997543335 35
1763913348781 0.2850322425365448 36
1763913348877 0.3653208315372467 37
1763913348972 0.4778495132923126 38
1763913349064 0.5334967374801636 39
1763913349156 0.7997835278511047 40
1763913349247 0.1788569986820221 41
1763913349337 0.17725563049316406 42
1763913349434 0.7105252742767334 43
1763913349531 0.14092157781124115 44
1763913349628 0.39455610513687134 45
1763913349723 0.33278149366378784 46
1763913349818 0.2528347074985504 47
1763913349912 0.4012072682380676 48
1763913350006 0.22566810250282288 49
1763913350099 0.38630831241607666 50
1763913350191 0.19107751548290253 51
1763913350283 0.09980476647615433 52
1763913350375 0.7948028445243835 53
1763913350466 0.3476826250553131 54
1763913350557 0.6899899244308472 55
1763913350650 0.3230285942554474 56
1763913350741 0.2520693838596344 57
1763913350833 0.25655001401901245 58
1763913350924 0.22087997198104858 59
1763913351018 0.11735991388559341 60
1763913351111 0.11194762587547302 61
1763913351203 0.1200777068734169 62
1763913351293 0.15106047689914703 63
1763913351383 0.6093906760215759 64
1763913351479 0.7269105911254883 65
1763913351572 0.1948828250169754 66
1763913351662 0.2414630651473999 67
1763913351754 0.05902348458766937 68
1763913351846 0.031582433730363846 69
1763913351935 0.5594542026519775 70
1763913352025 0.5057501196861267 71
1763913352116 0.09266666322946548 72
1763913352206 0.12219636142253876 73
1763913352298 0.5156998038291931 74
1763913352389 0.2188868373632431 75
1763913352481 0.4240592122077942 76
1763913352571 0.11121102422475815 77
1763913352662 0.20952269434928894 78
1763913352753 0.05286362022161484 79
1763913352844 0.05628221854567528 80
1763913352937 0.23652301728725433 81
1763913353028 0.051868826150894165 82
1763913353120 0.07884833961725235 83
1763913353213 0.0723065584897995 84
1763913353305 0.0597592256963253 85
1763913353398 0.19612301886081696 86
1763913353491 0.3093225955963135 87
1763913353583 0.3169432282447815 88
1763913353676 0.17715314030647278 89
1763913353767 0.04680237919092178 90
1763913353859 0.2697814702987671 91
1763913353952 0.11731363832950592 92
1763913354042 0.06967603415250778 93
1763913354136 0.061899635940790176 94
1763913354228 0.09222511947154999 95
1763913354319 0.2202853411436081 96
1763913354410 0.3323625326156616 97
1763913354514 0.07996486872434616 98
1763913354612 0.07384150475263596 99
1763913354706 0.20590709149837494 100
1763913354801 0.26833802461624146 101
1763913354899 0.7490306496620178 102
1763913354999 0.08977119624614716 103
1763913355095 0.03465664014220238 104
1763913355187 0.1336376965045929 105
1763913355283 0.19938835501670837 106
1763913355378 0.43018704652786255 107
1763913355469 0.12442876398563385 108
1763913355570 0.062180377542972565 109
1763913355672 0.10915382206439972 110
1763913355769 0.2151055485010147 111
1763913355862 0.36533549427986145 112
1763913355954 0.12194584310054779 113
1763913356054 0.21845479309558868 114
1763913356149 0.2263939082622528 115
1763913356244 0.14224128425121307 116
1763913356343 0.2011050134897232 117
1763913356439 0.15526574850082397 118
1763913356533 0.0503159835934639 119
1763913356627 0.1062522605061531 120
1763913356722 0.085440993309021 121
1763913356815 0.10843706876039505 122
1763913356909 0.1836581975221634 123
1763913357002 0.22786569595336914 124
1763913357096 0.12040026485919952 125
1763913357190 0.08988557010889053 126
1763913357283 0.09227065742015839 127
1763913357376 0.23281410336494446 128
1763913357468 0.3267407715320587 129
1763913357562 0.29495877027511597 130
1763913357655 0.06810081005096436 131
1763913357746 0.22597989439964294 132
1763913357848 0.05877908691763878 133
1763913357950 0.0698506161570549 134
1763913358048 0.15061241388320923 135
1763913358147 0.19891715049743652 136
1763913358241 0.051422614604234695 137
1763913358332 0.4053199291229248 138
1763913358424 0.28458866477012634 139
1763913358515 0.6132926940917969 140
1763913358610 0.08246714621782303 141
1763913358705 0.15098616480827332 142
1763913358801 0.13012348115444183 143
1763913358901 0.12535631656646729 144
1763913358999 0.1528654247522354 145
1763913359104 0.024073567241430283 146
1763913359206 0.2879035472869873 147
1763913359302 0.04148218035697937 148
1763913359401 0.048360519111156464 149
1763913359503 0.2907469570636749 150
1763913359632 0.06461352854967117 151
1763913359737 0.27369457483291626 152
1763913359835 0.09256791323423386 153
1763913359930 0.3145001232624054 154
1763913360024 0.23381692171096802 155
1763913360117 0.1661226600408554 156
1763913360214 0.07742086052894592 157
1763913360311 0.1282692551612854 158
1763913360406 0.02372589521110058 159
1763913360501 0.07923524081707001 160
1763913360598 0.15450595319271088 161
1763913360695 0.18608708679676056 162
1763913360789 0.28849250078201294 163
1763913360886 0.29528316855430603 164
1763913360981 0.06803475320339203 165
1763913361075 0.4269014298915863 166
1763913361167 0.18575431406497955 167
1763913361264 0.2911577522754669 168
1763913361356 0.16467854380607605 169
1763913361449 0.0867023915052414 170
1763913361541 0.21611736714839935 171
1763913361640 0.5450531244277954 172
1763913361739 0.15947063267230988 173
1763913361832 0.32779836654663086 174
1763913361926 0.14519914984703064 175
1763913362019 0.2013656049966812 176
1763913362111 0.6179664134979248 177
1763913362206 0.3663615882396698 178
1763913362300 0.115557961165905 179
1763913362393 0.07841989398002625 180
1763913362489 0.3778928816318512 181
1763913362587 0.12233451753854752 182
1763913362681 0.12128741294145584 183
1763913362772 0.1256200671195984 184
1763913362865 0.10291697084903717 185
1763913362962 0.446884423494339 186
1763913363058 0.1584642231464386 187
1763913363152 0.27522632479667664 188
1763913363246 0.3324965238571167 189
1763913363338 0.3056505620479584 190
1763913363430 0.2715859115123749 191
1763913363524 0.4108002781867981 192
1763913363625 0.17495423555374146 193
1763913363720 0.1474313735961914 194
1763913363815 0.08116424083709717 195
1763913363909 0.11320097744464874 196
1763913364004 0.08196710795164108 197
1763913364100 0.46036672592163086 198
1763913364192 0.39946916699409485 199
1763913364286 0.12125891447067261 200
1763913364380 0.09216447919607162 201
1763913364475 0.227983295917511 202
1763913364570 0.09628748148679733 203
1763913364663 0.16756528615951538 204
1763913364757 0.4349792003631592 205
1763913364851 0.1071026399731636 206
1763913364948 0.07831393927335739 207
1763913365047 0.11541681736707687 208
1763913365145 0.10380880534648895 209
1763913365240 0.08915044367313385 210
1763913365337 0.25858885049819946 211
1763913365435 0.06172261759638786 212
1763913365530 0.2384476512670517 213
1763913365624 0.04268217459321022 214
1763913365720 0.3521885275840759 215
1763913365816 0.11056113988161087 216
1763913365910 0.08088991045951843 217
1763913366005 0.5087342262268066 218
1763913366099 0.11540217697620392 219
1763913366194 0.1676088273525238 220
1763913366289 0.09254623204469681 221
1763913366383 0.37439966201782227 222
1763913366476 0.07541289925575256 223
1763913366571 0.24895475804805756 224
1763913366664 0.19289179146289825 225
1763913366756 0.1981401890516281 226
1763913366850 0.15419165790081024 227
1763913366954 0.06040622293949127 228
1763913367055 0.0216088704764843 229
1763913367154 0.11404382437467575 230
1763913367255 0.33989009261131287 231
1763913367357 0.3918246328830719 232
1763913367461 0.06216946989297867 233
1763913367565 0.40789103507995605 234
1763913367665 0.17939263582229614 235
1763913367762 0.08878745138645172 236
1763913367980 0.11391172558069229 237
1763913368100 0.022626178339123726 238
1763913368206 0.14560696482658386 239
1763913368309 0.2398453801870346 240
1763913368409 0.49796736240386963 241
1763913368505 0.509983241558075 242
1763913368603 0.25003382563591003 243
1763913368721 0.0680440291762352 244
1763913368824 0.43109554052352905 245
1763913368923 0.16446571052074432 246
1763913369020 0.21372146904468536 247
1763913369114 0.1748914122581482 248
1763913369208 0.02239033207297325 249
1763913369303 0.391585111618042 250
1763913369397 0.1572290062904358 251
1763913369491 0.18645592033863068 252
1763913369588 0.20935505628585815 253
1763913369682 0.46356910467147827 254
1763913369775 0.1969362050294876 255
1763913369870 0.12155905365943909 256
1763913369963 0.2240695208311081 257
1763913370058 0.0776950791478157 258
1763913370153 0.057892121374607086 259
1763913370246 0.12016691267490387 260
1763913370341 0.10239051282405853 261
1763913370437 0.12211737781763077 262
1763913370532 0.7260464429855347 263
1763913370626 0.4600893557071686 264
1763913370721 0.3020762503147125 265
1763913370815 0.18243888020515442 266
1763913370910 0.054903507232666016 267
1763913371005 0.2507663667201996 268
1763913371099 0.15262028574943542 269
1763913371195 0.037622783333063126 270
1763913371292 0.24632106721401215 271
1763913371390 0.05156385153532028 272
1763913371487 0.054184406995773315 273
1763913371584 0.2595725655555725 274
1763913371679 0.3472614288330078 275
1763913371772 0.08976250886917114 276
1763913371867 0.09111213684082031 277
1763913371960 0.23234227299690247 278
1763913372052 0.09273317456245422 279
1763913372147 0.2620680630207062 280
1763913372242 0.2084982693195343 281
1763913372338 0.42519310116767883 282
1763913372434 0.022695858031511307 283
1763913372531 0.06278015673160553 284
1763913372627 0.20640918612480164 285
1763913372722 0.8948144316673279 286
1763913372819 0.08212428539991379 287
1763913372913 0.05588683858513832 288
1763913373007 0.18201914429664612 289
1763913373101 0.0297293271869421 290
1763913373194 0.1716744601726532 291
1763913373288 0.017939167097210884 292
1763913373381 0.09740375727415085 293
1763913373478 0.14883063733577728 294
1763913373575 0.23024384677410126 295
1763913373671 0.4539666175842285 296
1763913373765 0.12963111698627472 297
1763913373862 0.3090934753417969 298
1763913373961 0.4343513548374176 299
1763913374059 0.07268772274255753 300
1763913374157 0.12679001688957214 301
1763913374254 0.3412412106990814 302
1763913374351 0.23218826949596405 303
1763913374446 0.04463508725166321 304
1763913374542 0.17369906604290009 305
1763913374640 0.6126760244369507 306
1763913374734 0.22727151215076447 307
1763913374829 0.3276052474975586 308
1763913374925 0.3658723533153534 309
1763913375020 0.25156480073928833 310
1763913375114 0.4797709882259369 311
1763913375209 0.18339720368385315 312
1763913375304 0.08770536631345749 313
1763913375396 0.10573355853557587 314
1763913375489 0.09064625203609467 315
1763913375583 0.05463240668177605 316
1763913375676 0.43915775418281555 317
1763913375771 0.02558615803718567 318
1763913375865 0.8063035011291504 319
1763913375959 0.45838692784309387 320
1763913376052 0.29552537202835083 321
1763913376147 0.17799292504787445 322
1763913376242 0.25365039706230164 323
1763913376336 0.08722345530986786 324
1763913376430 0.06691398471593857 325
1763913376524 0.3324018716812134 326
1763913376617 0.12615208327770233 327
1763913376713 0.07544133812189102 328
1763913376806 0.05689126253128052 329
1763913376901 0.09685937315225601 330
1763913376995 0.1672690063714981 331
1763913377090 0.44077983498573303 332
1763913377186 0.11148308962583542 333
1763913377283 0.014983562752604485 334
1763913377378 0.1055976077914238 335
1763913377474 0.09855261445045471 336
1763913377568 0.2883449196815491 337
1763913377664 0.02891896665096283 338
1763913377760 0.294665664434433 339
1763913377853 0.3774433732032776 340
1763913377945 0.4349519610404968 341
1763913378043 0.24629224836826324 342
1763913378138 0.24021945893764496 343
1763913378235 0.2700656056404114 344
1763913378328 0.08322572708129883 345
1763913378425 0.34673166275024414 346
1763913378520 0.08197662979364395 347
1763913378616 0.07635285705327988 348
1763913378711 0.21722356975078583 349
1763913378806 0.0934162437915802 350
1763913378900 0.02011444792151451 351
1763913378995 0.17860081791877747 352
1763913379091 0.20330336689949036 353
1763913379185 0.3055865466594696 354
1763913379280 0.4135058522224426 355
1763913379377 0.09014087915420532 356
1763913379474 0.47255152463912964 357
1763913379570 0.0638311505317688 358
1763913379665 0.26176539063453674 359
1763913379761 0.3264981508255005 360
1763913379858 0.39602187275886536 361
1763913379953 0.53470778465271 362
1763913380048 0.1313382238149643 363
1763913380144 0.15909431874752045 364
1763913380239 0.10798211395740509 365
1763913380334 0.1587381362915039 366
1763913380430 0.45390161871910095 367
1763913380525 0.4669684171676636 368
1763913380621 0.31639233231544495 369
1763913380717 0.02168377861380577 370
1763913380812 0.3067343235015869 371
1763913380909 0.3017403483390808 372
1763913381002 0.1522960364818573 373
1763913381098 0.18409626185894012 374
1763913381192 0.040599022060632706 375
1763913381288 0.20911775529384613 376
1763913381385 0.4880482852458954 377
1763913381480 0.16775257885456085 378
1763913381574 0.022304391488432884 379
1763913381672 0.0957680344581604 380
1763913381768 0.08310478180646896 381
1763913381863 0.045415669679641724 382
1763913381958 0.03517257794737816 383
1763913382054 0.21867284178733826 384
1763913382151 0.16014093160629272 385
1763913382247 0.26263993978500366 386
1763913382344 0.2482149749994278 387
1763913382439 0.08585185557603836 388
1763913382534 0.21672171354293823 389
1763913382630 0.23234082758426666 390
1763913382725 0.16152212023735046 391
1763913382821 0.14635974168777466 392
1763913382916 0.3138826787471771 393
1763913383011 0.051083046942949295 394
1763913383106 0.37650448083877563 395
1763913383203 0.19553065299987793 396
1763913383298 0.35824498534202576 397
1763913383395 0.12501339614391327 398
1763913383492 0.09359592199325562 399
1763913383587 0.4918293058872223 400
