1762792804012 1.7166543006896973 0
1762792804111 1.5246087312698364 1
1762792804206 1.4016543626785278 2
1762792804302 1.3122053146362305 3
1762792804409 1.2602906227111816 4
1762792804508 1.211125135421753 5
1762792804609 1.1621136665344238 6
1762792804710 1.117224097251892 7
1762792804822 1.0803391933441162 8
1762792804919 1.0584819316864014 9
1762792805016 1.0277197360992432 10
1762792805110 0.994381308555603 11
1762792805206 0.9716638922691345 12
1762792805299 0.9497399926185608 13
1762792805391 0.9305561780929565 14
1762792805483 0.913560688495636 15
1762792805578 0.8924753069877625 16
1762792805671 0.8770279288291931 17
1762792805765 0.8595380783081055 18
1762792805858 0.8465803265571594 19
1762792805950 0.8356531262397766 20
