1762792804012 1.3794138431549072 0
1762792804111 1.8112539052963257 1
1762792804206 0.8486430644989014 2
1762792804302 0.8100840449333191 3
1762792804409 1.516204833984375 4
1762792804508 0.9394282102584839 5
1762792804609 0.9172307252883911 6
1762792804710 0.734978199005127 7
1762792804822 1.194888949394226 8
1762792804919 1.3091716766357422 9
1762792805016 0.3994743525981903 10
1762792805110 0.3993435800075531 11
1762792805206 0.6580314636230469 12
1762792805299 1.146902322769165 13
1762792805391 0.7615482807159424 14
1762792805483 0.6410477757453918 15
1762792805578 0.27863502502441406 16
1762792805671 0.41850072145462036 17
1762792805765 0.4770551919937134 18
1762792805858 0.3494938611984253 19
1762792805950 0.4232734441757202 20
