1763904942874 1.8035376071929932 0
1763904942968 1.5583261251449585 1
1763904943064 1.425774097442627 2
1763904943157 1.3423547744750977 3
1763904943248 1.2747951745986938 4
1763904943341 1.2100706100463867 5
1763904943432 1.1611599922180176 6
1763904943525 1.1171871423721313 7
1763904943616 1.0849497318267822 8
1763904943707 1.0559815168380737 9
1763904943798 1.029999852180481 10
1763904943890 1.0048726797103882 11
1763904943982 0.979541003704071 12
1763904944071 0.9508349895477295 13
1763904944164 0.9284610748291016 14
1763904944255 0.9111624360084534 15
1763904944347 0.8931059241294861 16
1763904944438 0.8764464855194092 17
1763904944529 0.8593714237213135 18
1763904944620 0.8407872319221497 19
