1763904942874 1.7375785112380981 0
1763904942968 1.487060546875 1
1763904943064 1.7770568132400513 2
1763904943157 0.990348756313324 3
1763904943248 0.7942644357681274 4
1763904943341 1.5227899551391602 5
1763904943432 1.0589914321899414 6
1763904943525 1.8303369283676147 7
1763904943616 1.2781707048416138 8
1763904943707 0.5991451144218445 9
1763904943798 0.5890793800354004 10
1763904943890 0.9198715686798096 11
1763904943982 0.4533102810382843 12
1763904944071 0.45206451416015625 13
1763904944164 0.2800876498222351 14
1763904944255 1.0961467027664185 15
1763904944347 0.7772454619407654 16
1763904944438 0.23306088149547577 17
1763904944529 0.612697422504425 18
1763904944620 0.8016268014907837 19
