1762792676829 1.7498172521591187 0
1762792676920 1.5543580055236816 1
1762792677015 1.4457414150238037 2
1762792677109 1.361128330230713 3
1762792677201 1.288541316986084 4
1762792677294 1.2363520860671997 5
1762792677388 1.1939702033996582 6
1762792677483 1.1584404706954956 7
1762792677577 1.122333288192749 8
1762792677668 1.088040828704834 9
1762792677761 1.064462423324585 10
1762792677855 1.0436714887619019 11
1762792677946 1.014798641204834 12
1762792678039 0.9920075535774231 13
1762792678130 0.9727345108985901 14
1762792678221 0.9548336863517761 15
1762792678312 0.9405819177627563 16
1762792678404 0.9241465926170349 17
1762792678495 0.9055266380310059 18
1762792678586 0.8918519020080566 19
1762792678676 0.8785355091094971 20
1762792678767 0.8641727566719055 21
1762792678858 0.8539324402809143 22
1762792678949 0.8409367799758911 23
1762792679040 0.828835666179657 24
1762792679132 0.8195720314979553 25
1762792679223 0.8094623684883118 26
1762792679313 0.798835039138794 27
1762792679404 0.7869457006454468 28
1762792679495 0.7795252203941345 29
1762792679586 0.7702486515045166 30
1762792679676 0.7630549669265747 31
1762792679767 0.7552648782730103 32
1762792679858 0.7478408813476562 33
1762792679949 0.7408167123794556 34
1762792680040 0.7350414991378784 35
