1762792676829 1.632333755493164 0
1762792676920 1.600274682044983 1
1762792677015 1.341665506362915 2
1762792677109 1.108210802078247 3
1762792677201 1.25819730758667 4
1762792677294 0.8992753028869629 5
1762792677388 0.9478358626365662 6
1762792677483 1.6784604787826538 7
1762792677577 0.6514085531234741 8
1762792677668 0.8281471729278564 9
1762792677761 0.28878775238990784 10
1762792677855 0.7331615686416626 11
1762792677946 0.7618404030799866 12
1762792678039 0.5710016489028931 13
1762792678130 1.527998685836792 14
1762792678221 0.6178474426269531 15
1762792678312 0.9605623483657837 16
1762792678404 0.49601051211357117 17
1762792678495 1.2273977994918823 18
1762792678586 0.8865060806274414 19
1762792678676 0.9873096942901611 20
1762792678767 0.7116521000862122 21
1762792678858 0.5243980884552002 22
1762792678949 0.41554975509643555 23
1762792679040 0.7795376777648926 24
1762792679132 0.37042590975761414 25
1762792679223 0.28918659687042236 26
1762792679313 0.6337230801582336 27
1762792679404 0.1812705099582672 28
1762792679495 0.5144559144973755 29
1762792679586 0.7687227725982666 30
1762792679676 0.4876086413860321 31
1762792679767 0.49124422669410706 32
1762792679858 0.20346984267234802 33
1762792679949 0.4931740164756775 34
1762792680040 0.48346343636512756 35
