1763905270728 1.7017027139663696 0
1763905270824 1.4716778993606567 1
1763905270919 1.3813750743865967 2
1763905271011 1.2918083667755127 3
1763905271104 1.2212570905685425 4
1763905271198 1.1588650941848755 5
1763905271291 1.1176671981811523 6
1763905271383 1.0795989036560059 7
1763905271475 1.0410144329071045 8
1763905271565 1.014255166053772 9
1763905271653 0.9899285435676575 10
1763905271741 0.9638617038726807 11
1763905271830 0.938557505607605 12
1763905271921 0.9200098514556885 13
1763905272012 0.8984645009040833 14
1763905272105 0.8797464966773987 15
1763905272199 0.8631001710891724 16
1763905272293 0.845789909362793 17
1763905272386 0.8318539261817932 18
1763905272478 0.8174758553504944 19
1763905272568 0.8060799241065979 20
1763905272659 0.7952239513397217 21
1763905272751 0.7822049260139465 22
1763905272842 0.7731271386146545 23
1763905272933 0.7607828378677368 24
1763905273029 0.7515910267829895 25
1763905273119 0.7459494471549988 26
1763905273210 0.7363916635513306 27
1763905273302 0.7258355617523193 28
1763905273393 0.7167685627937317 29
1763905273484 0.7085524201393127 30
1763905273576 0.7008675336837769 31
1763905273665 0.6931018233299255 32
