1763905270728 1.7087093591690063 0
1763905270824 1.3232167959213257 1
1763905270919 1.3081450462341309 2
1763905271011 1.399156093597412 3
1763905271104 1.4335155487060547 4
1763905271198 0.5846194624900818 5
1763905271291 0.6837978959083557 6
1763905271383 1.0118488073349 7
1763905271475 0.641414225101471 8
1763905271565 0.7160218358039856 9
1763905271653 0.6686367988586426 10
1763905271741 0.8926223516464233 11
1763905271830 0.43613681197166443 12
1763905271921 1.0900999307632446 13
1763905272012 0.23092585802078247 14
1763905272105 0.6635963320732117 15
1763905272199 0.6463063359260559 16
1763905272293 0.6993781924247742 17
1763905272386 0.470657080411911 18
1763905272478 0.4293983578681946 19
1763905272568 0.48139968514442444 20
1763905272659 0.6643179655075073 21
1763905272751 0.43227219581604004 22
1763905272842 0.16726084053516388 23
1763905272933 1.1798694133758545 24
1763905273029 0.788942277431488 25
1763905273119 0.8460884690284729 26
1763905273210 0.3806949257850647 27
1763905273302 0.45632070302963257 28
1763905273393 1.278839111328125 29
1763905273484 0.5534578561782837 30
1763905273576 0.20419108867645264 31
1763905273665 0.46358999609947205 32
