1763904625140 1.7611050605773926 0
1763904625232 1.4990200996398926 1
1763904625329 1.3838759660720825 2
1763904625421 1.2979849576950073 3
1763904625514 1.2156176567077637 4
1763904625604 1.1748384237289429 5
1763904625696 1.133201241493225 6
1763904625788 1.0886344909667969 7
1763904625881 1.0516445636749268 8
1763904625973 1.01897394657135 9
1763904626064 0.9980049133300781 10
1763904626155 0.977332353591919 11
1763904626245 0.9527613520622253 12
1763904626337 0.9339657425880432 13
1763904626425 0.91347736120224 14
1763904626517 0.894381046295166 15
1763904626608 0.8754137754440308 16
1763904626698 0.8580392599105835 17
1763904626790 0.8417086005210876 18
1763904626880 0.8270491361618042 19
1763904626971 0.8167600631713867 20
1763904627064 0.803236186504364 21
1763904627156 0.7900018095970154 22
1763904627246 0.7758967876434326 23
1763904627337 0.763114333152771 24
1763904627428 0.7528187036514282 25
