1763904625140 1.4553805589675903 0
1763904625232 1.1865628957748413 1
1763904625329 0.9959783554077148 2
1763904625421 0.8563789129257202 3
1763904625514 0.4556206166744232 4
1763904625604 0.9548910856246948 5
1763904625696 0.6899056434631348 6
1763904625788 0.5750824809074402 7
1763904625881 0.7516680955886841 8
1763904625973 0.4090310335159302 9
1763904626064 1.047187328338623 10
1763904626155 0.9800496101379395 11
1763904626245 0.5856772065162659 12
1763904626337 0.7370354533195496 13
1763904626425 0.813666820526123 14
1763904626517 0.8441649675369263 15
1763904626608 0.6599464416503906 16
1763904626698 0.5060871243476868 17
1763904626790 0.23031260073184967 18
1763904626880 0.5737653970718384 19
1763904626971 0.3149726092815399 20
1763904627064 0.8837335109710693 21
1763904627156 0.3937293291091919 22
1763904627246 0.5048238039016724 23
1763904627337 0.08875299990177155 24
1763904627428 0.4696963429450989 25
