1763905596752 1.7814452648162842 0
1763905596846 1.5474156141281128 1
1763905596938 1.4100451469421387 2
1763905597030 1.331327199935913 3
1763905597118 1.2601399421691895 4
1763905597210 1.2004845142364502 5
1763905597302 1.1560735702514648 6
1763905597395 1.1172393560409546 7
1763905597489 1.077750563621521 8
1763905597581 1.0502630472183228 9
1763905597673 1.0214704275131226 10
1763905597765 0.9974406957626343 11
1763905597858 0.968755841255188 12
1763905597951 0.945269763469696 13
1763905598042 0.9259436130523682 14
1763905598133 0.912050187587738 15
1763905598224 0.8937724828720093 16
1763905598316 0.8751047253608704 17
1763905598408 0.857695460319519 18
1763905598499 0.8405947685241699 19
1763905598590 0.8224413990974426 20
1763905598683 0.8075814247131348 21
1763905598776 0.7954027652740479 22
1763905598869 0.7845042943954468 23
1763905598961 0.7745082974433899 24
1763905599052 0.7653238773345947 25
1763905599144 0.7552996277809143 26
1763905599234 0.7441955804824829 27
1763905599326 0.7334162592887878 28
1763905599419 0.7259525656700134 29
1763905599513 0.7173948884010315 30
1763905599605 0.7092100381851196 31
1763905599697 0.7010798454284668 32
1763905599790 0.6906144022941589 33
1763905599884 0.683113694190979 34
1763905599976 0.6758953332901001 35
1763905600069 0.6691463589668274 36
1763905600161 0.6612282395362854 37
1763905600252 0.6564652323722839 38
1763905600344 0.6499283313751221 39
1763905600436 0.6434041857719421 40
1763905600528 0.6361531019210815 41
1763905600619 0.6294359564781189 42
1763905600712 0.6229748129844666 43
1763905600807 0.6158741116523743 44
1763905600901 0.6088987588882446 45
1763905600996 0.6019454598426819 46
1763905601087 0.5955413579940796 47
1763905601181 0.5899012088775635 48
1763905601273 0.5839754343032837 49
1763905601365 0.5779511332511902 50
1763905601458 0.5723694562911987 51
1763905601551 0.5659804344177246 52
1763905601644 0.5609284043312073 53
1763905601738 0.5556377172470093 54
1763905601831 0.5499324798583984 55
1763905601923 0.5446116328239441 56
1763905602015 0.5386317372322083 57
1763905602108 0.53360915184021 58
1763905602200 0.5282235145568848 59
1763905602292 0.5232557058334351 60
1763905602404 0.517969012260437 61
1763905602498 0.5135530829429626 62
1763905602591 0.5088906288146973 63
1763905602684 0.5045956373214722 64
1763905602775 0.5001500248908997 65
1763905602866 0.4962621331214905 66
1763905602960 0.49223482608795166 67
1763905603054 0.488630473613739 68
1763905603146 0.48456835746765137 69
1763905603241 0.48039883375167847 70
1763905603334 0.47625041007995605 71
1763905603429 0.4727203845977783 72
1763905603523 0.4689823389053345 73
1763905603615 0.4651149809360504 74
1763905603707 0.461363285779953 75
1763905603801 0.45771554112434387 76
1763905603897 0.45433080196380615 77
1763905603991 0.4510112702846527 78
1763905604083 0.447588175535202 79
1763905604177 0.44486430287361145 80
1763905604271 0.44191232323646545 81
1763905604363 0.43920427560806274 82
1763905604455 0.436341792345047 83
1763905604549 0.43345460295677185 84
1763905604643 0.43088120222091675 85
1763905604735 0.4281165897846222 86
1763905604828 0.4257739186286926 87
1763905604920 0.4233214855194092 88
1763905605010 0.4212246239185333 89
1763905605103 0.41830357909202576 90
1763905605195 0.41586288809776306 91
1763905605288 0.41317513585090637 92
1763905605382 0.41120606660842896 93
1763905605475 0.408829003572464 94
1763905605568 0.406556099653244 95
1763905605661 0.4044332802295685 96
1763905605752 0.40249311923980713 97
1763905605846 0.40039771795272827 98
1763905605939 0.3981165885925293 99
1763905606033 0.3961568772792816 100
1763905606126 0.3941483199596405 101
1763905606219 0.3922344446182251 102
1763905606311 0.39021676778793335 103
1763905606403 0.3881743550300598 104
1763905606499 0.38590967655181885 105
1763905606593 0.38433074951171875 106
1763905606686 0.3824732005596161 107
1763905606778 0.38078510761260986 108
1763905606870 0.37938258051872253 109
1763905606964 0.37753742933273315 110
1763905607055 0.37582170963287354 111
1763905607147 0.3741815388202667 112
1763905607239 0.37258002161979675 113
1763905607332 0.3708864152431488 114
1763905607425 0.3690504729747772 115
1763905607518 0.36754611134529114 116
1763905607611 0.36583346128463745 117
1763905607705 0.3642209768295288 118
1763905607802 0.3628368675708771 119
1763905607896 0.3615500032901764 120
1763905607991 0.3601328432559967 121
1763905608089 0.35873523354530334 122
1763905608184 0.3572481870651245 123
1763905608278 0.35602402687072754 124
1763905608372 0.35493525862693787 125
1763905608465 0.3534608781337738 126
1763905608557 0.3522128760814667 127
1763905608650 0.35094499588012695 128
1763905608769 0.3498295247554779 129
1763905608867 0.34897318482398987 130
1763905608964 0.34763798117637634 131
1763905609059 0.3463921844959259 132
1763905609152 0.345452219247818 133
1763905609244 0.3445199429988861 134
1763905609336 0.34327271580696106 135
1763905609428 0.3422630727291107 136
1763905609521 0.34113025665283203 137
1763905609613 0.34009239077568054 138
1763905609707 0.33908945322036743 139
1763905609801 0.3383139967918396 140
1763905609894 0.3371482193470001 141
1763905609988 0.33603358268737793 142
1763905610078 0.3352104425430298 143
1763905610172 0.3343368172645569 144
1763905610264 0.33334997296333313 145
1763905610357 0.332661509513855 146
1763905610450 0.3318307101726532 147
1763905610548 0.3308410942554474 148
1763905610642 0.32984083890914917 149
1763905610736 0.3290407359600067 150
1763905610828 0.3280126750469208 151
1763905610922 0.32707610726356506 152
1763905611020 0.3260565996170044 153
1763905611116 0.3252047300338745 154
1763905611210 0.32430359721183777 155
1763905611304 0.3232859969139099 156
1763905611398 0.3225027918815613 157
1763905611493 0.3218996822834015 158
1763905611585 0.3209124207496643 159
1763905611678 0.3203508257865906 160
1763905611771 0.31990915536880493 161
1763905611865 0.3194918632507324 162
1763905611960 0.3186461627483368 163
1763905612055 0.3179883062839508 164
1763905612149 0.3172801434993744 165
1763905612243 0.31664055585861206 166
1763905612336 0.315755158662796 167
1763905612431 0.3150258958339691 168
1763905612524 0.31433770060539246 169
1763905612616 0.3138410747051239 170
1763905612709 0.31321409344673157 171
1763905612802 0.31287387013435364 172
1763905612895 0.31227460503578186 173
1763905612988 0.31172698736190796 174
1763905613077 0.3110427260398865 175
1763905613167 0.3103124797344208 176
1763905613260 0.30950927734375 177
1763905613353 0.30892348289489746 178
1763905613447 0.3083818852901459 179
1763905613542 0.3079264461994171 180
1763905613639 0.3072410225868225 181
1763905613731 0.3065997064113617 182
1763905613827 0.30584460496902466 183
1763905613923 0.3052602708339691 184
1763905614017 0.30475351214408875 185
1763905614111 0.304129958152771 186
1763905614205 0.30354368686676025 187
1763905614298 0.3030531406402588 188
1763905614391 0.3024279475212097 189
1763905614486 0.301695853471756 190
1763905614582 0.30116039514541626 191
1763905614676 0.3007405996322632 192
1763905614770 0.3002261221408844 193
1763905614862 0.2996128797531128 194
1763905614956 0.29903459548950195 195
1763905615049 0.29851382970809937 196
1763905615144 0.2980859577655792 197
1763905615238 0.29746943712234497 198
1763905615332 0.2969302237033844 199
1763905615425 0.2963893413543701 200
1763905615522 0.2959398627281189 201
1763905615618 0.29541921615600586 202
1763905615713 0.29493409395217896 203
1763905615812 0.29449522495269775 204
1763905615907 0.29385608434677124 205
1763905616002 0.2934510409832001 206
1763905616096 0.29320454597473145 207
1763905616190 0.2928067445755005 208
1763905616283 0.29229605197906494 209
1763905616378 0.2918417453765869 210
1763905616472 0.29123491048812866 211
1763905616566 0.29081475734710693 212
1763905616661 0.2904181480407715 213
1763905616755 0.28998592495918274 214
1763905616863 0.28951945900917053 215
1763905616965 0.2891075909137726 216
1763905617064 0.2885359823703766 217
1763905617163 0.2881564497947693 218
1763905617258 0.2876865863800049 219
1763905617354 0.2872777283191681 220
1763905617448 0.28686681389808655 221
1763905617557 0.28653550148010254 222
1763905617653 0.2859165370464325 223
1763905617750 0.28561630845069885 224
1763905617848 0.2850858271121979 225
1763905617941 0.28470683097839355 226
1763905618034 0.28425630927085876 227
1763905618127 0.28380611538887024 228
1763905618222 0.2834774851799011 229
1763905618318 0.2830398678779602 230
1763905618414 0.28267887234687805 231
1763905618512 0.28241026401519775 232
1763905618608 0.28208988904953003 233
1763905618702 0.28163599967956543 234
1763905618797 0.2813229560852051 235
1763905618890 0.2809959352016449 236
1763905618984 0.28060463070869446 237
1763905619078 0.2803103029727936 238
1763905619173 0.28001442551612854 239
1763905619270 0.2796010375022888 240
1763905619375 0.2792849540710449 241
1763905619480 0.2788265645503998 242
1763905619582 0.2784478962421417 243
1763905619681 0.27812638878822327 244
1763905619780 0.2776743173599243 245
1763905619884 0.2774677276611328 246
1763905619986 0.27720215916633606 247
1763905620083 0.2769155204296112 248
1763905620177 0.2766288220882416 249
1763905620270 0.2763769030570984 250
1763905620365 0.2761004865169525 251
1763905620459 0.27597111463546753 252
1763905620554 0.27565303444862366 253
1763905620650 0.2753814458847046 254
1763905620747 0.27506211400032043 255
1763905620842 0.27484822273254395 256
1763905620939 0.2746962010860443 257
1763905621035 0.27427899837493896 258
1763905621132 0.27389922738075256 259
1763905621227 0.27361467480659485 260
1763905621322 0.27333441376686096 261
1763905621428 0.27295878529548645 262
1763905621536 0.27281397581100464 263
1763905621637 0.27251696586608887 264
1763905621738 0.27223366498947144 265
1763905621835 0.2719400227069855 266
1763905621931 0.27174073457717896 267
1763905622026 0.2714084982872009 268
1763905622122 0.2711265981197357 269
1763905622218 0.2709933817386627 270
1763905622316 0.27064868807792664 271
1763905622412 0.2703951597213745 272
1763905622508 0.2701287269592285 273
1763905622604 0.2698066532611847 274
1763905622726 0.2694873511791229 275
1763905622827 0.2692512273788452 276
1763905622925 0.26891136169433594 277
1763905623022 0.2685971260070801 278
1763905623116 0.2682870626449585 279
1763905623211 0.2681747078895569 280
1763905623304 0.2677890658378601 281
1763905623398 0.26745516061782837 282
1763905623500 0.26722240447998047 283
1763905623595 0.2670214772224426 284
1763905623689 0.2667383551597595 285
1763905623785 0.26648616790771484 286
1763905623882 0.2662111520767212 287
1763905623977 0.26588839292526245 288
1763905624073 0.2658764719963074 289
1763905624168 0.26570194959640503 290
1763905624263 0.2654811143875122 291
1763905624358 0.26525402069091797 292
1763905624455 0.26497817039489746 293
1763905624548 0.264821857213974 294
1763905624645 0.26445239782333374 295
1763905624741 0.2642507553100586 296
1763905624840 0.2639760971069336 297
1763905624935 0.2639584541320801 298
1763905625031 0.26372650265693665 299
1763905625126 0.2635340094566345 300
1763905625219 0.26334407925605774 301
1763905625312 0.263244092464447 302
1763905625406 0.263092964887619 303
1763905625501 0.26292112469673157 304
1763905625595 0.26278579235076904 305
1763905625690 0.26258209347724915 306
1763905625785 0.26235440373420715 307
1763905625881 0.2620789706707001 308
1763905625977 0.261960506439209 309
1763905626072 0.2617448568344116 310
1763905626166 0.2615545988082886 311
1763905626261 0.26129165291786194 312
1763905626361 0.2610366940498352 313
1763905626465 0.2608306407928467 314
1763905626565 0.2605583667755127 315
1763905626660 0.26030057668685913 316
1763905626755 0.26002752780914307 317
1763905626850 0.2599671185016632 318
1763905626945 0.2597180902957916 319
1763905627040 0.25962385535240173 320
1763905627138 0.25938931107521057 321
1763905627236 0.2592335045337677 322
1763905627334 0.2590801417827606 323
1763905627428 0.25876671075820923 324
1763905627523 0.2585906386375427 325
1763905627618 0.25837886333465576 326
1763905627712 0.25818395614624023 327
1763905627815 0.2580408751964569 328
1763905627913 0.25783854722976685 329
1763905628021 0.2577071189880371 330
1763905628234 0.25753745436668396 331
1763905628337 0.2573714554309845 332
1763905628439 0.25717878341674805 333
1763905628542 0.2569018304347992 334
1763905628641 0.2568080425262451 335
1763905628734 0.25662505626678467 336
1763905628829 0.2564219534397125 337
1763905628925 0.25618627667427063 338
1763905629021 0.2560446262359619 339
1763905629118 0.2559804618358612 340
1763905629217 0.2557840943336487 341
1763905629319 0.2556196451187134 342
1763905629420 0.2553899884223938 343
1763905629520 0.2552716135978699 344
1763905629616 0.255139023065567 345
1763905629710 0.2550188899040222 346
1763905629806 0.2548590302467346 347
1763905629899 0.2547808885574341 348
1763905629994 0.25467249751091003 349
1763905630091 0.2545737326145172 350
1763905630188 0.25434333086013794 351
1763905630284 0.25412270426750183 352
1763905630380 0.2540152668952942 353
1763905630479 0.25385579466819763 354
1763905630575 0.2536191940307617 355
1763905630671 0.2535589039325714 356
1763905630766 0.25340449810028076 357
1763905630862 0.25328528881073 358
1763905630956 0.2530946731567383 359
1763905631054 0.25290873646736145 360
1763905631152 0.25293591618537903 361
1763905631256 0.25273895263671875 362
1763905631374 0.2525586485862732 363
1763905631477 0.25245752930641174 364
1763905631579 0.25227442383766174 365
1763905631679 0.2520802319049835 366
1763905631803 0.25194934010505676 367
1763905631915 0.25172558426856995 368
1763905632017 0.25161445140838623 369
1763905632118 0.2514234185218811 370
1763905632222 0.25129279494285583 371
1763905632320 0.2511625587940216 372
1763905632417 0.2509663999080658 373
1763905632514 0.2507964074611664 374
1763905632612 0.2507401704788208 375
1763905632709 0.25067391991615295 376
1763905632807 0.2504887580871582 377
1763905632906 0.25041663646698 378
1763905633006 0.2501775324344635 379
1763905633106 0.24998213350772858 380
1763905633206 0.24986448884010315 381
1763905633304 0.24965794384479523 382
1763905633399 0.24940486252307892 383
1763905633496 0.24931123852729797 384
1763905633592 0.24916936457157135 385
1763905633688 0.2490517944097519 386
1763905633791 0.2489376813173294 387
1763905633892 0.24873928725719452 388
1763905633991 0.24854399263858795 389
1763905634090 0.24845099449157715 390
1763905634187 0.24836228787899017 391
1763905634283 0.24821092188358307 392
1763905634379 0.2480785995721817 393
1763905634475 0.24792321026325226 394
1763905634572 0.2478206604719162 395
1763905634668 0.24758581817150116 396
1763905634766 0.24740590155124664 397
1763905634868 0.24724580347537994 398
1763905634966 0.24706588685512543 399
1763905635063 0.24690298736095428 400
