1763905596752 1.8569287061691284 0
1763905596846 0.9747642278671265 1
1763905596938 1.3867889642715454 2
1763905597030 1.475040316581726 3
1763905597118 0.7867024540901184 4
1763905597210 1.3874225616455078 5
1763905597302 1.017605185508728 6
1763905597395 0.6146323680877686 7
1763905597489 1.0137698650360107 8
1763905597581 0.6435182690620422 9
1763905597673 0.7679786086082458 10
1763905597765 0.5608370304107666 11
1763905597858 0.5593314170837402 12
1763905597951 1.03269362449646 13
1763905598042 0.4799841046333313 14
1763905598133 0.7005847096443176 15
1763905598224 0.44382748007774353 16
1763905598316 0.23117758333683014 17
1763905598408 0.5761396884918213 18
1763905598499 0.5591257810592651 19
1763905598590 0.36302775144577026 20
1763905598683 0.5769556164741516 21
1763905598776 0.44069159030914307 22
1763905598869 0.6595330834388733 23
1763905598961 0.5009149312973022 24
1763905599052 0.7592875361442566 25
1763905599144 0.34105542302131653 26
1763905599234 0.668153703212738 27
1763905599326 0.2951180338859558 28
1763905599419 0.19103817641735077 29
1763905599513 0.6553671956062317 30
1763905599605 0.7352171540260315 31
1763905599697 0.3841542899608612 32
1763905599790 0.6578856706619263 33
1763905599884 0.7052287459373474 34
1763905599976 0.24740593135356903 35
1763905600069 0.27938514947891235 36
1763905600161 0.19750981032848358 37
1763905600252 0.40649449825286865 38
1763905600344 0.3945382535457611 39
1763905600436 0.0866653323173523 40
1763905600528 0.149583637714386 41
1763905600619 0.20847497880458832 42
1763905600712 0.1964741200208664 43
1763905600807 0.282148540019989 44
1763905600901 0.4447236657142639 45
1763905600996 0.07545217871665955 46
1763905601087 0.3618116080760956 47
1763905601181 0.2045118361711502 48
1763905601273 0.5054865479469299 49
1763905601365 0.48152947425842285 50
1763905601458 0.7274833917617798 51
1763905601551 0.38587814569473267 52
1763905601644 0.36779406666755676 53
1763905601738 0.02381667122244835 54
1763905601831 0.342390775680542 55
1763905601923 0.07529086619615555 56
1763905602015 0.20314759016036987 57
1763905602108 0.09667201340198517 58
1763905602200 0.38439837098121643 59
1763905602292 0.166742205619812 60
1763905602404 0.07716364413499832 61
1763905602498 0.19370251893997192 62
1763905602591 0.08454209566116333 63
1763905602684 0.17770513892173767 64
1763905602775 0.4262196719646454 65
1763905602866 0.14673574268817902 66
1763905602960 0.22554315626621246 67
1763905603054 0.11011417955160141 68
1763905603146 0.044619832187891006 69
1763905603241 0.09899517893791199 70
1763905603334 0.04634736850857735 71
1763905603429 0.11347214132547379 72
1763905603523 0.2098289430141449 73
1763905603615 0.09463486075401306 74
1763905603707 0.16226495802402496 75
1763905603801 0.3358478844165802 76
1763905603897 0.08832314610481262 77
1763905603991 0.3655889928340912 78
1763905604083 0.08983216434717178 79
1763905604177 0.11325635761022568 80
1763905604271 0.19365206360816956 81
1763905604363 0.16544881463050842 82
1763905604455 0.3166871666908264 83
1763905604549 0.2772023379802704 84
1763905604643 0.2395409792661667 85
1763905604735 0.6056433320045471 86
1763905604828 0.0637093111872673 87
1763905604920 0.041954074054956436 88
1763905605010 0.1354847550392151 89
1763905605103 0.1616777628660202 90
1763905605195 0.1322394162416458 91
1763905605288 0.27762284874916077 92
1763905605382 0.17928440868854523 93
1763905605475 0.06696538627147675 94
1763905605568 0.10142762959003448 95
1763905605661 0.13230706751346588 96
1763905605752 0.13572904467582703 97
1763905605846 0.5223302841186523 98
1763905605939 0.3088299334049225 99
1763905606033 0.10423104465007782 100
1763905606126 0.19832579791545868 101
1763905606219 0.23681150376796722 102
1763905606311 0.30464738607406616 103
1763905606403 0.09208622574806213 104
1763905606499 0.01658216491341591 105
1763905606593 0.1258494257926941 106
1763905606686 0.2847214937210083 107
1763905606778 0.26792627573013306 108
1763905606870 0.03820338100194931 109
1763905606964 0.17830224335193634 110
1763905607055 0.46158257126808167 111
1763905607147 0.15218029916286469 112
1763905607239 0.28310462832450867 113
1763905607332 0.019850237295031548 114
1763905607425 0.28161293268203735 115
1763905607518 0.3943309485912323 116
1763905607611 0.07366535812616348 117
1763905607705 0.37138187885284424 118
1763905607802 0.2721102237701416 119
1763905607896 0.10303102433681488 120
1763905607991 0.27991265058517456 121
1763905608089 0.07868394255638123 122
1763905608184 0.22846727073192596 123
1763905608278 0.1608460396528244 124
1763905608372 0.16356569528579712 125
1763905608465 0.1448580026626587 126
1763905608557 0.044024158269166946 127
1763905608650 0.21327459812164307 128
1763905608769 0.08429280668497086 129
1763905608867 0.1363658607006073 130
1763905608964 0.11766286939382553 131
1763905609059 0.6357255578041077 132
1763905609152 0.030875110998749733 133
1763905609244 0.08530966192483902 134
1763905609336 0.042682304978370667 135
1763905609428 0.15209661424160004 136
1763905609521 0.20077303051948547 137
1763905609613 0.05444859340786934 138
1763905609707 0.15357986092567444 139
1763905609801 0.9439261555671692 140
1763905609894 0.13463552296161652 141
1763905609988 0.061306536197662354 142
1763905610078 0.333818256855011 143
1763905610172 0.09910920262336731 144
1763905610264 0.04670781269669533 145
1763905610357 0.04359591007232666 146
1763905610450 0.05416196584701538 147
1763905610548 0.3611147701740265 148
1763905610642 0.03301949426531792 149
1763905610736 0.3877217769622803 150
1763905610828 0.07717929780483246 151
1763905610922 0.13368158042430878 152
1763905611020 0.08397869765758514 153
1763905611116 0.5540830492973328 154
1763905611210 0.13828884065151215 155
1763905611304 0.06979206204414368 156
1763905611398 0.03617231920361519 157
1763905611493 0.09353359788656235 158
1763905611585 0.16162288188934326 159
1763905611678 0.07989513128995895 160
1763905611771 0.16058330237865448 161
1763905611865 0.6331623792648315 162
1763905611960 0.16340258717536926 163
1763905612055 0.15663403272628784 164
1763905612149 0.24078938364982605 165
1763905612243 0.31933340430259705 166
1763905612336 0.1719914972782135 167
1763905612431 0.3301454484462738 168
1763905612524 0.12019750475883484 169
1763905612616 0.16434933245182037 170
1763905612709 0.08908765763044357 171
1763905612802 0.03336073458194733 172
1763905612895 0.08468540012836456 173
1763905612988 0.08971744775772095 174
1763905613077 0.28355956077575684 175
1763905613167 0.4755578637123108 176
1763905613260 0.29710209369659424 177
1763905613353 0.01952468790113926 178
1763905613447 0.27732619643211365 179
1763905613542 0.2930491864681244 180
1763905613639 0.09400542080402374 181
1763905613731 0.20781533420085907 182
1763905613827 0.38906124234199524 183
1763905613923 0.14777934551239014 184
1763905614017 0.7113494277000427 185
1763905614111 0.26153331995010376 186
1763905614205 0.04645567387342453 187
1763905614298 0.0742216482758522 188
1763905614391 0.05531669780611992 189
1763905614486 0.24142572283744812 190
1763905614582 0.09891930222511292 191
1763905614676 0.4004368484020233 192
1763905614770 0.09574748575687408 193
1763905614862 0.4745062589645386 194
1763905614956 0.16273443400859833 195
1763905615049 0.16785013675689697 196
1763905615144 0.491373211145401 197
1763905615238 0.07598764449357986 198
1763905615332 0.2463829517364502 199
1763905615425 0.29197371006011963 200
1763905615522 0.18575648963451385 201
1763905615618 0.16065974533557892 202
1763905615713 0.20193372666835785 203
1763905615812 0.29114383459091187 204
1763905615907 0.0943654403090477 205
1763905616002 0.15649347007274628 206
1763905616096 0.048858001828193665 207
1763905616190 0.12010011076927185 208
1763905616283 0.10213999450206757 209
1763905616378 0.4237839877605438 210
1763905616472 0.10447899997234344 211
1763905616566 0.13014671206474304 212
1763905616661 0.2757672071456909 213
1763905616755 0.06515174359083176 214
1763905616863 0.085306815803051 215
1763905616965 0.09129117429256439 216
1763905617064 0.06443265080451965 217
1763905617163 0.3057103753089905 218
1763905617258 0.32357338070869446 219
1763905617354 0.13050192594528198 220
1763905617448 0.10003651678562164 221
1763905617557 0.1452544778585434 222
1763905617653 0.30275630950927734 223
1763905617750 0.41936802864074707 224
1763905617848 0.33501309156417847 225
1763905617941 0.07059605419635773 226
1763905618034 0.11217410117387772 227
1763905618127 0.18429403007030487 228
1763905618222 0.33167752623558044 229
1763905618318 0.053740061819553375 230
1763905618414 0.1515859067440033 231
1763905618512 0.32146841287612915 232
1763905618608 0.16079893708229065 233
1763905618702 0.08322986960411072 234
1763905618797 0.10098223388195038 235
1763905618890 0.31427139043807983 236
1763905618984 0.03880268707871437 237
1763905619078 0.3058101236820221 238
1763905619173 0.4396009147167206 239
1763905619270 0.4364238381385803 240
1763905619375 0.10031403601169586 241
1763905619480 0.08612562716007233 242
1763905619582 0.15427586436271667 243
1763905619681 0.19292041659355164 244
1763905619780 0.13672877848148346 245
1763905619884 0.16660478711128235 246
1763905619986 0.09905307739973068 247
1763905620083 0.3252640664577484 248
1763905620177 0.08852188289165497 249
1763905620270 0.21606659889221191 250
1763905620365 0.22153553366661072 251
1763905620459 0.3062085807323456 252
1763905620554 0.050646983087062836 253
1763905620650 0.2322501540184021 254
1763905620747 0.2071092426776886 255
1763905620842 0.20836962759494781 256
1763905620939 0.24884480237960815 257
1763905621035 0.14273205399513245 258
1763905621132 0.19023872911930084 259
1763905621227 0.11340197920799255 260
1763905621322 0.44809168577194214 261
1763905621428 0.564911425113678 262
1763905621536 0.026289118453860283 263
1763905621637 0.3350796699523926 264
1763905621738 0.3851228654384613 265
1763905621835 0.15867602825164795 266
1763905621931 0.1332719624042511 267
1763905622026 0.030291981995105743 268
1763905622122 0.2561500668525696 269
1763905622218 0.11681591719388962 270
1763905622316 0.027199646458029747 271
1763905622412 0.21397516131401062 272
1763905622508 0.012343566864728928 273
1763905622604 0.09031353145837784 274
1763905622726 0.4127911627292633 275
1763905622827 0.35303717851638794 276
1763905622925 0.43485116958618164 277
1763905623022 0.08939263969659805 278
1763905623116 0.1949053257703781 279
1763905623211 0.5707509517669678 280
1763905623304 0.30095425248146057 281
1763905623398 0.43075287342071533 282
1763905623500 0.395907461643219 283
1763905623595 0.06895964592695236 284
1763905623689 0.18758435547351837 285
1763905623785 0.16091857850551605 286
1763905623882 0.2717469334602356 287
1763905623977 0.12483573704957962 288
1763905624073 0.252271443605423 289
1763905624168 0.046719640493392944 290
1763905624263 0.2388518750667572 291
1763905624358 0.08651413768529892 292
1763905624455 0.3276773691177368 293
1763905624548 0.41771265864372253 294
1763905624645 0.02183431014418602 295
1763905624741 0.08280926942825317 296
1763905624840 0.28821998834609985 297
1763905624935 0.2264305204153061 298
1763905625031 0.1899891346693039 299
1763905625126 0.24905425310134888 300
1763905625219 0.21787942945957184 301
1763905625312 0.22538267076015472 302
1763905625406 0.021253272891044617 303
1763905625501 0.3044115900993347 304
1763905625595 0.2825750410556793 305
1763905625690 0.20726798474788666 306
1763905625785 0.032689839601516724 307
1763905625881 0.04480210691690445 308
1763905625977 0.20768612623214722 309
1763905626072 0.090162493288517 310
1763905626166 0.26300525665283203 311
1763905626261 0.15820497274398804 312
1763905626361 0.029317177832126617 313
1763905626465 0.3790493309497833 314
1763905626565 0.0824565589427948 315
1763905626660 0.09610886126756668 316
1763905626755 0.09150116890668869 317
1763905626850 0.22872516512870789 318
1763905626945 0.15047641098499298 319
1763905627040 0.3161711096763611 320
1763905627138 0.11941977590322495 321
1763905627236 0.20054517686367035 322
1763905627334 0.3419584035873413 323
1763905627428 0.1263527274131775 324
1763905627523 0.28206825256347656 325
1763905627618 0.06655348092317581 326
1763905627712 0.15749222040176392 327
1763905627815 0.15157321095466614 328
1763905627913 0.1742733269929886 329
1763905628021 0.29625368118286133 330
1763905628234 0.1133742704987526 331
1763905628337 0.18056228756904602 332
1763905628439 0.02643660083413124 333
1763905628542 0.15788479149341583 334
1763905628641 0.7233219146728516 335
1763905628734 0.1386759877204895 336
1763905628829 0.2591591477394104 337
1763905628925 0.17397254705429077 338
1763905629021 0.11327967792749405 339
1763905629118 0.4885639250278473 340
1763905629217 0.11382531374692917 341
1763905629319 0.10860349982976913 342
1763905629420 0.17076678574085236 343
1763905629520 0.1232459768652916 344
1763905629616 0.34613004326820374 345
1763905629710 0.3941151797771454 346
1763905629806 0.30447402596473694 347
1763905629899 0.3457586467266083 348
1763905629994 0.22651760280132294 349
1763905630091 0.25811532139778137 350
1763905630188 0.22345998883247375 351
1763905630284 0.1391332596540451 352
1763905630380 0.4244956076145172 353
1763905630479 0.39728257060050964 354
1763905630575 0.1851152777671814 355
1763905630671 0.1762641817331314 356
1763905630766 0.39449745416641235 357
1763905630862 0.12063415348529816 358
1763905630956 0.12717437744140625 359
1763905631054 0.21564681828022003 360
1763905631152 0.1317998170852661 361
1763905631256 0.15019065141677856 362
1763905631374 0.22574551403522491 363
1763905631477 0.10341274738311768 364
1763905631579 0.19589872658252716 365
1763905631679 0.11229230463504791 366
1763905631803 0.21509099006652832 367
1763905631915 0.08125444501638412 368
1763905632017 0.03934995085000992 369
1763905632118 0.26867881417274475 370
1763905632222 0.3641570210456848 371
1763905632320 0.35361188650131226 372
1763905632417 0.1490655094385147 373
1763905632514 0.14215213060379028 374
1763905632612 0.08317725360393524 375
1763905632709 0.30192452669143677 376
1763905632807 0.04181698337197304 377
1763905632906 0.18642199039459229 378
1763905633006 0.3360744118690491 379
1763905633106 0.0979737639427185 380
1763905633206 0.15621201694011688 381
1763905633304 0.13727834820747375 382
1763905633399 0.34239423274993896 383
1763905633496 0.1587812900543213 384
1763905633592 0.22161570191383362 385
1763905633688 0.08672038465738297 386
1763905633791 0.019089989364147186 387
1763905633892 0.18047292530536652 388
1763905633991 0.11237337440252304 389
1763905634090 0.18598943948745728 390
1763905634187 0.10248774290084839 391
1763905634283 0.12630394101142883 392
1763905634379 0.0692584291100502 393
1763905634475 0.10266141593456268 394
1763905634572 0.10232081264257431 395
1763905634668 0.03901594504714012 396
1763905634766 0.06128707528114319 397
1763905634868 0.20901015400886536 398
1763905634966 0.07366735488176346 399
1763905635063 0.15841339528560638 400
