1763905264252 1.7508059740066528 0
1763905264348 1.5481348037719727 1
1763905264443 1.4106664657592773 2
1763905264537 1.3293216228485107 3
1763905264629 1.2738139629364014 4
1763905264722 1.2182215452194214 5
1763905264816 1.1708742380142212 6
1763905264909 1.1297571659088135 7
1763905265003 1.086301326751709 8
1763905265096 1.0501279830932617 9
1763905265186 1.0253762006759644 10
1763905265278 1.0048805475234985 11
1763905265369 0.977310299873352 12
1763905265455 0.9542924165725708 13
1763905265546 0.9344203472137451 14
1763905265636 0.9171257615089417 15
1763905265727 0.8957130908966064 16
1763905265818 0.878162145614624 17
1763905265908 0.8631916046142578 18
1763905265998 0.848751962184906 19
1763905266090 0.8353090286254883 20
1763905266183 0.8202688694000244 21
1763905266275 0.8081023097038269 22
1763905266366 0.7966252565383911 23
1763905266457 0.785595715045929 24
1763905266548 0.7738655209541321 25
1763905266640 0.7621408700942993 26
1763905266731 0.7519304752349854 27
