1763905264252 2.1083264350891113 0
1763905264348 1.680316686630249 1
1763905264443 1.5034905672073364 2
1763905264537 1.5645506381988525 3
1763905264629 0.8275648951530457 4
1763905264722 0.5294300317764282 5
1763905264816 1.1137146949768066 6
1763905264909 1.2277820110321045 7
1763905265003 0.9642717242240906 8
1763905265096 0.602203369140625 9
1763905265186 1.2588810920715332 10
1763905265278 0.6683587431907654 11
1763905265369 0.7409011721611023 12
1763905265455 0.516706645488739 13
1763905265546 0.6217061877250671 14
1763905265636 0.4691483974456787 15
1763905265727 0.4859938621520996 16
1763905265818 0.44839033484458923 17
1763905265908 0.5456649661064148 18
1763905265998 0.9861941337585449 19
1763905266090 0.4905667304992676 20
1763905266183 0.7970091104507446 21
1763905266275 0.3551557958126068 22
1763905266366 0.5033624172210693 23
1763905266457 0.3553839921951294 24
1763905266548 0.33290594816207886 25
1763905266640 0.4671323299407959 26
1763905266731 0.4584733843803406 27
